day,nominal,S_2_RCP_8.5,S5_4.0
1,0.154,0.154,0.154
2,0.154,0.154,0.154
3,0.154,0.154,0.154
4,0.158,0.158,0.158
5,0.156,0.156,0.156
6,0.156,0.156,0.156
7,0.16,0.16,0.16
8,0.138,0.138,0.138
9,0.15,0.15,0.15
10,0.154,0.154,0.154
11,0.162,0.162,0.162
12,0.172,0.172,0.172
13,0.17,0.17,0.17
14,0.19,0.19,0.19
15,0.23,0.23,0.23
16,0.274,0.274,0.274
17,0.246,0.246,0.246
18,0.24,0.24,0.24
19,0.276,0.276,0.276
20,0.308,0.308,0.308
21,0.248,0.248,0.248
22,0.264,0.264,0.264
23,0.262,0.262,0.262
24,0.304,0.304,0.304
25,0.302,0.302,0.302
26,0.29,0.29,0.29
27,0.246,0.246,0.246
28,0.248,0.248,0.248
29,0.244,0.244,0.244
30,0.222,0.222,0.222
31,0.228,0.228,0.228
32,0.234,0.234,0.234
33,0.238,0.238,0.238
34,0.246,0.246,0.246
35,0.242,0.242,0.242
36,0.248,0.248,0.248
37,0.238,0.238,0.238
38,0.25,0.25,0.25
39,0.248,0.248,0.248
40,0.248,0.248,0.248
41,0.278,0.278,0.278
42,0.268,0.268,0.268
43,0.274,0.274,0.274
44,0.272,0.272,0.272
45,0.276,0.276,0.276
46,0.28,0.28,0.28
47,0.288,0.288,0.288
48,0.302,0.302,0.302
49,0.298,0.298,0.298
50,0.31,0.31,0.31
51,0.312,0.312,0.312
52,0.358,0.358,0.358
53,0.342,0.342,0.342
54,0.338,0.338,0.338
55,0.338,0.338,0.338
56,0.344,0.344,0.344
57,0.342,0.342,0.342
58,0.33,0.33,0.33
59,0.332,0.332,0.332
60,0.342,0.342,0.342
61,0.336,0.336,0.336
62,0.382,0.382,0.382
63,0.368,0.368,0.368
64,0.35,0.35,0.35
65,0.376,0.376,0.376
66,0.406,0.406,0.406
67,0.39,0.39,0.39
68,0.39,0.39,0.39
69,0.372,0.372,0.372
70,0.368,0.368,0.368
71,0.38,0.38,0.38
72,0.368,0.368,0.368
73,0.372,0.372,0.372
74,0.358,0.358,0.358
75,0.366,0.366,0.366
76,0.372,0.372,0.372
77,0.382,0.382,0.382
78,0.388,0.388,0.388
79,0.39,0.39,0.39
80,0.382,0.382,0.382
81,0.386,0.386,0.386
82,0.416,0.416,0.416
83,0.406,0.406,0.406
84,0.406,0.406,0.406
85,0.404,0.404,0.404
86,0.404,0.404,0.404
87,0.402,0.402,0.402
88,0.404,0.404,0.404
89,0.426,0.426,0.426
90,0.422,0.422,0.422
91,0.418,0.418,0.418
92,0.418,0.418,0.418
93,0.412,0.412,0.412
94,0.414,0.414,0.414
95,0.398,0.398,0.398
96,0.388,0.388,0.388
97,0.39,0.39,0.39
98,0.378,0.378,0.378
99,0.374,0.374,0.374
100,0.384,0.384,0.384
101,0.446,0.446,0.446
102,0.432,0.432,0.432
103,0.442,0.442,0.442
104,0.44,0.44,0.44
105,0.432,0.432,0.432
106,0.436,0.436,0.436
107,0.432,0.432,0.432
108,0.43,0.43,0.43
109,0.43,0.43,0.43
110,0.41,0.41,0.41
111,0.422,0.422,0.422
112,0.43,0.43,0.43
113,0.426,0.426,0.426
114,0.42,0.42,0.42
115,0.434,0.434,0.434
116,0.422,0.422,0.422
117,0.428,0.428,0.428
118,0.44,0.44,0.44
119,0.428,0.428,0.428
120,0.428,0.428,0.428
121,0.418,0.418,0.418
122,0.41,0.41,0.41
123,0.416,0.416,0.416
124,0.402,0.402,0.402
125,0.398,0.398,0.398
126,0.394,0.394,0.394
127,0.396,0.396,0.396
128,0.384,0.384,0.384
129,0.378,0.378,0.378
130,0.37,0.37,0.37
131,0.36,0.36,0.36
132,0.35,0.35,0.35
133,0.35,0.35,0.35
134,0.346,0.346,0.346
135,0.342,0.342,0.342
136,0.336,0.336,0.336
137,0.332,0.332,0.332
138,0.326,0.326,0.326
139,0.314,0.314,0.314
140,0.318,0.318,0.318
141,0.312,0.312,0.312
142,0.294,0.294,0.294
143,0.292,0.292,0.292
144,0.294,0.294,0.294
145,0.288,0.288,0.288
146,0.284,0.284,0.284
147,0.292,0.292,0.292
148,0.306,0.306,0.306
149,0.296,0.296,0.296
150,0.282,0.282,0.282
151,0.268,0.268,0.268
152,0.24,0.24,0.24
153,0.224,0.224,0.224
154,0.218,0.218,0.218
155,0.184,0.184,0.184
156,0.182,0.182,0.182
157,0.17,0.17,0.17
158,0.166,0.166,0.166
159,0.152,0.152,0.152
160,0.148,0.148,0.148
161,0.12,0.12,0.12
162,0.116,0.116,0.116
163,0.102,0.102,0.102
164,0.066,0.066,0.066
165,0.042,0.042,0.042
166,0.036,0.036,0.036
167,0.02,0.02,0.02
168,0.018,0.018,0.018
169,0.016,0.016,0.016
170,0.016,0.016,0.016
171,0.01,0.01,0.01
172,0.01,0.01,0.01
173,0.004,0.004,0.004
174,0.004,0.004,0.004
175,0.004,0.004,0.004
176,0.004,0.004,0.004
177,0,0,0
178,0,0,0
179,0,0,0
180,0,0,0
181,0,0,0
182,0,0,0
183,0,0,0
184,0,0,0
185,0,0,0
186,0,0,0
187,0,0,0
188,0,0,0
189,0,0,0
190,0,0,0
191,0,0,0
192,0,0,0
193,0,0,0
194,0,0,0
195,0,0,0
196,0,0,0
197,0,0,0
198,0,0,0
199,0,0,0
200,0,0,0
201,0,0,0
202,0,0,0
203,0,0,0
204,0,0,0
205,0,0,0
206,0,0,0
207,0,0,0
208,0,0,0
209,0,0,0
210,0,0,0
211,0,0,0
212,0,0,0
213,0,0,0
214,0,0,0
215,0,0,0
216,0,0,0
217,0,0,0
218,0,0,0
219,0,0,0
220,0,0,0
221,0,0,0
222,0,0,0
223,0,0,0
224,0,0,0
225,0,0,0
226,0,0,0
227,0.008,0.008,0.008
228,0,0,0
229,0,0,0
230,0,0,0
231,0,0,0
232,0,0,0
233,0,0,0
234,0,0,0
235,0,0,0
236,0,0,0
237,0,0,0
238,0,0,0
239,0,0,0
240,0,0,0
241,0,0,0
242,0,0,0
243,0,0,0
244,0,0,0
245,0,0,0
246,0,0,0
247,0,0,0
248,0,0,0
249,0,0,0
250,0,0,0
251,0,0,0
252,0,0,0
253,0,0,0
254,0,0,0
255,0,0,0
256,0,0,0
257,0.004,0.004,0.004
258,0,0,0
259,0,0,0
260,0,0,0
261,0,0,0
262,0,0,0
263,0,0,0
264,0,0,0
265,0,0,0
266,0,0,0
267,0,0,0
268,0,0,0
269,0.004,0.004,0.004
270,0.01,0.01,0.01
271,0.014,0.014,0.014
272,0.018,0.018,0.018
273,0.02,0.02,0.02
274,0.018,0.018,0.018
275,0.018,0.018,0.018
276,0.052,0.052,0.052
277,0.052,0.052,0.052
278,0.052,0.052,0.052
279,0.046,0.046,0.046
280,0.044,0.044,0.044
281,0.044,0.044,0.044
282,0.05,0.05,0.05
283,0.046,0.046,0.046
284,0.044,0.044,0.044
285,0.038,0.038,0.038
286,0.038,0.038,0.038
287,0.038,0.038,0.038
288,0.048,0.048,0.048
289,0.058,0.058,0.058
290,0.068,0.068,0.068
291,0.058,0.058,0.058
292,0.054,0.054,0.054
293,0.05,0.05,0.05
294,0.072,0.072,0.072
295,0.088,0.088,0.088
296,0.11,0.11,0.11
297,0.098,0.098,0.098
298,0.112,0.112,0.112
299,0.104,0.104,0.104
300,0.134,0.134,0.134
301,0.14,0.14,0.14
302,0.122,0.122,0.122
303,0.118,0.118,0.118
304,0.12,0.12,0.12
305,0.106,0.106,0.106
306,0.072,0.072,0.072
307,0.054,0.054,0.054
308,0.054,0.054,0.054
309,0.12,0.12,0.12
310,0.168,0.168,0.168
311,0.15,0.15,0.15
312,0.128,0.128,0.128
313,0.124,0.124,0.124
314,0.146,0.146,0.146
315,0.146,0.146,0.146
316,0.144,0.144,0.144
317,0.136,0.136,0.136
318,0.132,0.132,0.132
319,0.118,0.118,0.118
320,0.13,0.13,0.13
321,0.106,0.106,0.106
322,0.116,0.116,0.116
323,0.126,0.126,0.126
324,0.12,0.12,0.12
325,0.14,0.14,0.14
326,0.126,0.126,0.126
327,0.122,0.122,0.122
328,0.118,0.118,0.118
329,0.106,0.106,0.106
330,0.118,0.118,0.118
331,0.12,0.12,0.12
332,0.108,0.108,0.108
333,0.124,0.124,0.124
334,0.126,0.126,0.126
335,0.106,0.106,0.106
336,0.098,0.098,0.098
337,0.106,0.106,0.106
338,0.116,0.116,0.116
339,0.116,0.116,0.116
340,0.13,0.13,0.13
341,0.148,0.148,0.148
342,0.154,0.154,0.154
343,0.134,0.134,0.134
344,0.154,0.154,0.154
345,0.132,0.132,0.132
346,0.126,0.126,0.126
347,0.122,0.122,0.122
348,0.134,0.134,0.134
349,0.142,0.142,0.142
350,0.136,0.136,0.136
351,0.122,0.122,0.122
352,0.16,0.16,0.16
353,0.188,0.188,0.188
354,0.154,0.154,0.154
355,0.188,0.188,0.188
356,0.17,0.17,0.17
357,0.174,0.174,0.174
358,0.17,0.17,0.17
359,0.162,0.162,0.162
360,0.158,0.158,0.158
361,0.156,0.156,0.156
362,0.164,0.164,0.164
363,0.16,0.16,0.16
364,0.164,0.164,0.164
365,0.112,0.112,0.112
366,0.154,0.154,0.154
367,0.154,0.154,0.154
368,0.154,0.154,0.154
369,0.158,0.158,0.158
370,0.156,0.156,0.156
371,0.156,0.156,0.156
372,0.16,0.16,0.16
373,0.138,0.138,0.138
374,0.15,0.15,0.15
375,0.154,0.154,0.154
376,0.162,0.162,0.162
377,0.172,0.172,0.172
378,0.17,0.17,0.17
379,0.19,0.19,0.19
380,0.23,0.23,0.23
381,0.274,0.274,0.274
382,0.246,0.246,0.246
383,0.24,0.24,0.24
384,0.276,0.276,0.276
385,0.308,0.308,0.308
386,0.248,0.248,0.248
387,0.264,0.264,0.264
388,0.262,0.262,0.262
389,0.304,0.304,0.304
390,0.302,0.302,0.302
391,0.29,0.29,0.29
392,0.246,0.246,0.246
393,0.248,0.248,0.248
394,0.244,0.244,0.244
395,0.222,0.222,0.222
396,0.228,0.228,0.228
397,0.234,0.234,0.234
398,0.238,0.238,0.238
399,0.246,0.246,0.246
400,0.242,0.242,0.242
401,0.248,0.248,0.248
402,0.238,0.238,0.238
403,0.25,0.25,0.25
404,0.248,0.248,0.248
405,0.248,0.248,0.248
406,0.278,0.278,0.278
407,0.268,0.268,0.268
408,0.274,0.274,0.274
409,0.272,0.272,0.272
410,0.276,0.276,0.276
411,0.28,0.28,0.28
412,0.288,0.288,0.288
413,0.302,0.302,0.302
414,0.298,0.298,0.298
415,0.31,0.31,0.31
416,0.312,0.312,0.312
417,0.358,0.358,0.358
418,0.342,0.342,0.342
419,0.338,0.338,0.338
420,0.338,0.338,0.338
421,0.344,0.344,0.344
422,0.342,0.342,0.342
423,0.33,0.33,0.33
424,0.332,0.332,0.332
425,0.342,0.342,0.342
426,0.336,0.336,0.336
427,0.382,0.382,0.382
428,0.368,0.368,0.368
429,0.35,0.35,0.35
430,0.376,0.376,0.376
431,0.406,0.406,0.406
432,0.39,0.39,0.39
433,0.39,0.39,0.39
434,0.372,0.372,0.372
435,0.368,0.368,0.368
436,0.38,0.38,0.38
437,0.368,0.368,0.368
438,0.372,0.372,0.372
439,0.358,0.358,0.358
440,0.366,0.366,0.366
441,0.372,0.372,0.372
442,0.382,0.382,0.382
443,0.388,0.388,0.388
444,0.39,0.39,0.39
445,0.382,0.382,0.382
446,0.386,0.386,0.386
447,0.416,0.416,0.416
448,0.406,0.406,0.406
449,0.406,0.406,0.406
450,0.404,0.404,0.404
451,0.404,0.404,0.404
452,0.402,0.402,0.402
453,0.404,0.404,0.404
454,0.426,0.426,0.426
455,0.422,0.422,0.422
456,0.418,0.418,0.418
457,0.418,0.418,0.418
458,0.412,0.412,0.412
459,0.414,0.414,0.414
460,0.398,0.398,0.398
461,0.388,0.388,0.388
462,0.39,0.39,0.39
463,0.378,0.378,0.378
464,0.374,0.374,0.374
465,0.384,0.384,0.384
466,0.446,0.446,0.446
467,0.432,0.432,0.432
468,0.442,0.442,0.442
469,0.44,0.44,0.44
470,0.432,0.432,0.432
471,0.436,0.436,0.436
472,0.432,0.432,0.432
473,0.43,0.43,0.43
474,0.43,0.43,0.43
475,0.41,0.41,0.41
476,0.422,0.422,0.422
477,0.43,0.43,0.43
478,0.426,0.426,0.426
479,0.42,0.42,0.42
480,0.434,0.434,0.434
481,0.422,0.422,0.422
482,0.428,0.428,0.428
483,0.44,0.44,0.44
484,0.428,0.428,0.428
485,0.428,0.428,0.428
486,0.418,0.418,0.418
487,0.41,0.41,0.41
488,0.416,0.416,0.416
489,0.402,0.402,0.402
490,0.398,0.398,0.398
491,0.394,0.394,0.394
492,0.396,0.396,0.396
493,0.384,0.384,0.384
494,0.378,0.378,0.378
495,0.37,0.37,0.37
496,0.36,0.36,0.36
497,0.35,0.35,0.35
498,0.35,0.35,0.35
499,0.346,0.346,0.346
500,0.342,0.342,0.342
501,0.336,0.336,0.336
502,0.332,0.332,0.332
503,0.326,0.326,0.326
504,0.314,0.314,0.314
505,0.318,0.318,0.318
506,0.312,0.312,0.312
507,0.294,0.294,0.294
508,0.292,0.292,0.292
509,0.294,0.294,0.294
510,0.288,0.288,0.288
511,0.284,0.284,0.284
512,0.292,0.292,0.292
513,0.306,0.306,0.306
514,0.296,0.296,0.296
515,0.282,0.282,0.282
516,0.268,0.268,0.268
517,0.24,0.24,0.24
518,0.224,0.224,0.224
519,0.218,0.218,0.218
520,0.184,0.184,0.184
521,0.182,0.182,0.182
522,0.17,0.17,0.17
523,0.166,0.166,0.166
524,0.152,0.152,0.152
525,0.148,0.148,0.148
526,0.12,0.12,0.12
527,0.116,0.116,0.116
528,0.102,0.102,0.102
529,0.066,0.066,0.066
530,0.042,0.042,0.042
531,0.036,0.036,0.036
532,0.02,0.02,0.02
533,0.018,0.018,0.018
534,0.016,0.016,0.016
535,0.016,0.016,0.016
536,0.01,0.01,0.01
537,0.01,0.01,0.01
538,0.004,0.004,0.004
539,0.004,0.004,0.004
540,0.004,0.004,0.004
541,0.004,0.004,0.004
542,0,0,0
543,0,0,0
544,0,0,0
545,0,0,0
546,0,0,0
547,0,0,0
548,0,0,0
549,0,0,0
550,0,0,0
551,0,0,0
552,0,0,0
553,0,0,0
554,0,0,0
555,0,0,0
556,0,0,0
557,0,0,0
558,0,0,0
559,0,0,0
560,0,0,0
561,0,0,0
562,0,0,0
563,0,0,0
564,0,0,0
565,0,0,0
566,0,0,0
567,0,0,0
568,0,0,0
569,0,0,0
570,0,0,0
571,0,0,0
572,0,0,0
573,0,0,0
574,0,0,0
575,0,0,0
576,0,0,0
577,0,0,0
578,0,0,0
579,0,0,0
580,0,0,0
581,0,0,0
582,0,0,0
583,0,0,0
584,0,0,0
585,0,0,0
586,0,0,0
587,0,0,0
588,0,0,0
589,0,0,0
590,0,0,0
591,0,0,0
592,0.008,0.008,0.008
593,0,0,0
594,0,0,0
595,0,0,0
596,0,0,0
597,0,0,0
598,0,0,0
599,0,0,0
600,0,0,0
601,0,0,0
602,0,0,0
603,0,0,0
604,0,0,0
605,0,0,0
606,0,0,0
607,0,0,0
608,0,0,0
609,0,0,0
610,0,0,0
611,0,0,0
612,0,0,0
613,0,0,0
614,0,0,0
615,0,0,0
616,0,0,0
617,0,0,0
618,0,0,0
619,0,0,0
620,0,0,0
621,0,0,0
622,0.004,0.004,0.004
623,0,0,0
624,0,0,0
625,0,0,0
626,0,0,0
627,0,0,0
628,0,0,0
629,0,0,0
630,0,0,0
631,0,0,0
632,0,0,0
633,0,0,0
634,0.004,0.004,0.004
635,0.01,0.01,0.01
636,0.014,0.014,0.014
637,0.018,0.018,0.018
638,0.02,0.02,0.02
639,0.018,0.018,0.018
640,0.018,0.018,0.018
641,0.052,0.052,0.052
642,0.052,0.052,0.052
643,0.052,0.052,0.052
644,0.046,0.046,0.046
645,0.044,0.044,0.044
646,0.044,0.044,0.044
647,0.05,0.05,0.05
648,0.046,0.046,0.046
649,0.044,0.044,0.044
650,0.038,0.038,0.038
651,0.038,0.038,0.038
652,0.038,0.038,0.038
653,0.048,0.048,0.048
654,0.058,0.058,0.058
655,0.068,0.068,0.068
656,0.058,0.058,0.058
657,0.054,0.054,0.054
658,0.05,0.05,0.05
659,0.072,0.072,0.072
660,0.088,0.088,0.088
661,0.11,0.11,0.11
662,0.098,0.098,0.098
663,0.112,0.112,0.112
664,0.104,0.104,0.104
665,0.134,0.134,0.134
666,0.14,0.14,0.14
667,0.122,0.122,0.122
668,0.118,0.118,0.118
669,0.12,0.12,0.12
670,0.106,0.106,0.106
671,0.072,0.072,0.072
672,0.054,0.054,0.054
673,0.054,0.054,0.054
674,0.12,0.12,0.12
675,0.168,0.168,0.168
676,0.15,0.15,0.15
677,0.128,0.128,0.128
678,0.124,0.124,0.124
679,0.146,0.146,0.146
680,0.146,0.146,0.146
681,0.144,0.144,0.144
682,0.136,0.136,0.136
683,0.132,0.132,0.132
684,0.118,0.118,0.118
685,0.13,0.13,0.13
686,0.106,0.106,0.106
687,0.116,0.116,0.116
688,0.126,0.126,0.126
689,0.12,0.12,0.12
690,0.14,0.14,0.14
691,0.126,0.126,0.126
692,0.122,0.122,0.122
693,0.118,0.118,0.118
694,0.106,0.106,0.106
695,0.118,0.118,0.118
696,0.12,0.12,0.12
697,0.108,0.108,0.108
698,0.124,0.124,0.124
699,0.126,0.126,0.126
700,0.106,0.106,0.106
701,0.098,0.098,0.098
702,0.106,0.106,0.106
703,0.116,0.116,0.116
704,0.116,0.116,0.116
705,0.13,0.13,0.13
706,0.148,0.148,0.148
707,0.154,0.154,0.154
708,0.134,0.134,0.134
709,0.154,0.154,0.154
710,0.132,0.132,0.132
711,0.126,0.126,0.126
712,0.122,0.122,0.122
713,0.134,0.134,0.134
714,0.142,0.142,0.142
715,0.136,0.136,0.136
716,0.122,0.122,0.122
717,0.16,0.16,0.16
718,0.188,0.188,0.188
719,0.154,0.154,0.154
720,0.188,0.188,0.188
721,0.17,0.17,0.17
722,0.174,0.174,0.174
723,0.17,0.17,0.17
724,0.162,0.162,0.162
725,0.158,0.158,0.158
726,0.156,0.156,0.156
727,0.164,0.164,0.164
728,0.16,0.16,0.16
729,0.164,0.164,0.164
730,0.112,0.112,0.112
731,0.154,0.154,0.154
732,0.154,0.154,0.154
733,0.154,0.154,0.154
734,0.158,0.158,0.158
735,0.156,0.156,0.156
736,0.156,0.156,0.156
737,0.16,0.16,0.16
738,0.138,0.138,0.138
739,0.15,0.15,0.15
740,0.154,0.154,0.154
741,0.162,0.162,0.162
742,0.172,0.172,0.172
743,0.17,0.17,0.17
744,0.19,0.19,0.19
745,0.23,0.23,0.23
746,0.274,0.274,0.274
747,0.246,0.246,0.246
748,0.24,0.24,0.24
749,0.276,0.276,0.276
750,0.308,0.308,0.308
751,0.248,0.248,0.248
752,0.264,0.264,0.264
753,0.262,0.262,0.262
754,0.304,0.304,0.304
755,0.302,0.302,0.302
756,0.29,0.29,0.29
757,0.246,0.246,0.246
758,0.248,0.248,0.248
759,0.244,0.244,0.244
760,0.222,0.222,0.222
761,0.228,0.228,0.228
762,0.234,0.234,0.234
763,0.238,0.238,0.238
764,0.246,0.246,0.246
765,0.242,0.242,0.242
766,0.248,0.248,0.248
767,0.238,0.238,0.238
768,0.25,0.25,0.25
769,0.248,0.248,0.248
770,0.248,0.248,0.248
771,0.278,0.278,0.278
772,0.268,0.268,0.268
773,0.274,0.274,0.274
774,0.272,0.272,0.272
775,0.276,0.276,0.276
776,0.28,0.28,0.28
777,0.288,0.288,0.288
778,0.302,0.302,0.302
779,0.298,0.298,0.298
780,0.31,0.31,0.31
781,0.312,0.312,0.312
782,0.358,0.358,0.358
783,0.342,0.342,0.342
784,0.338,0.338,0.338
785,0.338,0.338,0.338
786,0.344,0.344,0.344
787,0.342,0.342,0.342
788,0.33,0.33,0.33
789,0.332,0.332,0.332
790,0.342,0.342,0.342
791,0.336,0.336,0.336
792,0.382,0.382,0.382
793,0.368,0.368,0.368
794,0.35,0.35,0.35
795,0.376,0.376,0.376
796,0.406,0.406,0.406
797,0.39,0.39,0.39
798,0.39,0.39,0.39
799,0.372,0.372,0.372
800,0.368,0.368,0.368
801,0.38,0.38,0.38
802,0.368,0.368,0.368
803,0.372,0.372,0.372
804,0.358,0.358,0.358
805,0.366,0.366,0.366
806,0.372,0.372,0.372
807,0.382,0.382,0.382
808,0.388,0.388,0.388
809,0.39,0.39,0.39
810,0.382,0.382,0.382
811,0.386,0.386,0.386
812,0.416,0.416,0.416
813,0.406,0.406,0.406
814,0.406,0.406,0.406
815,0.404,0.404,0.404
816,0.404,0.404,0.404
817,0.402,0.402,0.402
818,0.404,0.404,0.404
819,0.426,0.426,0.426
820,0.422,0.422,0.422
821,0.418,0.418,0.418
822,0.418,0.418,0.418
823,0.412,0.412,0.412
824,0.414,0.414,0.414
825,0.398,0.398,0.398
826,0.388,0.388,0.388
827,0.39,0.39,0.39
828,0.378,0.378,0.378
829,0.374,0.374,0.374
830,0.384,0.384,0.384
831,0.446,0.446,0.446
832,0.432,0.432,0.432
833,0.442,0.442,0.442
834,0.44,0.44,0.44
835,0.432,0.432,0.432
836,0.436,0.436,0.436
837,0.432,0.432,0.432
838,0.43,0.43,0.43
839,0.43,0.43,0.43
840,0.41,0.41,0.41
841,0.422,0.422,0.422
842,0.43,0.43,0.43
843,0.426,0.426,0.426
844,0.42,0.42,0.42
845,0.434,0.434,0.434
846,0.422,0.422,0.422
847,0.428,0.428,0.428
848,0.44,0.44,0.44
849,0.428,0.428,0.428
850,0.428,0.428,0.428
851,0.418,0.418,0.418
852,0.41,0.41,0.41
853,0.416,0.416,0.416
854,0.402,0.402,0.402
855,0.398,0.398,0.398
856,0.394,0.394,0.394
857,0.396,0.396,0.396
858,0.384,0.384,0.384
859,0.378,0.378,0.378
860,0.37,0.37,0.37
861,0.36,0.36,0.36
862,0.35,0.35,0.35
863,0.35,0.35,0.35
864,0.346,0.346,0.346
865,0.342,0.342,0.342
866,0.336,0.336,0.336
867,0.332,0.332,0.332
868,0.326,0.326,0.326
869,0.314,0.314,0.314
870,0.318,0.318,0.318
871,0.312,0.312,0.312
872,0.294,0.294,0.294
873,0.292,0.292,0.292
874,0.294,0.294,0.294
875,0.288,0.288,0.288
876,0.284,0.284,0.284
877,0.292,0.292,0.292
878,0.306,0.296,0.296
879,0.296,0.282,0.282
880,0.282,0.268,0.268
881,0.268,0.24,0.24
882,0.24,0.224,0.224
883,0.224,0.218,0.218
884,0.218,0.184,0.184
885,0.184,0.182,0.182
886,0.182,0.17,0.17
887,0.17,0.166,0.166
888,0.166,0.152,0.152
889,0.152,0.148,0.148
890,0.148,0.12,0.12
891,0.12,0.116,0.116
892,0.116,0.102,0.102
893,0.102,0.066,0.066
894,0.066,0.042,0.042
895,0.042,0.036,0.036
896,0.036,0.02,0.02
897,0.02,0.018,0.018
898,0.018,0.016,0.016
899,0.016,0.016,0.016
900,0.016,0.01,0.01
901,0.01,0.01,0.01
902,0.01,0.004,0.004
903,0.004,0.004,0.004
904,0.004,0.004,0.004
905,0.004,0.004,0.004
906,0.004,0,0
907,0,0,0
908,0,0,0
909,0,0,0
910,0,0,0
911,0,0,0
912,0,0,0
913,0,0,0
914,0,0,0
915,0,0,0
916,0,0,0
917,0,0,0
918,0,0,0
919,0,0,0
920,0,0,0
921,0,0,0
922,0,0,0
923,0,0,0
924,0,0,0
925,0,0,0
926,0,0,0
927,0,0,0
928,0,0,0
929,0,0,0
930,0,0,0
931,0,0,0
932,0,0,0
933,0,0,0
934,0,0,0
935,0,0,0
936,0,0,0
937,0,0,0
938,0,0,0
939,0,0,0
940,0,0,0
941,0,0,0
942,0,0,0
943,0,0,0
944,0,0,0
945,0,0,0
946,0,0,0
947,0,0,0
948,0,0,0
949,0,0,0
950,0,0,0
951,0,0,0
952,0,0,0
953,0,0,0
954,0,0,0
955,0,0,0
956,0,0,0
957,0.008,0.008,0.008
958,0,0,0
959,0,0,0
960,0,0,0
961,0,0,0
962,0,0,0
963,0,0,0
964,0,0,0
965,0,0,0
966,0,0,0
967,0,0,0
968,0,0,0
969,0,0,0
970,0,0,0
971,0,0,0
972,0,0,0
973,0,0,0
974,0,0,0
975,0,0,0
976,0,0,0
977,0,0,0
978,0,0,0
979,0,0,0
980,0,0,0
981,0,0,0
982,0,0,0
983,0,0,0
984,0,0,0
985,0,0,0
986,0,0,0
987,0.004,0.004,0.004
988,0,0,0
989,0,0,0
990,0,0,0
991,0,0,0
992,0,0,0
993,0,0,0
994,0,0,0
995,0,0,0
996,0,0,0
997,0,0,0
998,0,0,0
999,0.004,0.004,0.004
1000,0.01,0.01,0.01
1001,0.014,0.014,0.014
1002,0.018,0.018,0.018
1003,0.02,0.02,0.02
1004,0.018,0.018,0.018
1005,0.018,0.018,0.018
1006,0.052,0.052,0.052
1007,0.052,0.052,0.052
1008,0.052,0.052,0.052
1009,0.046,0.046,0.046
1010,0.044,0.044,0.044
1011,0.044,0.044,0.044
1012,0.05,0.05,0.05
1013,0.046,0.046,0.046
1014,0.044,0.044,0.044
1015,0.038,0.038,0.038
1016,0.038,0.038,0.038
1017,0.038,0.038,0.038
1018,0.048,0.048,0.048
1019,0.058,0.058,0.058
1020,0.068,0.068,0.068
1021,0.058,0.058,0.058
1022,0.054,0.054,0.054
1023,0.05,0.05,0.05
1024,0.072,0.072,0.072
1025,0.088,0.088,0.088
1026,0.11,0.11,0.11
1027,0.098,0.098,0.098
1028,0.112,0.112,0.112
1029,0.104,0.104,0.104
1030,0.134,0.134,0.134
1031,0.14,0.14,0.14
1032,0.122,0.122,0.122
1033,0.118,0.118,0.118
1034,0.12,0.12,0.12
1035,0.106,0.106,0.106
1036,0.072,0.072,0.072
1037,0.054,0.054,0.054
1038,0.054,0.054,0.054
1039,0.12,0.12,0.12
1040,0.168,0.168,0.168
1041,0.15,0.15,0.15
1042,0.128,0.128,0.128
1043,0.124,0.124,0.124
1044,0.146,0.146,0.146
1045,0.146,0.146,0.146
1046,0.144,0.144,0.144
1047,0.136,0.136,0.136
1048,0.132,0.132,0.132
1049,0.118,0.118,0.118
1050,0.13,0.13,0.13
1051,0.106,0.106,0.106
1052,0.116,0.116,0.116
1053,0.126,0.126,0.126
1054,0.12,0.12,0.12
1055,0.14,0.14,0.14
1056,0.126,0.126,0.126
1057,0.122,0.122,0.122
1058,0.118,0.118,0.118
1059,0.106,0.106,0.106
1060,0.118,0.118,0.118
1061,0.12,0.12,0.12
1062,0.108,0.108,0.108
1063,0.124,0.124,0.124
1064,0.126,0.126,0.126
1065,0.106,0.106,0.106
1066,0.098,0.098,0.098
1067,0.106,0.106,0.106
1068,0.116,0.116,0.116
1069,0.116,0.116,0.116
1070,0.13,0.13,0.13
1071,0.148,0.148,0.148
1072,0.154,0.154,0.154
1073,0.134,0.134,0.134
1074,0.154,0.154,0.154
1075,0.132,0.132,0.132
1076,0.126,0.126,0.126
1077,0.122,0.122,0.122
1078,0.134,0.134,0.134
1079,0.142,0.142,0.142
1080,0.136,0.136,0.136
1081,0.122,0.122,0.122
1082,0.16,0.16,0.16
1083,0.188,0.188,0.188
1084,0.154,0.154,0.154
1085,0.188,0.188,0.188
1086,0.17,0.17,0.17
1087,0.174,0.174,0.174
1088,0.17,0.17,0.17
1089,0.162,0.162,0.162
1090,0.158,0.158,0.158
1091,0.156,0.156,0.156
1092,0.164,0.164,0.164
1093,0.16,0.16,0.16
1094,0.164,0.164,0.164
1095,0.112,0.112,0.112
1096,0.154,0.154,0.154
1097,0.154,0.154,0.154
1098,0.154,0.154,0.154
1099,0.158,0.158,0.158
1100,0.156,0.156,0.156
1101,0.156,0.156,0.156
1102,0.16,0.16,0.16
1103,0.138,0.138,0.138
1104,0.15,0.15,0.15
1105,0.154,0.154,0.154
1106,0.162,0.162,0.162
1107,0.172,0.172,0.172
1108,0.17,0.17,0.17
1109,0.19,0.19,0.19
1110,0.23,0.23,0.23
1111,0.274,0.274,0.274
1112,0.246,0.246,0.246
1113,0.24,0.24,0.24
1114,0.276,0.276,0.276
1115,0.308,0.308,0.308
1116,0.248,0.248,0.248
1117,0.264,0.264,0.264
1118,0.262,0.262,0.262
1119,0.304,0.304,0.304
1120,0.302,0.302,0.302
1121,0.29,0.29,0.29
1122,0.246,0.246,0.246
1123,0.248,0.248,0.248
1124,0.244,0.244,0.244
1125,0.222,0.222,0.222
1126,0.228,0.228,0.228
1127,0.234,0.234,0.234
1128,0.238,0.238,0.238
1129,0.246,0.246,0.246
1130,0.242,0.242,0.242
1131,0.248,0.248,0.248
1132,0.238,0.238,0.238
1133,0.25,0.25,0.25
1134,0.248,0.248,0.248
1135,0.248,0.248,0.248
1136,0.278,0.278,0.278
1137,0.268,0.268,0.268
1138,0.274,0.274,0.274
1139,0.272,0.272,0.272
1140,0.276,0.276,0.276
1141,0.28,0.28,0.28
1142,0.288,0.288,0.288
1143,0.302,0.302,0.302
1144,0.298,0.298,0.298
1145,0.31,0.31,0.31
1146,0.312,0.312,0.312
1147,0.358,0.358,0.358
1148,0.342,0.342,0.342
1149,0.338,0.338,0.338
1150,0.338,0.338,0.338
1151,0.344,0.344,0.344
1152,0.342,0.342,0.342
1153,0.33,0.33,0.33
1154,0.332,0.332,0.332
1155,0.342,0.342,0.342
1156,0.336,0.336,0.336
1157,0.382,0.382,0.382
1158,0.368,0.368,0.368
1159,0.35,0.35,0.35
1160,0.376,0.376,0.376
1161,0.406,0.406,0.406
1162,0.39,0.39,0.39
1163,0.39,0.39,0.39
1164,0.372,0.372,0.372
1165,0.368,0.368,0.368
1166,0.38,0.38,0.38
1167,0.368,0.368,0.368
1168,0.372,0.372,0.372
1169,0.358,0.358,0.358
1170,0.366,0.366,0.366
1171,0.372,0.372,0.372
1172,0.382,0.382,0.382
1173,0.388,0.388,0.388
1174,0.39,0.39,0.39
1175,0.382,0.382,0.382
1176,0.386,0.386,0.386
1177,0.416,0.416,0.416
1178,0.406,0.406,0.406
1179,0.406,0.406,0.406
1180,0.404,0.404,0.404
1181,0.404,0.404,0.404
1182,0.402,0.402,0.402
1183,0.404,0.404,0.404
1184,0.426,0.426,0.426
1185,0.422,0.422,0.422
1186,0.418,0.418,0.418
1187,0.418,0.418,0.418
1188,0.412,0.412,0.412
1189,0.414,0.414,0.414
1190,0.398,0.398,0.398
1191,0.388,0.388,0.388
1192,0.39,0.39,0.39
1193,0.378,0.378,0.378
1194,0.374,0.374,0.374
1195,0.384,0.384,0.384
1196,0.446,0.446,0.446
1197,0.432,0.432,0.432
1198,0.442,0.442,0.442
1199,0.44,0.44,0.44
1200,0.432,0.432,0.432
1201,0.436,0.436,0.436
1202,0.432,0.432,0.432
1203,0.43,0.43,0.43
1204,0.43,0.43,0.43
1205,0.41,0.41,0.41
1206,0.422,0.422,0.422
1207,0.43,0.43,0.43
1208,0.426,0.426,0.426
1209,0.42,0.42,0.42
1210,0.434,0.434,0.434
1211,0.422,0.422,0.422
1212,0.428,0.428,0.428
1213,0.44,0.44,0.44
1214,0.428,0.428,0.428
1215,0.428,0.428,0.428
1216,0.418,0.418,0.418
1217,0.41,0.41,0.41
1218,0.416,0.416,0.416
1219,0.402,0.402,0.402
1220,0.398,0.398,0.398
1221,0.394,0.394,0.394
1222,0.396,0.396,0.396
1223,0.384,0.384,0.384
1224,0.378,0.378,0.378
1225,0.37,0.37,0.37
1226,0.36,0.36,0.36
1227,0.35,0.35,0.35
1228,0.35,0.35,0.35
1229,0.346,0.346,0.346
1230,0.342,0.342,0.342
1231,0.336,0.336,0.336
1232,0.332,0.332,0.332
1233,0.326,0.326,0.326
1234,0.314,0.314,0.314
1235,0.318,0.318,0.318
1236,0.312,0.312,0.312
1237,0.294,0.294,0.294
1238,0.292,0.292,0.292
1239,0.294,0.294,0.294
1240,0.288,0.288,0.288
1241,0.284,0.284,0.284
1242,0.292,0.292,0.292
1243,0.306,0.296,0.296
1244,0.296,0.282,0.282
1245,0.282,0.268,0.268
1246,0.268,0.24,0.24
1247,0.24,0.224,0.224
1248,0.224,0.218,0.218
1249,0.218,0.184,0.184
1250,0.184,0.182,0.182
1251,0.182,0.17,0.17
1252,0.17,0.166,0.166
1253,0.166,0.152,0.152
1254,0.152,0.148,0.148
1255,0.148,0.12,0.12
1256,0.12,0.116,0.116
1257,0.116,0.102,0.102
1258,0.102,0.066,0.066
1259,0.066,0.042,0.042
1260,0.042,0.036,0.036
1261,0.036,0.02,0.02
1262,0.02,0.018,0.018
1263,0.018,0.016,0.016
1264,0.016,0.016,0.016
1265,0.016,0.01,0.01
1266,0.01,0.01,0.01
1267,0.01,0.004,0.004
1268,0.004,0.004,0.004
1269,0.004,0.004,0.004
1270,0.004,0.004,0.004
1271,0.004,0,0
1272,0,0,0
1273,0,0,0
1274,0,0,0
1275,0,0,0
1276,0,0,0
1277,0,0,0
1278,0,0,0
1279,0,0,0
1280,0,0,0
1281,0,0,0
1282,0,0,0
1283,0,0,0
1284,0,0,0
1285,0,0,0
1286,0,0,0
1287,0,0,0
1288,0,0,0
1289,0,0,0
1290,0,0,0
1291,0,0,0
1292,0,0,0
1293,0,0,0
1294,0,0,0
1295,0,0,0
1296,0,0,0
1297,0,0,0
1298,0,0,0
1299,0,0,0
1300,0,0,0
1301,0,0,0
1302,0,0,0
1303,0,0,0
1304,0,0,0
1305,0,0,0
1306,0,0,0
1307,0,0,0
1308,0,0,0
1309,0,0,0
1310,0,0,0
1311,0,0,0
1312,0,0,0
1313,0,0,0
1314,0,0,0
1315,0,0,0
1316,0,0,0
1317,0,0,0
1318,0,0,0
1319,0,0,0
1320,0,0,0
1321,0,0,0
1322,0.008,0.008,0.008
1323,0,0,0
1324,0,0,0
1325,0,0,0
1326,0,0,0
1327,0,0,0
1328,0,0,0
1329,0,0,0
1330,0,0,0
1331,0,0,0
1332,0,0,0
1333,0,0,0
1334,0,0,0
1335,0,0,0
1336,0,0,0
1337,0,0,0
1338,0,0,0
1339,0,0,0
1340,0,0,0
1341,0,0,0
1342,0,0,0
1343,0,0,0
1344,0,0,0
1345,0,0,0
1346,0,0,0
1347,0,0,0
1348,0,0,0
1349,0,0,0
1350,0,0,0
1351,0,0,0
1352,0.004,0.004,0.004
1353,0,0,0
1354,0,0,0
1355,0,0,0
1356,0,0,0
1357,0,0,0
1358,0,0,0
1359,0,0,0
1360,0,0,0
1361,0,0,0
1362,0,0,0
1363,0,0,0
1364,0.004,0.004,0.004
1365,0.01,0.01,0.01
1366,0.014,0.014,0.014
1367,0.018,0.018,0.018
1368,0.02,0.02,0.02
1369,0.018,0.018,0.018
1370,0.018,0.018,0.018
1371,0.052,0.052,0.052
1372,0.052,0.052,0.052
1373,0.052,0.052,0.052
1374,0.046,0.046,0.046
1375,0.044,0.044,0.044
1376,0.044,0.044,0.044
1377,0.05,0.05,0.05
1378,0.046,0.046,0.046
1379,0.044,0.044,0.044
1380,0.038,0.038,0.038
1381,0.038,0.038,0.038
1382,0.038,0.038,0.038
1383,0.048,0.048,0.048
1384,0.058,0.058,0.058
1385,0.068,0.068,0.068
1386,0.058,0.058,0.058
1387,0.054,0.054,0.054
1388,0.05,0.05,0.05
1389,0.072,0.072,0.072
1390,0.088,0.088,0.088
1391,0.11,0.11,0.11
1392,0.098,0.098,0.098
1393,0.112,0.112,0.112
1394,0.104,0.104,0.104
1395,0.134,0.134,0.134
1396,0.14,0.14,0.14
1397,0.122,0.122,0.122
1398,0.118,0.118,0.118
1399,0.12,0.12,0.12
1400,0.106,0.106,0.106
1401,0.072,0.072,0.072
1402,0.054,0.054,0.054
1403,0.054,0.054,0.054
1404,0.12,0.12,0.12
1405,0.168,0.168,0.168
1406,0.15,0.15,0.15
1407,0.128,0.128,0.128
1408,0.124,0.124,0.124
1409,0.146,0.146,0.146
1410,0.146,0.146,0.146
1411,0.144,0.144,0.144
1412,0.136,0.136,0.136
1413,0.132,0.132,0.132
1414,0.118,0.118,0.118
1415,0.13,0.13,0.13
1416,0.106,0.106,0.106
1417,0.116,0.116,0.116
1418,0.126,0.126,0.126
1419,0.12,0.12,0.12
1420,0.14,0.14,0.14
1421,0.126,0.126,0.126
1422,0.122,0.122,0.122
1423,0.118,0.118,0.118
1424,0.106,0.106,0.106
1425,0.118,0.118,0.118
1426,0.12,0.12,0.12
1427,0.108,0.108,0.108
1428,0.124,0.124,0.124
1429,0.126,0.126,0.126
1430,0.106,0.106,0.106
1431,0.098,0.098,0.098
1432,0.106,0.106,0.106
1433,0.116,0.116,0.116
1434,0.116,0.116,0.116
1435,0.13,0.13,0.13
1436,0.148,0.148,0.148
1437,0.154,0.154,0.154
1438,0.134,0.134,0.134
1439,0.154,0.154,0.154
1440,0.132,0.132,0.132
1441,0.126,0.126,0.126
1442,0.122,0.122,0.122
1443,0.134,0.134,0.134
1444,0.142,0.142,0.142
1445,0.136,0.136,0.136
1446,0.122,0.122,0.122
1447,0.16,0.16,0.16
1448,0.188,0.188,0.188
1449,0.154,0.154,0.154
1450,0.188,0.188,0.188
1451,0.17,0.17,0.17
1452,0.174,0.174,0.174
1453,0.17,0.17,0.17
1454,0.162,0.162,0.162
1455,0.158,0.158,0.158
1456,0.156,0.156,0.156
1457,0.164,0.164,0.164
1458,0.16,0.16,0.16
1459,0.164,0.164,0.164
1460,0.112,0.112,0.112
1461,0.154,0.154,0.154
1462,0.154,0.154,0.154
1463,0.154,0.154,0.154
1464,0.158,0.158,0.158
1465,0.156,0.156,0.156
1466,0.156,0.156,0.156
1467,0.16,0.16,0.16
1468,0.138,0.138,0.138
1469,0.15,0.15,0.15
1470,0.154,0.154,0.154
1471,0.162,0.162,0.162
1472,0.172,0.172,0.172
1473,0.17,0.17,0.17
1474,0.19,0.19,0.19
1475,0.23,0.23,0.23
1476,0.274,0.274,0.274
1477,0.246,0.246,0.246
1478,0.24,0.24,0.24
1479,0.276,0.276,0.276
1480,0.308,0.308,0.308
1481,0.248,0.248,0.248
1482,0.264,0.264,0.264
1483,0.262,0.262,0.262
1484,0.304,0.304,0.304
1485,0.302,0.302,0.302
1486,0.29,0.29,0.29
1487,0.246,0.246,0.246
1488,0.248,0.248,0.248
1489,0.244,0.244,0.244
1490,0.222,0.222,0.222
1491,0.228,0.228,0.228
1492,0.234,0.234,0.234
1493,0.238,0.238,0.238
1494,0.246,0.246,0.246
1495,0.242,0.242,0.242
1496,0.248,0.248,0.248
1497,0.238,0.238,0.238
1498,0.25,0.25,0.25
1499,0.248,0.248,0.248
1500,0.248,0.248,0.248
1501,0.278,0.278,0.278
1502,0.268,0.268,0.268
1503,0.274,0.274,0.274
1504,0.272,0.272,0.272
1505,0.276,0.276,0.276
1506,0.28,0.28,0.28
1507,0.288,0.288,0.288
1508,0.302,0.302,0.302
1509,0.298,0.298,0.298
1510,0.31,0.31,0.31
1511,0.312,0.312,0.312
1512,0.358,0.358,0.358
1513,0.342,0.342,0.342
1514,0.338,0.338,0.338
1515,0.338,0.338,0.338
1516,0.344,0.344,0.344
1517,0.342,0.342,0.342
1518,0.33,0.33,0.33
1519,0.332,0.332,0.332
1520,0.342,0.342,0.342
1521,0.336,0.336,0.336
1522,0.382,0.382,0.382
1523,0.368,0.368,0.368
1524,0.35,0.35,0.35
1525,0.376,0.376,0.376
1526,0.406,0.406,0.406
1527,0.39,0.39,0.39
1528,0.39,0.39,0.39
1529,0.372,0.372,0.372
1530,0.368,0.368,0.368
1531,0.38,0.38,0.38
1532,0.368,0.368,0.368
1533,0.372,0.372,0.372
1534,0.358,0.358,0.358
1535,0.366,0.366,0.366
1536,0.372,0.372,0.372
1537,0.382,0.382,0.382
1538,0.388,0.388,0.388
1539,0.39,0.39,0.39
1540,0.382,0.382,0.382
1541,0.386,0.386,0.386
1542,0.416,0.416,0.416
1543,0.406,0.406,0.406
1544,0.406,0.406,0.406
1545,0.404,0.404,0.404
1546,0.404,0.404,0.404
1547,0.402,0.402,0.402
1548,0.404,0.404,0.404
1549,0.426,0.426,0.426
1550,0.422,0.422,0.422
1551,0.418,0.418,0.418
1552,0.418,0.418,0.418
1553,0.412,0.412,0.412
1554,0.414,0.414,0.414
1555,0.398,0.398,0.398
1556,0.388,0.388,0.388
1557,0.39,0.39,0.39
1558,0.378,0.378,0.378
1559,0.374,0.374,0.374
1560,0.384,0.384,0.384
1561,0.446,0.446,0.446
1562,0.432,0.432,0.432
1563,0.442,0.442,0.442
1564,0.44,0.44,0.44
1565,0.432,0.432,0.432
1566,0.436,0.436,0.436
1567,0.432,0.432,0.432
1568,0.43,0.43,0.43
1569,0.43,0.43,0.43
1570,0.41,0.41,0.41
1571,0.422,0.422,0.422
1572,0.43,0.43,0.43
1573,0.426,0.426,0.426
1574,0.42,0.42,0.42
1575,0.434,0.434,0.434
1576,0.422,0.422,0.422
1577,0.428,0.428,0.428
1578,0.44,0.44,0.44
1579,0.428,0.428,0.428
1580,0.428,0.428,0.428
1581,0.418,0.418,0.418
1582,0.41,0.41,0.41
1583,0.416,0.416,0.416
1584,0.402,0.402,0.402
1585,0.398,0.398,0.398
1586,0.394,0.394,0.394
1587,0.396,0.396,0.396
1588,0.384,0.384,0.384
1589,0.378,0.378,0.378
1590,0.37,0.37,0.37
1591,0.36,0.36,0.36
1592,0.35,0.35,0.35
1593,0.35,0.35,0.35
1594,0.346,0.346,0.346
1595,0.342,0.342,0.342
1596,0.336,0.336,0.336
1597,0.332,0.332,0.332
1598,0.326,0.326,0.326
1599,0.314,0.314,0.314
1600,0.318,0.318,0.318
1601,0.312,0.312,0.312
1602,0.294,0.294,0.294
1603,0.292,0.292,0.292
1604,0.294,0.294,0.294
1605,0.288,0.288,0.288
1606,0.284,0.284,0.284
1607,0.292,0.296,0.296
1608,0.306,0.282,0.282
1609,0.296,0.268,0.268
1610,0.282,0.24,0.24
1611,0.268,0.224,0.224
1612,0.24,0.218,0.218
1613,0.224,0.184,0.184
1614,0.218,0.182,0.182
1615,0.184,0.17,0.17
1616,0.182,0.166,0.166
1617,0.17,0.152,0.152
1618,0.166,0.148,0.148
1619,0.152,0.12,0.12
1620,0.148,0.116,0.116
1621,0.12,0.102,0.102
1622,0.116,0.066,0.066
1623,0.102,0.042,0.042
1624,0.066,0.036,0.036
1625,0.042,0.02,0.02
1626,0.036,0.018,0.018
1627,0.02,0.016,0.016
1628,0.018,0.016,0.016
1629,0.016,0.01,0.01
1630,0.016,0.01,0.01
1631,0.01,0.004,0.004
1632,0.01,0.004,0.004
1633,0.004,0.004,0.004
1634,0.004,0.004,0.004
1635,0.004,0,0
1636,0.004,0,0
1637,0,0,0
1638,0,0,0
1639,0,0,0
1640,0,0,0
1641,0,0,0
1642,0,0,0
1643,0,0,0
1644,0,0,0
1645,0,0,0
1646,0,0,0
1647,0,0,0
1648,0,0,0
1649,0,0,0
1650,0,0,0
1651,0,0,0
1652,0,0,0
1653,0,0,0
1654,0,0,0
1655,0,0,0
1656,0,0,0
1657,0,0,0
1658,0,0,0
1659,0,0,0
1660,0,0,0
1661,0,0,0
1662,0,0,0
1663,0,0,0
1664,0,0,0
1665,0,0,0
1666,0,0,0
1667,0,0,0
1668,0,0,0
1669,0,0,0
1670,0,0,0
1671,0,0,0
1672,0,0,0
1673,0,0,0
1674,0,0,0
1675,0,0,0
1676,0,0,0
1677,0,0,0
1678,0,0,0
1679,0,0,0
1680,0,0,0
1681,0,0,0
1682,0,0,0
1683,0,0,0
1684,0,0,0
1685,0,0,0
1686,0,0,0
1687,0.008,0.008,0.008
1688,0,0,0
1689,0,0,0
1690,0,0,0
1691,0,0,0
1692,0,0,0
1693,0,0,0
1694,0,0,0
1695,0,0,0
1696,0,0,0
1697,0,0,0
1698,0,0,0
1699,0,0,0
1700,0,0,0
1701,0,0,0
1702,0,0,0
1703,0,0,0
1704,0,0,0
1705,0,0,0
1706,0,0,0
1707,0,0,0
1708,0,0,0
1709,0,0,0
1710,0,0,0
1711,0,0,0
1712,0,0,0
1713,0,0,0
1714,0,0,0
1715,0,0,0
1716,0,0,0
1717,0.004,0.004,0.004
1718,0,0,0
1719,0,0,0
1720,0,0,0
1721,0,0,0
1722,0,0,0
1723,0,0,0
1724,0,0,0
1725,0,0,0
1726,0,0,0
1727,0,0,0
1728,0,0,0
1729,0.004,0.004,0.004
1730,0.01,0.01,0.01
1731,0.014,0.014,0.014
1732,0.018,0.018,0.018
1733,0.02,0.02,0.02
1734,0.018,0.018,0.018
1735,0.018,0.018,0.018
1736,0.052,0.052,0.052
1737,0.052,0.052,0.052
1738,0.052,0.052,0.052
1739,0.046,0.046,0.046
1740,0.044,0.044,0.044
1741,0.044,0.044,0.044
1742,0.05,0.05,0.05
1743,0.046,0.046,0.046
1744,0.044,0.044,0.044
1745,0.038,0.038,0.038
1746,0.038,0.038,0.038
1747,0.038,0.038,0.038
1748,0.048,0.048,0.048
1749,0.058,0.058,0.058
1750,0.068,0.068,0.068
1751,0.058,0.058,0.058
1752,0.054,0.054,0.054
1753,0.05,0.05,0.05
1754,0.072,0.072,0.072
1755,0.088,0.088,0.088
1756,0.11,0.11,0.11
1757,0.098,0.098,0.098
1758,0.112,0.112,0.112
1759,0.104,0.104,0.104
1760,0.134,0.134,0.134
1761,0.14,0.14,0.14
1762,0.122,0.122,0.122
1763,0.118,0.118,0.118
1764,0.12,0.12,0.12
1765,0.106,0.106,0.106
1766,0.072,0.072,0.072
1767,0.054,0.054,0.054
1768,0.054,0.054,0.054
1769,0.12,0.12,0.12
1770,0.168,0.168,0.168
1771,0.15,0.15,0.15
1772,0.128,0.128,0.128
1773,0.124,0.124,0.124
1774,0.146,0.146,0.146
1775,0.146,0.146,0.146
1776,0.144,0.144,0.144
1777,0.136,0.136,0.136
1778,0.132,0.132,0.132
1779,0.118,0.118,0.118
1780,0.13,0.13,0.13
1781,0.106,0.106,0.106
1782,0.116,0.116,0.116
1783,0.126,0.126,0.126
1784,0.12,0.12,0.12
1785,0.14,0.14,0.14
1786,0.126,0.126,0.126
1787,0.122,0.122,0.122
1788,0.118,0.118,0.118
1789,0.106,0.106,0.106
1790,0.118,0.118,0.118
1791,0.12,0.12,0.12
1792,0.108,0.108,0.108
1793,0.124,0.124,0.124
1794,0.126,0.126,0.126
1795,0.106,0.106,0.106
1796,0.098,0.098,0.098
1797,0.106,0.106,0.106
1798,0.116,0.116,0.116
1799,0.116,0.116,0.116
1800,0.13,0.13,0.13
1801,0.148,0.148,0.148
1802,0.154,0.154,0.154
1803,0.134,0.134,0.134
1804,0.154,0.154,0.154
1805,0.132,0.132,0.132
1806,0.126,0.126,0.126
1807,0.122,0.122,0.122
1808,0.134,0.134,0.134
1809,0.142,0.142,0.142
1810,0.136,0.136,0.136
1811,0.122,0.122,0.122
1812,0.16,0.16,0.16
1813,0.188,0.188,0.188
1814,0.154,0.154,0.154
1815,0.188,0.188,0.188
1816,0.17,0.17,0.17
1817,0.174,0.174,0.174
1818,0.17,0.17,0.17
1819,0.162,0.162,0.162
1820,0.158,0.158,0.158
1821,0.156,0.156,0.156
1822,0.164,0.164,0.164
1823,0.16,0.16,0.16
1824,0.164,0.164,0.164
1825,0.112,0.112,0.112
1826,0.154,0.154,0.154
1827,0.154,0.154,0.154
1828,0.154,0.154,0.154
1829,0.158,0.158,0.158
1830,0.156,0.156,0.156
1831,0.156,0.156,0.156
1832,0.16,0.16,0.16
1833,0.138,0.138,0.138
1834,0.15,0.15,0.15
1835,0.154,0.154,0.154
1836,0.162,0.162,0.162
1837,0.172,0.172,0.172
1838,0.17,0.17,0.17
1839,0.19,0.19,0.19
1840,0.23,0.23,0.23
1841,0.274,0.274,0.274
1842,0.246,0.246,0.246
1843,0.24,0.24,0.24
1844,0.276,0.276,0.276
1845,0.308,0.308,0.308
1846,0.248,0.248,0.248
1847,0.264,0.264,0.264
1848,0.262,0.262,0.262
1849,0.304,0.304,0.304
1850,0.302,0.302,0.302
1851,0.29,0.29,0.29
1852,0.246,0.246,0.246
1853,0.248,0.248,0.248
1854,0.244,0.244,0.244
1855,0.222,0.222,0.222
1856,0.228,0.228,0.228
1857,0.234,0.234,0.234
1858,0.238,0.238,0.238
1859,0.246,0.246,0.246
1860,0.242,0.242,0.242
1861,0.248,0.248,0.248
1862,0.238,0.238,0.238
1863,0.25,0.25,0.25
1864,0.248,0.248,0.248
1865,0.248,0.248,0.248
1866,0.278,0.278,0.278
1867,0.268,0.268,0.268
1868,0.274,0.274,0.274
1869,0.272,0.272,0.272
1870,0.276,0.276,0.276
1871,0.28,0.28,0.28
1872,0.288,0.288,0.288
1873,0.302,0.302,0.302
1874,0.298,0.298,0.298
1875,0.31,0.31,0.31
1876,0.312,0.312,0.312
1877,0.358,0.358,0.358
1878,0.342,0.342,0.342
1879,0.338,0.338,0.338
1880,0.338,0.338,0.338
1881,0.344,0.344,0.344
1882,0.342,0.342,0.342
1883,0.33,0.33,0.33
1884,0.332,0.332,0.332
1885,0.342,0.342,0.342
1886,0.336,0.336,0.336
1887,0.382,0.382,0.382
1888,0.368,0.368,0.368
1889,0.35,0.35,0.35
1890,0.376,0.376,0.376
1891,0.406,0.406,0.406
1892,0.39,0.39,0.39
1893,0.39,0.39,0.39
1894,0.372,0.372,0.372
1895,0.368,0.368,0.368
1896,0.38,0.38,0.38
1897,0.368,0.368,0.368
1898,0.372,0.372,0.372
1899,0.358,0.358,0.358
1900,0.366,0.366,0.366
1901,0.372,0.372,0.372
1902,0.382,0.382,0.382
1903,0.388,0.388,0.388
1904,0.39,0.39,0.39
1905,0.382,0.382,0.382
1906,0.386,0.386,0.386
1907,0.416,0.416,0.416
1908,0.406,0.406,0.406
1909,0.406,0.406,0.406
1910,0.404,0.404,0.404
1911,0.404,0.404,0.404
1912,0.402,0.402,0.402
1913,0.404,0.404,0.404
1914,0.426,0.426,0.426
1915,0.422,0.422,0.422
1916,0.418,0.418,0.418
1917,0.418,0.418,0.418
1918,0.412,0.412,0.412
1919,0.414,0.414,0.414
1920,0.398,0.398,0.398
1921,0.388,0.388,0.388
1922,0.39,0.39,0.39
1923,0.378,0.378,0.378
1924,0.374,0.374,0.374
1925,0.384,0.384,0.384
1926,0.446,0.446,0.446
1927,0.432,0.432,0.432
1928,0.442,0.442,0.442
1929,0.44,0.44,0.44
1930,0.432,0.432,0.432
1931,0.436,0.436,0.436
1932,0.432,0.432,0.432
1933,0.43,0.43,0.43
1934,0.43,0.43,0.43
1935,0.41,0.41,0.41
1936,0.422,0.422,0.422
1937,0.43,0.43,0.43
1938,0.426,0.426,0.426
1939,0.42,0.42,0.42
1940,0.434,0.434,0.434
1941,0.422,0.422,0.422
1942,0.428,0.428,0.428
1943,0.44,0.44,0.44
1944,0.428,0.428,0.428
1945,0.428,0.428,0.428
1946,0.418,0.418,0.418
1947,0.41,0.41,0.41
1948,0.416,0.416,0.416
1949,0.402,0.402,0.402
1950,0.398,0.398,0.398
1951,0.394,0.394,0.394
1952,0.396,0.396,0.396
1953,0.384,0.384,0.384
1954,0.378,0.378,0.378
1955,0.37,0.37,0.37
1956,0.36,0.36,0.36
1957,0.35,0.35,0.35
1958,0.35,0.35,0.35
1959,0.346,0.346,0.346
1960,0.342,0.342,0.342
1961,0.336,0.336,0.336
1962,0.332,0.332,0.332
1963,0.326,0.326,0.326
1964,0.314,0.314,0.314
1965,0.318,0.318,0.318
1966,0.312,0.312,0.312
1967,0.294,0.294,0.294
1968,0.292,0.292,0.292
1969,0.294,0.294,0.294
1970,0.288,0.288,0.288
1971,0.284,0.284,0.284
1972,0.292,0.296,0.296
1973,0.306,0.282,0.282
1974,0.296,0.268,0.268
1975,0.282,0.24,0.24
1976,0.268,0.224,0.224
1977,0.24,0.218,0.218
1978,0.224,0.184,0.184
1979,0.218,0.182,0.182
1980,0.184,0.17,0.17
1981,0.182,0.166,0.166
1982,0.17,0.152,0.152
1983,0.166,0.148,0.148
1984,0.152,0.12,0.12
1985,0.148,0.116,0.116
1986,0.12,0.102,0.102
1987,0.116,0.066,0.066
1988,0.102,0.042,0.042
1989,0.066,0.036,0.036
1990,0.042,0.02,0.02
1991,0.036,0.018,0.018
1992,0.02,0.016,0.016
1993,0.018,0.016,0.016
1994,0.016,0.01,0.01
1995,0.016,0.01,0.01
1996,0.01,0.004,0.004
1997,0.01,0.004,0.004
1998,0.004,0.004,0.004
1999,0.004,0.004,0.004
2000,0.004,0,0
2001,0.004,0,0
2002,0,0,0
2003,0,0,0
2004,0,0,0
2005,0,0,0
2006,0,0,0
2007,0,0,0
2008,0,0,0
2009,0,0,0
2010,0,0,0
2011,0,0,0
2012,0,0,0
2013,0,0,0
2014,0,0,0
2015,0,0,0
2016,0,0,0
2017,0,0,0
2018,0,0,0
2019,0,0,0
2020,0,0,0
2021,0,0,0
2022,0,0,0
2023,0,0,0
2024,0,0,0
2025,0,0,0
2026,0,0,0
2027,0,0,0
2028,0,0,0
2029,0,0,0
2030,0,0,0
2031,0,0,0
2032,0,0,0
2033,0,0,0
2034,0,0,0
2035,0,0,0
2036,0,0,0
2037,0,0,0
2038,0,0,0
2039,0,0,0
2040,0,0,0
2041,0,0,0
2042,0,0,0
2043,0,0,0
2044,0,0,0
2045,0,0,0
2046,0,0,0
2047,0,0,0
2048,0,0,0
2049,0,0,0
2050,0,0,0
2051,0,0,0
2052,0.008,0.008,0.008
2053,0,0,0
2054,0,0,0
2055,0,0,0
2056,0,0,0
2057,0,0,0
2058,0,0,0
2059,0,0,0
2060,0,0,0
2061,0,0,0
2062,0,0,0
2063,0,0,0
2064,0,0,0
2065,0,0,0
2066,0,0,0
2067,0,0,0
2068,0,0,0
2069,0,0,0
2070,0,0,0
2071,0,0,0
2072,0,0,0
2073,0,0,0
2074,0,0,0
2075,0,0,0
2076,0,0,0
2077,0,0,0
2078,0,0,0
2079,0,0,0
2080,0,0,0
2081,0,0,0
2082,0.004,0.004,0.004
2083,0,0,0
2084,0,0,0
2085,0,0,0
2086,0,0,0
2087,0,0,0
2088,0,0,0
2089,0,0,0
2090,0,0,0
2091,0,0,0
2092,0,0,0
2093,0,0,0
2094,0.004,0.004,0.004
2095,0.01,0.01,0.01
2096,0.014,0.014,0.014
2097,0.018,0.018,0.018
2098,0.02,0.02,0.02
2099,0.018,0.018,0.018
2100,0.018,0.018,0.018
2101,0.052,0.052,0.052
2102,0.052,0.052,0.052
2103,0.052,0.052,0.052
2104,0.046,0.046,0.046
2105,0.044,0.044,0.044
2106,0.044,0.044,0.044
2107,0.05,0.05,0.05
2108,0.046,0.046,0.046
2109,0.044,0.044,0.044
2110,0.038,0.038,0.038
2111,0.038,0.038,0.038
2112,0.038,0.038,0.038
2113,0.048,0.048,0.048
2114,0.058,0.058,0.058
2115,0.068,0.068,0.068
2116,0.058,0.058,0.058
2117,0.054,0.054,0.054
2118,0.05,0.05,0.05
2119,0.072,0.072,0.072
2120,0.088,0.088,0.088
2121,0.11,0.11,0.11
2122,0.098,0.098,0.098
2123,0.112,0.112,0.112
2124,0.104,0.104,0.104
2125,0.134,0.134,0.134
2126,0.14,0.14,0.14
2127,0.122,0.122,0.122
2128,0.118,0.118,0.118
2129,0.12,0.12,0.12
2130,0.106,0.106,0.106
2131,0.072,0.072,0.072
2132,0.054,0.054,0.054
2133,0.054,0.054,0.054
2134,0.12,0.12,0.12
2135,0.168,0.168,0.168
2136,0.15,0.15,0.15
2137,0.128,0.128,0.128
2138,0.124,0.124,0.124
2139,0.146,0.146,0.146
2140,0.146,0.146,0.146
2141,0.144,0.144,0.144
2142,0.136,0.136,0.136
2143,0.132,0.132,0.132
2144,0.118,0.118,0.118
2145,0.13,0.13,0.13
2146,0.106,0.106,0.106
2147,0.116,0.116,0.116
2148,0.126,0.126,0.126
2149,0.12,0.12,0.12
2150,0.14,0.14,0.14
2151,0.126,0.126,0.126
2152,0.122,0.122,0.122
2153,0.118,0.118,0.118
2154,0.106,0.106,0.106
2155,0.118,0.118,0.118
2156,0.12,0.12,0.12
2157,0.108,0.108,0.108
2158,0.124,0.124,0.124
2159,0.126,0.126,0.126
2160,0.106,0.106,0.106
2161,0.098,0.098,0.098
2162,0.106,0.106,0.106
2163,0.116,0.116,0.116
2164,0.116,0.116,0.116
2165,0.13,0.13,0.13
2166,0.148,0.148,0.148
2167,0.154,0.154,0.154
2168,0.134,0.134,0.134
2169,0.154,0.154,0.154
2170,0.132,0.132,0.132
2171,0.126,0.126,0.126
2172,0.122,0.122,0.122
2173,0.134,0.134,0.134
2174,0.142,0.142,0.142
2175,0.136,0.136,0.136
2176,0.122,0.122,0.122
2177,0.16,0.16,0.16
2178,0.188,0.188,0.188
2179,0.154,0.154,0.154
2180,0.188,0.188,0.188
2181,0.17,0.17,0.17
2182,0.174,0.174,0.174
2183,0.17,0.17,0.17
2184,0.162,0.162,0.162
2185,0.158,0.158,0.158
2186,0.156,0.156,0.156
2187,0.164,0.164,0.164
2188,0.16,0.16,0.16
2189,0.164,0.164,0.164
2190,0.112,0.112,0.112
2191,0.154,0.154,0.154
2192,0.154,0.154,0.154
2193,0.154,0.154,0.154
2194,0.158,0.158,0.158
2195,0.156,0.156,0.156
2196,0.156,0.156,0.156
2197,0.16,0.16,0.16
2198,0.138,0.138,0.138
2199,0.15,0.15,0.15
2200,0.154,0.154,0.154
2201,0.162,0.162,0.162
2202,0.172,0.172,0.172
2203,0.17,0.17,0.17
2204,0.19,0.19,0.19
2205,0.23,0.23,0.23
2206,0.274,0.274,0.274
2207,0.246,0.246,0.246
2208,0.24,0.24,0.24
2209,0.276,0.276,0.276
2210,0.308,0.308,0.308
2211,0.248,0.248,0.248
2212,0.264,0.264,0.264
2213,0.262,0.262,0.262
2214,0.304,0.304,0.304
2215,0.302,0.302,0.302
2216,0.29,0.29,0.29
2217,0.246,0.246,0.246
2218,0.248,0.248,0.248
2219,0.244,0.244,0.244
2220,0.222,0.222,0.222
2221,0.228,0.228,0.228
2222,0.234,0.234,0.234
2223,0.238,0.238,0.238
2224,0.246,0.246,0.246
2225,0.242,0.242,0.242
2226,0.248,0.248,0.248
2227,0.238,0.238,0.238
2228,0.25,0.25,0.25
2229,0.248,0.248,0.248
2230,0.248,0.248,0.248
2231,0.278,0.278,0.278
2232,0.268,0.268,0.268
2233,0.274,0.274,0.274
2234,0.272,0.272,0.272
2235,0.276,0.276,0.276
2236,0.28,0.28,0.28
2237,0.288,0.288,0.288
2238,0.302,0.302,0.302
2239,0.298,0.298,0.298
2240,0.31,0.31,0.31
2241,0.312,0.312,0.312
2242,0.358,0.358,0.358
2243,0.342,0.342,0.342
2244,0.338,0.338,0.338
2245,0.338,0.338,0.338
2246,0.344,0.344,0.344
2247,0.342,0.342,0.342
2248,0.33,0.33,0.33
2249,0.332,0.332,0.332
2250,0.342,0.342,0.342
2251,0.336,0.336,0.336
2252,0.382,0.382,0.382
2253,0.368,0.368,0.368
2254,0.35,0.35,0.35
2255,0.376,0.376,0.376
2256,0.406,0.406,0.406
2257,0.39,0.39,0.39
2258,0.39,0.39,0.39
2259,0.372,0.372,0.372
2260,0.368,0.368,0.368
2261,0.38,0.38,0.38
2262,0.368,0.368,0.368
2263,0.372,0.372,0.372
2264,0.358,0.358,0.358
2265,0.366,0.366,0.366
2266,0.372,0.372,0.372
2267,0.382,0.382,0.382
2268,0.388,0.388,0.388
2269,0.39,0.39,0.39
2270,0.382,0.382,0.382
2271,0.386,0.386,0.386
2272,0.416,0.416,0.416
2273,0.406,0.406,0.406
2274,0.406,0.406,0.406
2275,0.404,0.404,0.404
2276,0.404,0.404,0.404
2277,0.402,0.402,0.402
2278,0.404,0.404,0.404
2279,0.426,0.426,0.426
2280,0.422,0.422,0.422
2281,0.418,0.418,0.418
2282,0.418,0.418,0.418
2283,0.412,0.412,0.412
2284,0.414,0.414,0.414
2285,0.398,0.398,0.398
2286,0.388,0.388,0.388
2287,0.39,0.39,0.39
2288,0.378,0.378,0.378
2289,0.374,0.374,0.374
2290,0.384,0.384,0.384
2291,0.446,0.446,0.446
2292,0.432,0.432,0.432
2293,0.442,0.442,0.442
2294,0.44,0.44,0.44
2295,0.432,0.432,0.432
2296,0.436,0.436,0.436
2297,0.432,0.432,0.432
2298,0.43,0.43,0.43
2299,0.43,0.43,0.43
2300,0.41,0.41,0.41
2301,0.422,0.422,0.422
2302,0.43,0.43,0.43
2303,0.426,0.426,0.426
2304,0.42,0.42,0.42
2305,0.434,0.434,0.434
2306,0.422,0.422,0.422
2307,0.428,0.428,0.428
2308,0.44,0.44,0.44
2309,0.428,0.428,0.428
2310,0.428,0.428,0.428
2311,0.418,0.418,0.418
2312,0.41,0.41,0.41
2313,0.416,0.416,0.416
2314,0.402,0.402,0.402
2315,0.398,0.398,0.398
2316,0.394,0.394,0.394
2317,0.396,0.396,0.396
2318,0.384,0.384,0.384
2319,0.378,0.378,0.378
2320,0.37,0.37,0.37
2321,0.36,0.36,0.36
2322,0.35,0.35,0.35
2323,0.35,0.35,0.35
2324,0.346,0.346,0.346
2325,0.342,0.342,0.342
2326,0.336,0.336,0.336
2327,0.332,0.332,0.332
2328,0.326,0.326,0.326
2329,0.314,0.314,0.314
2330,0.318,0.318,0.318
2331,0.312,0.312,0.312
2332,0.294,0.294,0.294
2333,0.292,0.292,0.292
2334,0.294,0.294,0.294
2335,0.288,0.288,0.288
2336,0.284,0.296,0.296
2337,0.292,0.282,0.282
2338,0.306,0.268,0.268
2339,0.296,0.24,0.24
2340,0.282,0.224,0.224
2341,0.268,0.218,0.218
2342,0.24,0.184,0.184
2343,0.224,0.182,0.182
2344,0.218,0.17,0.17
2345,0.184,0.166,0.166
2346,0.182,0.152,0.152
2347,0.17,0.148,0.148
2348,0.166,0.12,0.12
2349,0.152,0.116,0.116
2350,0.148,0.102,0.102
2351,0.12,0.066,0.066
2352,0.116,0.042,0.042
2353,0.102,0.036,0.036
2354,0.066,0.02,0.02
2355,0.042,0.018,0.018
2356,0.036,0.016,0.016
2357,0.02,0.016,0.016
2358,0.018,0.01,0.01
2359,0.016,0.01,0.01
2360,0.016,0.004,0.004
2361,0.01,0.004,0.004
2362,0.01,0.004,0.004
2363,0.004,0.004,0.004
2364,0.004,0,0
2365,0.004,0,0
2366,0.004,0,0
2367,0,0,0
2368,0,0,0
2369,0,0,0
2370,0,0,0
2371,0,0,0
2372,0,0,0
2373,0,0,0
2374,0,0,0
2375,0,0,0
2376,0,0,0
2377,0,0,0
2378,0,0,0
2379,0,0,0
2380,0,0,0
2381,0,0,0
2382,0,0,0
2383,0,0,0
2384,0,0,0
2385,0,0,0
2386,0,0,0
2387,0,0,0
2388,0,0,0
2389,0,0,0
2390,0,0,0
2391,0,0,0
2392,0,0,0
2393,0,0,0
2394,0,0,0
2395,0,0,0
2396,0,0,0
2397,0,0,0
2398,0,0,0
2399,0,0,0
2400,0,0,0
2401,0,0,0
2402,0,0,0
2403,0,0,0
2404,0,0,0
2405,0,0,0
2406,0,0,0
2407,0,0,0
2408,0,0,0
2409,0,0,0
2410,0,0,0
2411,0,0,0
2412,0,0,0
2413,0,0,0
2414,0,0,0
2415,0,0,0
2416,0,0,0
2417,0.008,0.008,0.008
2418,0,0,0
2419,0,0,0
2420,0,0,0
2421,0,0,0
2422,0,0,0
2423,0,0,0
2424,0,0,0
2425,0,0,0
2426,0,0,0
2427,0,0,0
2428,0,0,0
2429,0,0,0
2430,0,0,0
2431,0,0,0
2432,0,0,0
2433,0,0,0
2434,0,0,0
2435,0,0,0
2436,0,0,0
2437,0,0,0
2438,0,0,0
2439,0,0,0
2440,0,0,0
2441,0,0,0
2442,0,0,0
2443,0,0,0
2444,0,0,0
2445,0,0,0
2446,0,0,0
2447,0.004,0.004,0.004
2448,0,0,0
2449,0,0,0
2450,0,0,0
2451,0,0,0
2452,0,0,0
2453,0,0,0
2454,0,0,0
2455,0,0,0
2456,0,0,0
2457,0,0,0
2458,0,0,0
2459,0.004,0.004,0.004
2460,0.01,0.01,0.01
2461,0.014,0.014,0.014
2462,0.018,0.018,0.018
2463,0.02,0.02,0.02
2464,0.018,0.018,0.018
2465,0.018,0.018,0.018
2466,0.052,0.052,0.052
2467,0.052,0.052,0.052
2468,0.052,0.052,0.052
2469,0.046,0.046,0.046
2470,0.044,0.044,0.044
2471,0.044,0.044,0.044
2472,0.05,0.05,0.05
2473,0.046,0.046,0.046
2474,0.044,0.044,0.044
2475,0.038,0.038,0.038
2476,0.038,0.038,0.038
2477,0.038,0.038,0.038
2478,0.048,0.048,0.048
2479,0.058,0.058,0.058
2480,0.068,0.068,0.068
2481,0.058,0.058,0.058
2482,0.054,0.054,0.054
2483,0.05,0.05,0.05
2484,0.072,0.072,0.072
2485,0.088,0.088,0.088
2486,0.11,0.11,0.11
2487,0.098,0.098,0.098
2488,0.112,0.112,0.112
2489,0.104,0.104,0.104
2490,0.134,0.134,0.134
2491,0.14,0.14,0.14
2492,0.122,0.122,0.122
2493,0.118,0.118,0.118
2494,0.12,0.12,0.12
2495,0.106,0.106,0.106
2496,0.072,0.072,0.072
2497,0.054,0.054,0.054
2498,0.054,0.054,0.054
2499,0.12,0.12,0.12
2500,0.168,0.168,0.168
2501,0.15,0.15,0.15
2502,0.128,0.128,0.128
2503,0.124,0.124,0.124
2504,0.146,0.146,0.146
2505,0.146,0.146,0.146
2506,0.144,0.144,0.144
2507,0.136,0.136,0.136
2508,0.132,0.132,0.132
2509,0.118,0.118,0.118
2510,0.13,0.13,0.13
2511,0.106,0.106,0.106
2512,0.116,0.116,0.116
2513,0.126,0.126,0.126
2514,0.12,0.12,0.12
2515,0.14,0.14,0.14
2516,0.126,0.126,0.126
2517,0.122,0.122,0.122
2518,0.118,0.118,0.118
2519,0.106,0.106,0.106
2520,0.118,0.118,0.118
2521,0.12,0.12,0.12
2522,0.108,0.108,0.108
2523,0.124,0.124,0.124
2524,0.126,0.126,0.126
2525,0.106,0.106,0.106
2526,0.098,0.098,0.098
2527,0.106,0.106,0.106
2528,0.116,0.116,0.116
2529,0.116,0.116,0.116
2530,0.13,0.13,0.13
2531,0.148,0.148,0.148
2532,0.154,0.154,0.154
2533,0.134,0.134,0.134
2534,0.154,0.154,0.154
2535,0.132,0.132,0.132
2536,0.126,0.126,0.126
2537,0.122,0.122,0.122
2538,0.134,0.134,0.134
2539,0.142,0.142,0.142
2540,0.136,0.136,0.136
2541,0.122,0.122,0.122
2542,0.16,0.16,0.16
2543,0.188,0.188,0.188
2544,0.154,0.154,0.154
2545,0.188,0.188,0.188
2546,0.17,0.17,0.17
2547,0.174,0.174,0.174
2548,0.17,0.17,0.17
2549,0.162,0.162,0.162
2550,0.158,0.158,0.158
2551,0.156,0.156,0.156
2552,0.164,0.164,0.164
2553,0.16,0.16,0.16
2554,0.164,0.164,0.164
2555,0.112,0.112,0.112
2556,0.154,0.154,0.154
2557,0.154,0.154,0.154
2558,0.154,0.154,0.154
2559,0.158,0.158,0.158
2560,0.156,0.156,0.156
2561,0.156,0.156,0.156
2562,0.16,0.16,0.16
2563,0.138,0.138,0.138
2564,0.15,0.15,0.15
2565,0.154,0.154,0.154
2566,0.162,0.162,0.162
2567,0.172,0.172,0.172
2568,0.17,0.17,0.17
2569,0.19,0.19,0.19
2570,0.23,0.23,0.23
2571,0.274,0.274,0.274
2572,0.246,0.246,0.246
2573,0.24,0.24,0.24
2574,0.276,0.276,0.276
2575,0.308,0.308,0.308
2576,0.248,0.248,0.248
2577,0.264,0.264,0.264
2578,0.262,0.262,0.262
2579,0.304,0.304,0.304
2580,0.302,0.302,0.302
2581,0.29,0.29,0.29
2582,0.246,0.246,0.246
2583,0.248,0.248,0.248
2584,0.244,0.244,0.244
2585,0.222,0.222,0.222
2586,0.228,0.228,0.228
2587,0.234,0.234,0.234
2588,0.238,0.238,0.238
2589,0.246,0.246,0.246
2590,0.242,0.242,0.242
2591,0.248,0.248,0.248
2592,0.238,0.238,0.238
2593,0.25,0.25,0.25
2594,0.248,0.248,0.248
2595,0.248,0.248,0.248
2596,0.278,0.278,0.278
2597,0.268,0.268,0.268
2598,0.274,0.274,0.274
2599,0.272,0.272,0.272
2600,0.276,0.276,0.276
2601,0.28,0.28,0.28
2602,0.288,0.288,0.288
2603,0.302,0.302,0.302
2604,0.298,0.298,0.298
2605,0.31,0.31,0.31
2606,0.312,0.312,0.312
2607,0.358,0.358,0.358
2608,0.342,0.342,0.342
2609,0.338,0.338,0.338
2610,0.338,0.338,0.338
2611,0.344,0.344,0.344
2612,0.342,0.342,0.342
2613,0.33,0.33,0.33
2614,0.332,0.332,0.332
2615,0.342,0.342,0.342
2616,0.336,0.336,0.336
2617,0.382,0.382,0.382
2618,0.368,0.368,0.368
2619,0.35,0.35,0.35
2620,0.376,0.376,0.376
2621,0.406,0.406,0.406
2622,0.39,0.39,0.39
2623,0.39,0.39,0.39
2624,0.372,0.372,0.372
2625,0.368,0.368,0.368
2626,0.38,0.38,0.38
2627,0.368,0.368,0.368
2628,0.372,0.372,0.372
2629,0.358,0.358,0.358
2630,0.366,0.366,0.366
2631,0.372,0.372,0.372
2632,0.382,0.382,0.382
2633,0.388,0.388,0.388
2634,0.39,0.39,0.39
2635,0.382,0.382,0.382
2636,0.386,0.386,0.386
2637,0.416,0.416,0.416
2638,0.406,0.406,0.406
2639,0.406,0.406,0.406
2640,0.404,0.404,0.404
2641,0.404,0.404,0.404
2642,0.402,0.402,0.402
2643,0.404,0.404,0.404
2644,0.426,0.426,0.426
2645,0.422,0.422,0.422
2646,0.418,0.418,0.418
2647,0.418,0.418,0.418
2648,0.412,0.412,0.412
2649,0.414,0.414,0.414
2650,0.398,0.398,0.398
2651,0.388,0.388,0.388
2652,0.39,0.39,0.39
2653,0.378,0.378,0.378
2654,0.374,0.374,0.374
2655,0.384,0.384,0.384
2656,0.446,0.446,0.446
2657,0.432,0.432,0.432
2658,0.442,0.442,0.442
2659,0.44,0.44,0.44
2660,0.432,0.432,0.432
2661,0.436,0.436,0.436
2662,0.432,0.432,0.432
2663,0.43,0.43,0.43
2664,0.43,0.43,0.43
2665,0.41,0.41,0.41
2666,0.422,0.422,0.422
2667,0.43,0.43,0.43
2668,0.426,0.426,0.426
2669,0.42,0.42,0.42
2670,0.434,0.434,0.434
2671,0.422,0.422,0.422
2672,0.428,0.428,0.428
2673,0.44,0.44,0.44
2674,0.428,0.428,0.428
2675,0.428,0.428,0.428
2676,0.418,0.418,0.418
2677,0.41,0.41,0.41
2678,0.416,0.416,0.416
2679,0.402,0.402,0.402
2680,0.398,0.398,0.398
2681,0.394,0.394,0.394
2682,0.396,0.396,0.396
2683,0.384,0.384,0.384
2684,0.378,0.378,0.378
2685,0.37,0.37,0.37
2686,0.36,0.36,0.36
2687,0.35,0.35,0.35
2688,0.35,0.35,0.35
2689,0.346,0.346,0.346
2690,0.342,0.342,0.342
2691,0.336,0.336,0.336
2692,0.332,0.332,0.332
2693,0.326,0.326,0.326
2694,0.314,0.314,0.314
2695,0.318,0.318,0.318
2696,0.312,0.312,0.312
2697,0.294,0.294,0.294
2698,0.292,0.292,0.292
2699,0.294,0.294,0.294
2700,0.288,0.288,0.288
2701,0.284,0.296,0.296
2702,0.292,0.282,0.282
2703,0.306,0.268,0.268
2704,0.296,0.24,0.24
2705,0.282,0.224,0.224
2706,0.268,0.218,0.218
2707,0.24,0.184,0.184
2708,0.224,0.182,0.182
2709,0.218,0.17,0.17
2710,0.184,0.166,0.166
2711,0.182,0.152,0.152
2712,0.17,0.148,0.148
2713,0.166,0.12,0.12
2714,0.152,0.116,0.116
2715,0.148,0.102,0.102
2716,0.12,0.066,0.066
2717,0.116,0.042,0.042
2718,0.102,0.036,0.036
2719,0.066,0.02,0.02
2720,0.042,0.018,0.018
2721,0.036,0.016,0.016
2722,0.02,0.016,0.016
2723,0.018,0.01,0.01
2724,0.016,0.01,0.01
2725,0.016,0.004,0.004
2726,0.01,0.004,0.004
2727,0.01,0.004,0.004
2728,0.004,0.004,0.004
2729,0.004,0,0
2730,0.004,0,0
2731,0.004,0,0
2732,0,0,0
2733,0,0,0
2734,0,0,0
2735,0,0,0
2736,0,0,0
2737,0,0,0
2738,0,0,0
2739,0,0,0
2740,0,0,0
2741,0,0,0
2742,0,0,0
2743,0,0,0
2744,0,0,0
2745,0,0,0
2746,0,0,0
2747,0,0,0
2748,0,0,0
2749,0,0,0
2750,0,0,0
2751,0,0,0
2752,0,0,0
2753,0,0,0
2754,0,0,0
2755,0,0,0
2756,0,0,0
2757,0,0,0
2758,0,0,0
2759,0,0,0
2760,0,0,0
2761,0,0,0
2762,0,0,0
2763,0,0,0
2764,0,0,0
2765,0,0,0
2766,0,0,0
2767,0,0,0
2768,0,0,0
2769,0,0,0
2770,0,0,0
2771,0,0,0
2772,0,0,0
2773,0,0,0
2774,0,0,0
2775,0,0,0
2776,0,0,0
2777,0,0,0
2778,0,0,0
2779,0,0,0
2780,0,0,0
2781,0,0,0
2782,0.008,0.008,0.008
2783,0,0,0
2784,0,0,0
2785,0,0,0
2786,0,0,0
2787,0,0,0
2788,0,0,0
2789,0,0,0
2790,0,0,0
2791,0,0,0
2792,0,0,0
2793,0,0,0
2794,0,0,0
2795,0,0,0
2796,0,0,0
2797,0,0,0
2798,0,0,0
2799,0,0,0
2800,0,0,0
2801,0,0,0
2802,0,0,0
2803,0,0,0
2804,0,0,0
2805,0,0,0
2806,0,0,0
2807,0,0,0
2808,0,0,0
2809,0,0,0
2810,0,0,0
2811,0,0,0
2812,0.004,0.004,0.004
2813,0,0,0
2814,0,0,0
2815,0,0,0
2816,0,0,0
2817,0,0,0
2818,0,0,0
2819,0,0,0
2820,0,0,0
2821,0,0,0
2822,0,0,0
2823,0,0,0
2824,0.004,0.004,0.004
2825,0.01,0.01,0.01
2826,0.014,0.014,0.014
2827,0.018,0.018,0.018
2828,0.02,0.02,0.02
2829,0.018,0.018,0.018
2830,0.018,0.018,0.018
2831,0.052,0.052,0.052
2832,0.052,0.052,0.052
2833,0.052,0.052,0.052
2834,0.046,0.046,0.046
2835,0.044,0.044,0.044
2836,0.044,0.044,0.044
2837,0.05,0.05,0.05
2838,0.046,0.046,0.046
2839,0.044,0.044,0.044
2840,0.038,0.038,0.038
2841,0.038,0.038,0.038
2842,0.038,0.038,0.038
2843,0.048,0.048,0.048
2844,0.058,0.058,0.058
2845,0.068,0.068,0.068
2846,0.058,0.058,0.058
2847,0.054,0.054,0.054
2848,0.05,0.05,0.05
2849,0.072,0.072,0.072
2850,0.088,0.088,0.088
2851,0.11,0.11,0.11
2852,0.098,0.098,0.098
2853,0.112,0.112,0.112
2854,0.104,0.104,0.104
2855,0.134,0.134,0.134
2856,0.14,0.14,0.14
2857,0.122,0.122,0.122
2858,0.118,0.118,0.118
2859,0.12,0.12,0.12
2860,0.106,0.106,0.106
2861,0.072,0.072,0.072
2862,0.054,0.054,0.054
2863,0.054,0.054,0.054
2864,0.12,0.12,0.12
2865,0.168,0.168,0.168
2866,0.15,0.15,0.15
2867,0.128,0.128,0.128
2868,0.124,0.124,0.124
2869,0.146,0.146,0.146
2870,0.146,0.146,0.146
2871,0.144,0.144,0.144
2872,0.136,0.136,0.136
2873,0.132,0.132,0.132
2874,0.118,0.118,0.118
2875,0.13,0.13,0.13
2876,0.106,0.106,0.106
2877,0.116,0.116,0.116
2878,0.126,0.126,0.126
2879,0.12,0.12,0.12
2880,0.14,0.14,0.14
2881,0.126,0.126,0.126
2882,0.122,0.122,0.122
2883,0.118,0.118,0.118
2884,0.106,0.106,0.106
2885,0.118,0.118,0.118
2886,0.12,0.12,0.12
2887,0.108,0.108,0.108
2888,0.124,0.124,0.124
2889,0.126,0.126,0.126
2890,0.106,0.106,0.106
2891,0.098,0.098,0.098
2892,0.106,0.106,0.106
2893,0.116,0.116,0.116
2894,0.116,0.116,0.116
2895,0.13,0.13,0.13
2896,0.148,0.148,0.148
2897,0.154,0.154,0.154
2898,0.134,0.134,0.134
2899,0.154,0.154,0.154
2900,0.132,0.132,0.132
2901,0.126,0.126,0.126
2902,0.122,0.122,0.122
2903,0.134,0.134,0.134
2904,0.142,0.142,0.142
2905,0.136,0.136,0.136
2906,0.122,0.122,0.122
2907,0.16,0.16,0.16
2908,0.188,0.188,0.188
2909,0.154,0.154,0.154
2910,0.188,0.188,0.188
2911,0.17,0.17,0.17
2912,0.174,0.174,0.174
2913,0.17,0.17,0.17
2914,0.162,0.162,0.162
2915,0.158,0.158,0.158
2916,0.156,0.156,0.156
2917,0.164,0.164,0.164
2918,0.16,0.16,0.16
2919,0.164,0.164,0.164
2920,0.112,0.112,0.112
2921,0.154,0.154,0.154
2922,0.154,0.154,0.154
2923,0.154,0.154,0.154
2924,0.158,0.158,0.158
2925,0.156,0.156,0.156
2926,0.156,0.156,0.156
2927,0.16,0.16,0.16
2928,0.138,0.138,0.138
2929,0.15,0.15,0.15
2930,0.154,0.154,0.154
2931,0.162,0.162,0.162
2932,0.172,0.172,0.172
2933,0.17,0.17,0.17
2934,0.19,0.19,0.19
2935,0.23,0.23,0.23
2936,0.274,0.274,0.274
2937,0.246,0.246,0.246
2938,0.24,0.24,0.24
2939,0.276,0.276,0.276
2940,0.308,0.308,0.308
2941,0.248,0.248,0.248
2942,0.264,0.264,0.264
2943,0.262,0.262,0.262
2944,0.304,0.304,0.304
2945,0.302,0.302,0.302
2946,0.29,0.29,0.29
2947,0.246,0.246,0.246
2948,0.248,0.248,0.248
2949,0.244,0.244,0.244
2950,0.222,0.222,0.222
2951,0.228,0.228,0.228
2952,0.234,0.234,0.234
2953,0.238,0.238,0.238
2954,0.246,0.246,0.246
2955,0.242,0.242,0.242
2956,0.248,0.248,0.248
2957,0.238,0.238,0.238
2958,0.25,0.25,0.25
2959,0.248,0.248,0.248
2960,0.248,0.248,0.248
2961,0.278,0.278,0.278
2962,0.268,0.268,0.268
2963,0.274,0.274,0.274
2964,0.272,0.272,0.272
2965,0.276,0.276,0.276
2966,0.28,0.28,0.28
2967,0.288,0.288,0.288
2968,0.302,0.302,0.302
2969,0.298,0.298,0.298
2970,0.31,0.31,0.31
2971,0.312,0.312,0.312
2972,0.358,0.358,0.358
2973,0.342,0.342,0.342
2974,0.338,0.338,0.338
2975,0.338,0.338,0.338
2976,0.344,0.344,0.344
2977,0.342,0.342,0.342
2978,0.33,0.33,0.33
2979,0.332,0.332,0.332
2980,0.342,0.342,0.342
2981,0.336,0.336,0.336
2982,0.382,0.382,0.382
2983,0.368,0.368,0.368
2984,0.35,0.35,0.35
2985,0.376,0.376,0.376
2986,0.406,0.406,0.406
2987,0.39,0.39,0.39
2988,0.39,0.39,0.39
2989,0.372,0.372,0.372
2990,0.368,0.368,0.368
2991,0.38,0.38,0.38
2992,0.368,0.368,0.368
2993,0.372,0.372,0.372
2994,0.358,0.358,0.358
2995,0.366,0.366,0.366
2996,0.372,0.372,0.372
2997,0.382,0.382,0.382
2998,0.388,0.388,0.388
2999,0.39,0.39,0.39
3000,0.382,0.382,0.382
3001,0.386,0.386,0.386
3002,0.416,0.416,0.416
3003,0.406,0.406,0.406
3004,0.406,0.406,0.406
3005,0.404,0.404,0.404
3006,0.404,0.404,0.404
3007,0.402,0.402,0.402
3008,0.404,0.404,0.404
3009,0.426,0.426,0.426
3010,0.422,0.422,0.422
3011,0.418,0.418,0.418
3012,0.418,0.418,0.418
3013,0.412,0.412,0.412
3014,0.414,0.414,0.414
3015,0.398,0.398,0.398
3016,0.388,0.388,0.388
3017,0.39,0.39,0.39
3018,0.378,0.378,0.378
3019,0.374,0.374,0.374
3020,0.384,0.384,0.384
3021,0.446,0.446,0.446
3022,0.432,0.432,0.432
3023,0.442,0.442,0.442
3024,0.44,0.44,0.44
3025,0.432,0.432,0.432
3026,0.436,0.436,0.436
3027,0.432,0.432,0.432
3028,0.43,0.43,0.43
3029,0.43,0.43,0.43
3030,0.41,0.41,0.41
3031,0.422,0.422,0.422
3032,0.43,0.43,0.43
3033,0.426,0.426,0.426
3034,0.42,0.42,0.42
3035,0.434,0.434,0.434
3036,0.422,0.422,0.422
3037,0.428,0.428,0.428
3038,0.44,0.44,0.44
3039,0.428,0.428,0.428
3040,0.428,0.428,0.428
3041,0.418,0.418,0.418
3042,0.41,0.41,0.41
3043,0.416,0.416,0.416
3044,0.402,0.402,0.402
3045,0.398,0.398,0.398
3046,0.394,0.394,0.394
3047,0.396,0.396,0.396
3048,0.384,0.384,0.384
3049,0.378,0.378,0.378
3050,0.37,0.37,0.37
3051,0.36,0.36,0.36
3052,0.35,0.35,0.35
3053,0.35,0.35,0.35
3054,0.346,0.346,0.346
3055,0.342,0.342,0.342
3056,0.336,0.336,0.336
3057,0.332,0.332,0.332
3058,0.326,0.326,0.326
3059,0.314,0.314,0.314
3060,0.318,0.318,0.318
3061,0.312,0.312,0.312
3062,0.294,0.294,0.294
3063,0.292,0.292,0.292
3064,0.294,0.294,0.294
3065,0.288,0.296,0.296
3066,0.284,0.282,0.282
3067,0.292,0.268,0.268
3068,0.306,0.24,0.24
3069,0.296,0.224,0.224
3070,0.282,0.218,0.218
3071,0.268,0.184,0.184
3072,0.24,0.182,0.182
3073,0.224,0.17,0.17
3074,0.218,0.166,0.166
3075,0.184,0.152,0.152
3076,0.182,0.148,0.148
3077,0.17,0.12,0.12
3078,0.166,0.116,0.116
3079,0.152,0.102,0.102
3080,0.148,0.066,0.066
3081,0.12,0.042,0.042
3082,0.116,0.036,0.036
3083,0.102,0.02,0.02
3084,0.066,0.018,0.018
3085,0.042,0.016,0.016
3086,0.036,0.016,0.016
3087,0.02,0.01,0.01
3088,0.018,0.01,0.01
3089,0.016,0.004,0.004
3090,0.016,0.004,0.004
3091,0.01,0.004,0.004
3092,0.01,0.004,0.004
3093,0.004,0,0
3094,0.004,0,0
3095,0.004,0,0
3096,0.004,0,0
3097,0,0,0
3098,0,0,0
3099,0,0,0
3100,0,0,0
3101,0,0,0
3102,0,0,0
3103,0,0,0
3104,0,0,0
3105,0,0,0
3106,0,0,0
3107,0,0,0
3108,0,0,0
3109,0,0,0
3110,0,0,0
3111,0,0,0
3112,0,0,0
3113,0,0,0
3114,0,0,0
3115,0,0,0
3116,0,0,0
3117,0,0,0
3118,0,0,0
3119,0,0,0
3120,0,0,0
3121,0,0,0
3122,0,0,0
3123,0,0,0
3124,0,0,0
3125,0,0,0
3126,0,0,0
3127,0,0,0
3128,0,0,0
3129,0,0,0
3130,0,0,0
3131,0,0,0
3132,0,0,0
3133,0,0,0
3134,0,0,0
3135,0,0,0
3136,0,0,0
3137,0,0,0
3138,0,0,0
3139,0,0,0
3140,0,0,0
3141,0,0,0
3142,0,0,0
3143,0,0,0
3144,0,0,0
3145,0,0,0
3146,0,0,0
3147,0.008,0.008,0.008
3148,0,0,0
3149,0,0,0
3150,0,0,0
3151,0,0,0
3152,0,0,0
3153,0,0,0
3154,0,0,0
3155,0,0,0
3156,0,0,0
3157,0,0,0
3158,0,0,0
3159,0,0,0
3160,0,0,0
3161,0,0,0
3162,0,0,0
3163,0,0,0
3164,0,0,0
3165,0,0,0
3166,0,0,0
3167,0,0,0
3168,0,0,0
3169,0,0,0
3170,0,0,0
3171,0,0,0
3172,0,0,0
3173,0,0,0
3174,0,0,0
3175,0,0,0
3176,0,0,0
3177,0.004,0.004,0.004
3178,0,0,0
3179,0,0,0
3180,0,0,0
3181,0,0,0
3182,0,0,0
3183,0,0,0
3184,0,0,0
3185,0,0,0
3186,0,0,0
3187,0,0,0
3188,0,0,0
3189,0.004,0.004,0.004
3190,0.01,0.01,0.01
3191,0.014,0.014,0.014
3192,0.018,0.018,0.018
3193,0.02,0.02,0.02
3194,0.018,0.018,0.018
3195,0.018,0.018,0.018
3196,0.052,0.052,0.052
3197,0.052,0.052,0.052
3198,0.052,0.052,0.052
3199,0.046,0.046,0.046
3200,0.044,0.044,0.044
3201,0.044,0.044,0.044
3202,0.05,0.05,0.05
3203,0.046,0.046,0.046
3204,0.044,0.044,0.044
3205,0.038,0.038,0.038
3206,0.038,0.038,0.038
3207,0.038,0.038,0.038
3208,0.048,0.048,0.048
3209,0.058,0.058,0.058
3210,0.068,0.068,0.068
3211,0.058,0.058,0.058
3212,0.054,0.054,0.054
3213,0.05,0.05,0.05
3214,0.072,0.072,0.072
3215,0.088,0.088,0.088
3216,0.11,0.11,0.11
3217,0.098,0.098,0.098
3218,0.112,0.112,0.112
3219,0.104,0.104,0.104
3220,0.134,0.134,0.134
3221,0.14,0.14,0.14
3222,0.122,0.122,0.122
3223,0.118,0.118,0.118
3224,0.12,0.12,0.12
3225,0.106,0.106,0.106
3226,0.072,0.072,0.072
3227,0.054,0.054,0.054
3228,0.054,0.054,0.054
3229,0.12,0.12,0.12
3230,0.168,0.168,0.168
3231,0.15,0.15,0.15
3232,0.128,0.128,0.128
3233,0.124,0.124,0.124
3234,0.146,0.146,0.146
3235,0.146,0.146,0.146
3236,0.144,0.144,0.144
3237,0.136,0.136,0.136
3238,0.132,0.132,0.132
3239,0.118,0.118,0.118
3240,0.13,0.13,0.13
3241,0.106,0.106,0.106
3242,0.116,0.116,0.116
3243,0.126,0.126,0.126
3244,0.12,0.12,0.12
3245,0.14,0.14,0.14
3246,0.126,0.126,0.126
3247,0.122,0.122,0.122
3248,0.118,0.118,0.118
3249,0.106,0.106,0.106
3250,0.118,0.118,0.118
3251,0.12,0.12,0.12
3252,0.108,0.108,0.108
3253,0.124,0.124,0.124
3254,0.126,0.126,0.126
3255,0.106,0.106,0.106
3256,0.098,0.098,0.098
3257,0.106,0.106,0.106
3258,0.116,0.116,0.116
3259,0.116,0.116,0.116
3260,0.13,0.13,0.13
3261,0.148,0.148,0.148
3262,0.154,0.154,0.154
3263,0.134,0.134,0.134
3264,0.154,0.154,0.154
3265,0.132,0.132,0.132
3266,0.126,0.126,0.126
3267,0.122,0.122,0.122
3268,0.134,0.134,0.134
3269,0.142,0.142,0.142
3270,0.136,0.136,0.136
3271,0.122,0.122,0.122
3272,0.16,0.16,0.16
3273,0.188,0.188,0.188
3274,0.154,0.154,0.154
3275,0.188,0.188,0.188
3276,0.17,0.17,0.17
3277,0.174,0.174,0.174
3278,0.17,0.17,0.17
3279,0.162,0.162,0.162
3280,0.158,0.158,0.158
3281,0.156,0.156,0.156
3282,0.164,0.164,0.164
3283,0.16,0.16,0.16
3284,0.164,0.164,0.164
3285,0.112,0.112,0.112
3286,0.154,0.154,0.154
3287,0.154,0.154,0.154
3288,0.154,0.154,0.154
3289,0.158,0.158,0.158
3290,0.156,0.156,0.156
3291,0.156,0.156,0.156
3292,0.16,0.16,0.16
3293,0.138,0.138,0.138
3294,0.15,0.15,0.15
3295,0.154,0.154,0.154
3296,0.162,0.162,0.162
3297,0.172,0.172,0.172
3298,0.17,0.17,0.17
3299,0.19,0.19,0.19
3300,0.23,0.23,0.23
3301,0.274,0.274,0.274
3302,0.246,0.246,0.246
3303,0.24,0.24,0.24
3304,0.276,0.276,0.276
3305,0.308,0.308,0.308
3306,0.248,0.248,0.248
3307,0.264,0.264,0.264
3308,0.262,0.262,0.262
3309,0.304,0.304,0.304
3310,0.302,0.302,0.302
3311,0.29,0.29,0.29
3312,0.246,0.246,0.246
3313,0.248,0.248,0.248
3314,0.244,0.244,0.244
3315,0.222,0.222,0.222
3316,0.228,0.228,0.228
3317,0.234,0.234,0.234
3318,0.238,0.238,0.238
3319,0.246,0.246,0.246
3320,0.242,0.242,0.242
3321,0.248,0.248,0.248
3322,0.238,0.238,0.238
3323,0.25,0.25,0.25
3324,0.248,0.248,0.248
3325,0.248,0.248,0.248
3326,0.278,0.278,0.278
3327,0.268,0.268,0.268
3328,0.274,0.274,0.274
3329,0.272,0.272,0.272
3330,0.276,0.276,0.276
3331,0.28,0.28,0.28
3332,0.288,0.288,0.288
3333,0.302,0.302,0.302
3334,0.298,0.298,0.298
3335,0.31,0.31,0.31
3336,0.312,0.312,0.312
3337,0.358,0.358,0.358
3338,0.342,0.342,0.342
3339,0.338,0.338,0.338
3340,0.338,0.338,0.338
3341,0.344,0.344,0.344
3342,0.342,0.342,0.342
3343,0.33,0.33,0.33
3344,0.332,0.332,0.332
3345,0.342,0.342,0.342
3346,0.336,0.336,0.336
3347,0.382,0.382,0.382
3348,0.368,0.368,0.368
3349,0.35,0.35,0.35
3350,0.376,0.376,0.376
3351,0.406,0.406,0.406
3352,0.39,0.39,0.39
3353,0.39,0.39,0.39
3354,0.372,0.372,0.372
3355,0.368,0.368,0.368
3356,0.38,0.38,0.38
3357,0.368,0.368,0.368
3358,0.372,0.372,0.372
3359,0.358,0.358,0.358
3360,0.366,0.366,0.366
3361,0.372,0.372,0.372
3362,0.382,0.382,0.382
3363,0.388,0.388,0.388
3364,0.39,0.39,0.39
3365,0.382,0.382,0.382
3366,0.386,0.386,0.386
3367,0.416,0.416,0.416
3368,0.406,0.406,0.406
3369,0.406,0.406,0.406
3370,0.404,0.404,0.404
3371,0.404,0.404,0.404
3372,0.402,0.402,0.402
3373,0.404,0.404,0.404
3374,0.426,0.426,0.426
3375,0.422,0.422,0.422
3376,0.418,0.418,0.418
3377,0.418,0.418,0.418
3378,0.412,0.412,0.412
3379,0.414,0.414,0.414
3380,0.398,0.398,0.398
3381,0.388,0.388,0.388
3382,0.39,0.39,0.39
3383,0.378,0.378,0.378
3384,0.374,0.374,0.374
3385,0.384,0.384,0.384
3386,0.446,0.446,0.446
3387,0.432,0.432,0.432
3388,0.442,0.442,0.442
3389,0.44,0.44,0.44
3390,0.432,0.432,0.432
3391,0.436,0.436,0.436
3392,0.432,0.432,0.432
3393,0.43,0.43,0.43
3394,0.43,0.43,0.43
3395,0.41,0.41,0.41
3396,0.422,0.422,0.422
3397,0.43,0.43,0.43
3398,0.426,0.426,0.426
3399,0.42,0.42,0.42
3400,0.434,0.434,0.434
3401,0.422,0.422,0.422
3402,0.428,0.428,0.428
3403,0.44,0.44,0.44
3404,0.428,0.428,0.428
3405,0.428,0.428,0.428
3406,0.418,0.418,0.418
3407,0.41,0.41,0.41
3408,0.416,0.416,0.416
3409,0.402,0.402,0.402
3410,0.398,0.398,0.398
3411,0.394,0.394,0.394
3412,0.396,0.396,0.396
3413,0.384,0.384,0.384
3414,0.378,0.378,0.378
3415,0.37,0.37,0.37
3416,0.36,0.36,0.36
3417,0.35,0.35,0.35
3418,0.35,0.35,0.35
3419,0.346,0.346,0.346
3420,0.342,0.342,0.342
3421,0.336,0.336,0.336
3422,0.332,0.332,0.332
3423,0.326,0.326,0.326
3424,0.314,0.314,0.314
3425,0.318,0.318,0.318
3426,0.312,0.312,0.312
3427,0.294,0.294,0.294
3428,0.292,0.292,0.292
3429,0.294,0.294,0.294
3430,0.288,0.296,0.296
3431,0.284,0.282,0.282
3432,0.292,0.268,0.268
3433,0.306,0.24,0.24
3434,0.296,0.224,0.224
3435,0.282,0.218,0.218
3436,0.268,0.184,0.184
3437,0.24,0.182,0.182
3438,0.224,0.17,0.17
3439,0.218,0.166,0.166
3440,0.184,0.152,0.152
3441,0.182,0.148,0.148
3442,0.17,0.12,0.12
3443,0.166,0.116,0.116
3444,0.152,0.102,0.102
3445,0.148,0.066,0.066
3446,0.12,0.042,0.042
3447,0.116,0.036,0.036
3448,0.102,0.02,0.02
3449,0.066,0.018,0.018
3450,0.042,0.016,0.016
3451,0.036,0.016,0.016
3452,0.02,0.01,0.01
3453,0.018,0.01,0.01
3454,0.016,0.004,0.004
3455,0.016,0.004,0.004
3456,0.01,0.004,0.004
3457,0.01,0.004,0.004
3458,0.004,0,0
3459,0.004,0,0
3460,0.004,0,0
3461,0.004,0,0
3462,0,0,0
3463,0,0,0
3464,0,0,0
3465,0,0,0
3466,0,0,0
3467,0,0,0
3468,0,0,0
3469,0,0,0
3470,0,0,0
3471,0,0,0
3472,0,0,0
3473,0,0,0
3474,0,0,0
3475,0,0,0
3476,0,0,0
3477,0,0,0
3478,0,0,0
3479,0,0,0
3480,0,0,0
3481,0,0,0
3482,0,0,0
3483,0,0,0
3484,0,0,0
3485,0,0,0
3486,0,0,0
3487,0,0,0
3488,0,0,0
3489,0,0,0
3490,0,0,0
3491,0,0,0
3492,0,0,0
3493,0,0,0
3494,0,0,0
3495,0,0,0
3496,0,0,0
3497,0,0,0
3498,0,0,0
3499,0,0,0
3500,0,0,0
3501,0,0,0
3502,0,0,0
3503,0,0,0
3504,0,0,0
3505,0,0,0
3506,0,0,0
3507,0,0,0
3508,0,0,0
3509,0,0,0
3510,0,0,0
3511,0,0,0
3512,0.008,0.008,0.008
3513,0,0,0
3514,0,0,0
3515,0,0,0
3516,0,0,0
3517,0,0,0
3518,0,0,0
3519,0,0,0
3520,0,0,0
3521,0,0,0
3522,0,0,0
3523,0,0,0
3524,0,0,0
3525,0,0,0
3526,0,0,0
3527,0,0,0
3528,0,0,0
3529,0,0,0
3530,0,0,0
3531,0,0,0
3532,0,0,0
3533,0,0,0
3534,0,0,0
3535,0,0,0
3536,0,0,0
3537,0,0,0
3538,0,0,0
3539,0,0,0
3540,0,0,0
3541,0,0,0
3542,0.004,0.004,0.004
3543,0,0,0
3544,0,0,0
3545,0,0,0
3546,0,0,0
3547,0,0,0
3548,0,0,0
3549,0,0,0
3550,0,0,0
3551,0,0,0
3552,0,0,0
3553,0,0,0
3554,0.004,0.004,0.004
3555,0.01,0.01,0.01
3556,0.014,0.014,0.014
3557,0.018,0.018,0.018
3558,0.02,0.02,0.02
3559,0.018,0.018,0.018
3560,0.018,0.018,0.018
3561,0.052,0.052,0.052
3562,0.052,0.052,0.052
3563,0.052,0.052,0.052
3564,0.046,0.046,0.046
3565,0.044,0.044,0.044
3566,0.044,0.044,0.044
3567,0.05,0.05,0.05
3568,0.046,0.046,0.046
3569,0.044,0.044,0.044
3570,0.038,0.038,0.038
3571,0.038,0.038,0.038
3572,0.038,0.038,0.038
3573,0.048,0.048,0.048
3574,0.058,0.058,0.058
3575,0.068,0.068,0.068
3576,0.058,0.058,0.058
3577,0.054,0.054,0.054
3578,0.05,0.05,0.05
3579,0.072,0.072,0.072
3580,0.088,0.088,0.088
3581,0.11,0.11,0.11
3582,0.098,0.098,0.098
3583,0.112,0.112,0.112
3584,0.104,0.104,0.104
3585,0.134,0.134,0.134
3586,0.14,0.14,0.14
3587,0.122,0.122,0.122
3588,0.118,0.118,0.118
3589,0.12,0.12,0.12
3590,0.106,0.106,0.106
3591,0.072,0.072,0.072
3592,0.054,0.054,0.054
3593,0.054,0.054,0.054
3594,0.12,0.12,0.12
3595,0.168,0.168,0.168
3596,0.15,0.15,0.15
3597,0.128,0.128,0.128
3598,0.124,0.124,0.124
3599,0.146,0.146,0.146
3600,0.146,0.146,0.146
3601,0.144,0.144,0.144
3602,0.136,0.136,0.136
3603,0.132,0.132,0.132
3604,0.118,0.118,0.118
3605,0.13,0.13,0.13
3606,0.106,0.106,0.106
3607,0.116,0.116,0.116
3608,0.126,0.126,0.126
3609,0.12,0.12,0.12
3610,0.14,0.14,0.14
3611,0.126,0.126,0.126
3612,0.122,0.122,0.122
3613,0.118,0.118,0.118
3614,0.106,0.106,0.106
3615,0.118,0.118,0.118
3616,0.12,0.12,0.12
3617,0.108,0.108,0.108
3618,0.124,0.124,0.124
3619,0.126,0.126,0.126
3620,0.106,0.106,0.106
3621,0.098,0.098,0.098
3622,0.106,0.106,0.106
3623,0.116,0.116,0.116
3624,0.116,0.116,0.116
3625,0.13,0.13,0.13
3626,0.148,0.148,0.148
3627,0.154,0.154,0.154
3628,0.134,0.134,0.134
3629,0.154,0.154,0.154
3630,0.132,0.132,0.132
3631,0.126,0.126,0.126
3632,0.122,0.122,0.122
3633,0.134,0.134,0.134
3634,0.142,0.142,0.142
3635,0.136,0.136,0.136
3636,0.122,0.122,0.122
3637,0.16,0.16,0.16
3638,0.188,0.188,0.188
3639,0.154,0.154,0.154
3640,0.188,0.188,0.188
3641,0.17,0.17,0.17
3642,0.174,0.174,0.174
3643,0.17,0.17,0.17
3644,0.162,0.162,0.162
3645,0.158,0.158,0.158
3646,0.156,0.156,0.156
3647,0.164,0.164,0.164
3648,0.16,0.16,0.16
3649,0.164,0.164,0.164
3650,0.112,0.112,0.112
3651,0.154,0.154,0.154
3652,0.154,0.154,0.154
3653,0.154,0.154,0.154
3654,0.158,0.158,0.158
3655,0.156,0.156,0.156
3656,0.156,0.156,0.156
3657,0.16,0.16,0.16
3658,0.138,0.138,0.138
3659,0.15,0.15,0.15
3660,0.154,0.154,0.154
3661,0.162,0.162,0.162
3662,0.172,0.172,0.172
3663,0.17,0.17,0.17
3664,0.19,0.19,0.19
3665,0.23,0.23,0.23
3666,0.274,0.274,0.274
3667,0.246,0.246,0.246
3668,0.24,0.24,0.24
3669,0.276,0.276,0.276
3670,0.308,0.308,0.308
3671,0.248,0.248,0.248
3672,0.264,0.264,0.264
3673,0.262,0.262,0.262
3674,0.304,0.304,0.304
3675,0.302,0.302,0.302
3676,0.29,0.29,0.29
3677,0.246,0.246,0.246
3678,0.248,0.248,0.248
3679,0.244,0.244,0.244
3680,0.222,0.222,0.222
3681,0.228,0.228,0.228
3682,0.234,0.234,0.234
3683,0.238,0.238,0.238
3684,0.246,0.246,0.246
3685,0.242,0.242,0.242
3686,0.248,0.248,0.248
3687,0.238,0.238,0.238
3688,0.25,0.25,0.25
3689,0.248,0.248,0.248
3690,0.248,0.248,0.248
3691,0.278,0.278,0.278
3692,0.268,0.268,0.268
3693,0.274,0.274,0.274
3694,0.272,0.272,0.272
3695,0.276,0.276,0.276
3696,0.28,0.28,0.28
3697,0.288,0.288,0.288
3698,0.302,0.302,0.302
3699,0.298,0.298,0.298
3700,0.31,0.31,0.31
3701,0.312,0.312,0.312
3702,0.358,0.358,0.358
3703,0.342,0.342,0.342
3704,0.338,0.338,0.338
3705,0.338,0.338,0.338
3706,0.344,0.344,0.344
3707,0.342,0.342,0.342
3708,0.33,0.33,0.33
3709,0.332,0.332,0.332
3710,0.342,0.342,0.342
3711,0.336,0.336,0.336
3712,0.382,0.382,0.382
3713,0.368,0.368,0.368
3714,0.35,0.35,0.35
3715,0.376,0.376,0.376
3716,0.406,0.406,0.406
3717,0.39,0.39,0.39
3718,0.39,0.39,0.39
3719,0.372,0.372,0.372
3720,0.368,0.368,0.368
3721,0.38,0.38,0.38
3722,0.368,0.368,0.368
3723,0.372,0.372,0.372
3724,0.358,0.358,0.358
3725,0.366,0.366,0.366
3726,0.372,0.372,0.372
3727,0.382,0.382,0.382
3728,0.388,0.388,0.388
3729,0.39,0.39,0.39
3730,0.382,0.382,0.382
3731,0.386,0.386,0.386
3732,0.416,0.416,0.416
3733,0.406,0.406,0.406
3734,0.406,0.406,0.406
3735,0.404,0.404,0.404
3736,0.404,0.404,0.404
3737,0.402,0.402,0.402
3738,0.404,0.404,0.404
3739,0.426,0.426,0.426
3740,0.422,0.422,0.422
3741,0.418,0.418,0.418
3742,0.418,0.418,0.418
3743,0.412,0.412,0.412
3744,0.414,0.414,0.414
3745,0.398,0.398,0.398
3746,0.388,0.388,0.388
3747,0.39,0.39,0.39
3748,0.378,0.378,0.378
3749,0.374,0.374,0.374
3750,0.384,0.384,0.384
3751,0.446,0.446,0.446
3752,0.432,0.432,0.432
3753,0.442,0.442,0.442
3754,0.44,0.44,0.44
3755,0.432,0.432,0.432
3756,0.436,0.436,0.436
3757,0.432,0.432,0.432
3758,0.43,0.43,0.43
3759,0.43,0.43,0.43
3760,0.41,0.41,0.41
3761,0.422,0.422,0.422
3762,0.43,0.43,0.43
3763,0.426,0.426,0.426
3764,0.42,0.42,0.42
3765,0.434,0.434,0.434
3766,0.422,0.422,0.422
3767,0.428,0.428,0.428
3768,0.44,0.44,0.44
3769,0.428,0.428,0.428
3770,0.428,0.428,0.428
3771,0.418,0.418,0.418
3772,0.41,0.41,0.41
3773,0.416,0.416,0.416
3774,0.402,0.402,0.402
3775,0.398,0.398,0.398
3776,0.394,0.394,0.394
3777,0.396,0.396,0.396
3778,0.384,0.384,0.384
3779,0.378,0.378,0.378
3780,0.37,0.37,0.37
3781,0.36,0.36,0.36
3782,0.35,0.35,0.35
3783,0.35,0.35,0.35
3784,0.346,0.346,0.346
3785,0.342,0.342,0.342
3786,0.336,0.336,0.336
3787,0.332,0.332,0.332
3788,0.326,0.326,0.326
3789,0.314,0.314,0.314
3790,0.318,0.318,0.318
3791,0.312,0.312,0.312
3792,0.294,0.294,0.294
3793,0.292,0.292,0.292
3794,0.294,0.296,0.296
3795,0.288,0.282,0.282
3796,0.284,0.268,0.268
3797,0.292,0.24,0.24
3798,0.306,0.224,0.224
3799,0.296,0.218,0.218
3800,0.282,0.184,0.184
3801,0.268,0.182,0.182
3802,0.24,0.17,0.17
3803,0.224,0.166,0.166
3804,0.218,0.152,0.152
3805,0.184,0.148,0.148
3806,0.182,0.12,0.12
3807,0.17,0.116,0.116
3808,0.166,0.102,0.102
3809,0.152,0.066,0.066
3810,0.148,0.042,0.042
3811,0.12,0.036,0.036
3812,0.116,0.02,0.02
3813,0.102,0.018,0.018
3814,0.066,0.016,0.016
3815,0.042,0.016,0.016
3816,0.036,0.01,0.01
3817,0.02,0.01,0.01
3818,0.018,0.004,0.004
3819,0.016,0.004,0.004
3820,0.016,0.004,0.004
3821,0.01,0.004,0.004
3822,0.01,0,0
3823,0.004,0,0
3824,0.004,0,0
3825,0.004,0,0
3826,0.004,0,0
3827,0,0,0
3828,0,0,0
3829,0,0,0
3830,0,0,0
3831,0,0,0
3832,0,0,0
3833,0,0,0
3834,0,0,0
3835,0,0,0
3836,0,0,0
3837,0,0,0
3838,0,0,0
3839,0,0,0
3840,0,0,0
3841,0,0,0
3842,0,0,0
3843,0,0,0
3844,0,0,0
3845,0,0,0
3846,0,0,0
3847,0,0,0
3848,0,0,0
3849,0,0,0
3850,0,0,0
3851,0,0,0
3852,0,0,0
3853,0,0,0
3854,0,0,0
3855,0,0,0
3856,0,0,0
3857,0,0,0
3858,0,0,0
3859,0,0,0
3860,0,0,0
3861,0,0,0
3862,0,0,0
3863,0,0,0
3864,0,0,0
3865,0,0,0
3866,0,0,0
3867,0,0,0
3868,0,0,0
3869,0,0,0
3870,0,0,0
3871,0,0,0
3872,0,0,0
3873,0,0,0
3874,0,0,0
3875,0,0,0
3876,0,0,0
3877,0.008,0.008,0.008
3878,0,0,0
3879,0,0,0
3880,0,0,0
3881,0,0,0
3882,0,0,0
3883,0,0,0
3884,0,0,0
3885,0,0,0
3886,0,0,0
3887,0,0,0
3888,0,0,0
3889,0,0,0
3890,0,0,0
3891,0,0,0
3892,0,0,0
3893,0,0,0
3894,0,0,0
3895,0,0,0
3896,0,0,0
3897,0,0,0
3898,0,0,0
3899,0,0,0
3900,0,0,0
3901,0,0,0
3902,0,0,0
3903,0,0,0
3904,0,0,0
3905,0,0,0
3906,0,0,0
3907,0.004,0.004,0.004
3908,0,0,0
3909,0,0,0
3910,0,0,0
3911,0,0,0
3912,0,0,0
3913,0,0,0
3914,0,0,0
3915,0,0,0
3916,0,0,0
3917,0,0,0
3918,0,0,0
3919,0.004,0.004,0.004
3920,0.01,0.01,0.01
3921,0.014,0.014,0.014
3922,0.018,0.018,0.018
3923,0.02,0.02,0.02
3924,0.018,0.018,0.018
3925,0.018,0.018,0.018
3926,0.052,0.052,0.052
3927,0.052,0.052,0.052
3928,0.052,0.052,0.052
3929,0.046,0.046,0.046
3930,0.044,0.044,0.044
3931,0.044,0.044,0.044
3932,0.05,0.05,0.05
3933,0.046,0.046,0.046
3934,0.044,0.044,0.044
3935,0.038,0.038,0.038
3936,0.038,0.038,0.038
3937,0.038,0.038,0.038
3938,0.048,0.048,0.048
3939,0.058,0.058,0.058
3940,0.068,0.068,0.068
3941,0.058,0.058,0.058
3942,0.054,0.054,0.054
3943,0.05,0.05,0.05
3944,0.072,0.072,0.072
3945,0.088,0.088,0.088
3946,0.11,0.11,0.11
3947,0.098,0.098,0.098
3948,0.112,0.112,0.112
3949,0.104,0.104,0.104
3950,0.134,0.134,0.134
3951,0.14,0.14,0.14
3952,0.122,0.122,0.122
3953,0.118,0.118,0.118
3954,0.12,0.12,0.12
3955,0.106,0.106,0.106
3956,0.072,0.072,0.072
3957,0.054,0.054,0.054
3958,0.054,0.054,0.054
3959,0.12,0.12,0.12
3960,0.168,0.168,0.168
3961,0.15,0.15,0.15
3962,0.128,0.128,0.128
3963,0.124,0.124,0.124
3964,0.146,0.146,0.146
3965,0.146,0.146,0.146
3966,0.144,0.144,0.144
3967,0.136,0.136,0.136
3968,0.132,0.132,0.132
3969,0.118,0.118,0.118
3970,0.13,0.13,0.13
3971,0.106,0.106,0.106
3972,0.116,0.116,0.116
3973,0.126,0.126,0.126
3974,0.12,0.12,0.12
3975,0.14,0.14,0.14
3976,0.126,0.126,0.126
3977,0.122,0.122,0.122
3978,0.118,0.118,0.118
3979,0.106,0.106,0.106
3980,0.118,0.118,0.118
3981,0.12,0.12,0.12
3982,0.108,0.108,0.108
3983,0.124,0.124,0.124
3984,0.126,0.126,0.126
3985,0.106,0.106,0.106
3986,0.098,0.098,0.098
3987,0.106,0.106,0.106
3988,0.116,0.116,0.116
3989,0.116,0.116,0.116
3990,0.13,0.13,0.13
3991,0.148,0.148,0.148
3992,0.154,0.154,0.154
3993,0.134,0.134,0.134
3994,0.154,0.154,0.154
3995,0.132,0.132,0.132
3996,0.126,0.126,0.126
3997,0.122,0.122,0.122
3998,0.134,0.134,0.134
3999,0.142,0.142,0.142
4000,0.136,0.136,0.136
4001,0.122,0.122,0.122
4002,0.16,0.16,0.16
4003,0.188,0.188,0.188
4004,0.154,0.154,0.154
4005,0.188,0.188,0.188
4006,0.17,0.17,0.17
4007,0.174,0.174,0.174
4008,0.17,0.17,0.17
4009,0.162,0.162,0.162
4010,0.158,0.158,0.158
4011,0.156,0.156,0.156
4012,0.164,0.164,0.164
4013,0.16,0.16,0.16
4014,0.164,0.164,0.164
4015,0.112,0.112,0.112
4016,0.154,0.154,0.154
4017,0.154,0.154,0.154
4018,0.154,0.154,0.154
4019,0.158,0.158,0.158
4020,0.156,0.156,0.156
4021,0.156,0.156,0.156
4022,0.16,0.16,0.16
4023,0.138,0.138,0.138
4024,0.15,0.15,0.15
4025,0.154,0.154,0.154
4026,0.162,0.162,0.162
4027,0.172,0.172,0.172
4028,0.17,0.17,0.17
4029,0.19,0.19,0.19
4030,0.23,0.23,0.23
4031,0.274,0.274,0.274
4032,0.246,0.246,0.246
4033,0.24,0.24,0.24
4034,0.276,0.276,0.276
4035,0.308,0.308,0.308
4036,0.248,0.248,0.248
4037,0.264,0.264,0.264
4038,0.262,0.262,0.262
4039,0.304,0.304,0.304
4040,0.302,0.302,0.302
4041,0.29,0.29,0.29
4042,0.246,0.246,0.246
4043,0.248,0.248,0.248
4044,0.244,0.244,0.244
4045,0.222,0.222,0.222
4046,0.228,0.228,0.228
4047,0.234,0.234,0.234
4048,0.238,0.238,0.238
4049,0.246,0.246,0.246
4050,0.242,0.242,0.242
4051,0.248,0.248,0.248
4052,0.238,0.238,0.238
4053,0.25,0.25,0.25
4054,0.248,0.248,0.248
4055,0.248,0.248,0.248
4056,0.278,0.278,0.278
4057,0.268,0.268,0.268
4058,0.274,0.274,0.274
4059,0.272,0.272,0.272
4060,0.276,0.276,0.276
4061,0.28,0.28,0.28
4062,0.288,0.288,0.288
4063,0.302,0.302,0.302
4064,0.298,0.298,0.298
4065,0.31,0.31,0.31
4066,0.312,0.312,0.312
4067,0.358,0.358,0.358
4068,0.342,0.342,0.342
4069,0.338,0.338,0.338
4070,0.338,0.338,0.338
4071,0.344,0.344,0.344
4072,0.342,0.342,0.342
4073,0.33,0.33,0.33
4074,0.332,0.332,0.332
4075,0.342,0.342,0.342
4076,0.336,0.336,0.336
4077,0.382,0.382,0.382
4078,0.368,0.368,0.368
4079,0.35,0.35,0.35
4080,0.376,0.376,0.376
4081,0.406,0.406,0.406
4082,0.39,0.39,0.39
4083,0.39,0.39,0.39
4084,0.372,0.372,0.372
4085,0.368,0.368,0.368
4086,0.38,0.38,0.38
4087,0.368,0.368,0.368
4088,0.372,0.372,0.372
4089,0.358,0.358,0.358
4090,0.366,0.366,0.366
4091,0.372,0.372,0.372
4092,0.382,0.382,0.382
4093,0.388,0.388,0.388
4094,0.39,0.39,0.39
4095,0.382,0.382,0.382
4096,0.386,0.386,0.386
4097,0.416,0.416,0.416
4098,0.406,0.406,0.406
4099,0.406,0.406,0.406
4100,0.404,0.404,0.404
4101,0.404,0.404,0.404
4102,0.402,0.402,0.402
4103,0.404,0.404,0.404
4104,0.426,0.426,0.426
4105,0.422,0.422,0.422
4106,0.418,0.418,0.418
4107,0.418,0.418,0.418
4108,0.412,0.412,0.412
4109,0.414,0.414,0.414
4110,0.398,0.398,0.398
4111,0.388,0.388,0.388
4112,0.39,0.39,0.39
4113,0.378,0.378,0.378
4114,0.374,0.374,0.374
4115,0.384,0.384,0.384
4116,0.446,0.446,0.446
4117,0.432,0.432,0.432
4118,0.442,0.442,0.442
4119,0.44,0.44,0.44
4120,0.432,0.432,0.432
4121,0.436,0.436,0.436
4122,0.432,0.432,0.432
4123,0.43,0.43,0.43
4124,0.43,0.43,0.43
4125,0.41,0.41,0.41
4126,0.422,0.422,0.422
4127,0.43,0.43,0.43
4128,0.426,0.426,0.426
4129,0.42,0.42,0.42
4130,0.434,0.434,0.434
4131,0.422,0.422,0.422
4132,0.428,0.428,0.428
4133,0.44,0.44,0.44
4134,0.428,0.428,0.428
4135,0.428,0.428,0.428
4136,0.418,0.418,0.418
4137,0.41,0.41,0.41
4138,0.416,0.416,0.416
4139,0.402,0.402,0.402
4140,0.398,0.398,0.398
4141,0.394,0.394,0.394
4142,0.396,0.396,0.396
4143,0.384,0.384,0.384
4144,0.378,0.378,0.378
4145,0.37,0.37,0.37
4146,0.36,0.36,0.36
4147,0.35,0.35,0.35
4148,0.35,0.35,0.35
4149,0.346,0.346,0.346
4150,0.342,0.342,0.342
4151,0.336,0.336,0.336
4152,0.332,0.332,0.332
4153,0.326,0.326,0.326
4154,0.314,0.314,0.314
4155,0.318,0.318,0.318
4156,0.312,0.312,0.312
4157,0.294,0.294,0.294
4158,0.292,0.292,0.292
4159,0.294,0.296,0.296
4160,0.288,0.282,0.282
4161,0.284,0.268,0.268
4162,0.292,0.24,0.24
4163,0.306,0.224,0.224
4164,0.296,0.218,0.218
4165,0.282,0.184,0.184
4166,0.268,0.182,0.182
4167,0.24,0.17,0.17
4168,0.224,0.166,0.166
4169,0.218,0.152,0.152
4170,0.184,0.148,0.148
4171,0.182,0.12,0.12
4172,0.17,0.116,0.116
4173,0.166,0.102,0.102
4174,0.152,0.066,0.066
4175,0.148,0.042,0.042
4176,0.12,0.036,0.036
4177,0.116,0.02,0.02
4178,0.102,0.018,0.018
4179,0.066,0.016,0.016
4180,0.042,0.016,0.016
4181,0.036,0.01,0.01
4182,0.02,0.01,0.01
4183,0.018,0.004,0.004
4184,0.016,0.004,0.004
4185,0.016,0.004,0.004
4186,0.01,0.004,0.004
4187,0.01,0,0
4188,0.004,0,0
4189,0.004,0,0
4190,0.004,0,0
4191,0.004,0,0
4192,0,0,0
4193,0,0,0
4194,0,0,0
4195,0,0,0
4196,0,0,0
4197,0,0,0
4198,0,0,0
4199,0,0,0
4200,0,0,0
4201,0,0,0
4202,0,0,0
4203,0,0,0
4204,0,0,0
4205,0,0,0
4206,0,0,0
4207,0,0,0
4208,0,0,0
4209,0,0,0
4210,0,0,0
4211,0,0,0
4212,0,0,0
4213,0,0,0
4214,0,0,0
4215,0,0,0
4216,0,0,0
4217,0,0,0
4218,0,0,0
4219,0,0,0
4220,0,0,0
4221,0,0,0
4222,0,0,0
4223,0,0,0
4224,0,0,0
4225,0,0,0
4226,0,0,0
4227,0,0,0
4228,0,0,0
4229,0,0,0
4230,0,0,0
4231,0,0,0
4232,0,0,0
4233,0,0,0
4234,0,0,0
4235,0,0,0
4236,0,0,0
4237,0,0,0
4238,0,0,0
4239,0,0,0
4240,0,0,0
4241,0,0,0
4242,0.008,0.008,0.008
4243,0,0,0
4244,0,0,0
4245,0,0,0
4246,0,0,0
4247,0,0,0
4248,0,0,0
4249,0,0,0
4250,0,0,0
4251,0,0,0
4252,0,0,0
4253,0,0,0
4254,0,0,0
4255,0,0,0
4256,0,0,0
4257,0,0,0
4258,0,0,0
4259,0,0,0
4260,0,0,0
4261,0,0,0
4262,0,0,0
4263,0,0,0
4264,0,0,0
4265,0,0,0
4266,0,0,0
4267,0,0,0
4268,0,0,0
4269,0,0,0
4270,0,0,0
4271,0,0,0
4272,0.004,0.004,0.004
4273,0,0,0
4274,0,0,0
4275,0,0,0
4276,0,0,0
4277,0,0,0
4278,0,0,0
4279,0,0,0
4280,0,0,0
4281,0,0,0
4282,0,0,0
4283,0,0,0
4284,0.004,0.004,0.004
4285,0.01,0.01,0.01
4286,0.014,0.014,0.014
4287,0.018,0.018,0.018
4288,0.02,0.02,0.02
4289,0.018,0.018,0.018
4290,0.018,0.018,0.018
4291,0.052,0.052,0.052
4292,0.052,0.052,0.052
4293,0.052,0.052,0.052
4294,0.046,0.046,0.046
4295,0.044,0.044,0.044
4296,0.044,0.044,0.044
4297,0.05,0.05,0.05
4298,0.046,0.046,0.046
4299,0.044,0.044,0.044
4300,0.038,0.038,0.038
4301,0.038,0.038,0.038
4302,0.038,0.038,0.038
4303,0.048,0.048,0.048
4304,0.058,0.058,0.058
4305,0.068,0.068,0.068
4306,0.058,0.058,0.058
4307,0.054,0.054,0.054
4308,0.05,0.05,0.05
4309,0.072,0.072,0.072
4310,0.088,0.088,0.088
4311,0.11,0.11,0.11
4312,0.098,0.098,0.098
4313,0.112,0.112,0.112
4314,0.104,0.104,0.104
4315,0.134,0.134,0.134
4316,0.14,0.14,0.14
4317,0.122,0.122,0.122
4318,0.118,0.118,0.118
4319,0.12,0.12,0.12
4320,0.106,0.106,0.106
4321,0.072,0.072,0.072
4322,0.054,0.054,0.054
4323,0.054,0.054,0.054
4324,0.12,0.12,0.12
4325,0.168,0.168,0.168
4326,0.15,0.15,0.15
4327,0.128,0.128,0.128
4328,0.124,0.124,0.124
4329,0.146,0.146,0.146
4330,0.146,0.146,0.146
4331,0.144,0.144,0.144
4332,0.136,0.136,0.136
4333,0.132,0.132,0.132
4334,0.118,0.118,0.118
4335,0.13,0.13,0.13
4336,0.106,0.106,0.106
4337,0.116,0.116,0.116
4338,0.126,0.126,0.126
4339,0.12,0.12,0.12
4340,0.14,0.14,0.14
4341,0.126,0.126,0.126
4342,0.122,0.122,0.122
4343,0.118,0.118,0.118
4344,0.106,0.106,0.106
4345,0.118,0.118,0.118
4346,0.12,0.12,0.12
4347,0.108,0.108,0.108
4348,0.124,0.124,0.124
4349,0.126,0.126,0.126
4350,0.106,0.106,0.106
4351,0.098,0.098,0.098
4352,0.106,0.106,0.106
4353,0.116,0.116,0.116
4354,0.116,0.116,0.116
4355,0.13,0.13,0.13
4356,0.148,0.148,0.148
4357,0.154,0.154,0.154
4358,0.134,0.134,0.134
4359,0.154,0.154,0.154
4360,0.132,0.132,0.132
4361,0.126,0.126,0.126
4362,0.122,0.122,0.122
4363,0.134,0.134,0.134
4364,0.142,0.142,0.142
4365,0.136,0.136,0.136
4366,0.122,0.122,0.122
4367,0.16,0.16,0.16
4368,0.188,0.188,0.188
4369,0.154,0.154,0.154
4370,0.188,0.188,0.188
4371,0.17,0.17,0.17
4372,0.174,0.174,0.174
4373,0.17,0.17,0.17
4374,0.162,0.162,0.162
4375,0.158,0.158,0.158
4376,0.156,0.156,0.156
4377,0.164,0.164,0.164
4378,0.16,0.16,0.16
4379,0.164,0.164,0.164
4380,0.112,0.112,0.112
4381,0.154,0.154,0.154
4382,0.154,0.154,0.154
4383,0.154,0.154,0.154
4384,0.158,0.158,0.158
4385,0.156,0.156,0.156
4386,0.156,0.156,0.156
4387,0.16,0.16,0.16
4388,0.138,0.138,0.138
4389,0.15,0.15,0.15
4390,0.154,0.154,0.154
4391,0.162,0.162,0.162
4392,0.172,0.172,0.172
4393,0.17,0.17,0.17
4394,0.19,0.19,0.19
4395,0.23,0.23,0.23
4396,0.274,0.274,0.274
4397,0.246,0.246,0.246
4398,0.24,0.24,0.24
4399,0.276,0.276,0.276
4400,0.308,0.308,0.308
4401,0.248,0.248,0.248
4402,0.264,0.264,0.264
4403,0.262,0.262,0.262
4404,0.304,0.304,0.304
4405,0.302,0.302,0.302
4406,0.29,0.29,0.29
4407,0.246,0.246,0.246
4408,0.248,0.248,0.248
4409,0.244,0.244,0.244
4410,0.222,0.222,0.222
4411,0.228,0.228,0.228
4412,0.234,0.234,0.234
4413,0.238,0.238,0.238
4414,0.246,0.246,0.246
4415,0.242,0.242,0.242
4416,0.248,0.248,0.248
4417,0.238,0.238,0.238
4418,0.25,0.25,0.25
4419,0.248,0.248,0.248
4420,0.248,0.248,0.248
4421,0.278,0.278,0.278
4422,0.268,0.268,0.268
4423,0.274,0.274,0.274
4424,0.272,0.272,0.272
4425,0.276,0.276,0.276
4426,0.28,0.28,0.28
4427,0.288,0.288,0.288
4428,0.302,0.302,0.302
4429,0.298,0.298,0.298
4430,0.31,0.31,0.31
4431,0.312,0.312,0.312
4432,0.358,0.358,0.358
4433,0.342,0.342,0.342
4434,0.338,0.338,0.338
4435,0.338,0.338,0.338
4436,0.344,0.344,0.344
4437,0.342,0.342,0.342
4438,0.33,0.33,0.33
4439,0.332,0.332,0.332
4440,0.342,0.342,0.342
4441,0.336,0.336,0.336
4442,0.382,0.382,0.382
4443,0.368,0.368,0.368
4444,0.35,0.35,0.35
4445,0.376,0.376,0.376
4446,0.406,0.406,0.406
4447,0.39,0.39,0.39
4448,0.39,0.39,0.39
4449,0.372,0.372,0.372
4450,0.368,0.368,0.368
4451,0.38,0.38,0.38
4452,0.368,0.368,0.368
4453,0.372,0.372,0.372
4454,0.358,0.358,0.358
4455,0.366,0.366,0.366
4456,0.372,0.372,0.372
4457,0.382,0.382,0.382
4458,0.388,0.388,0.388
4459,0.39,0.39,0.39
4460,0.382,0.382,0.382
4461,0.386,0.386,0.386
4462,0.416,0.416,0.416
4463,0.406,0.406,0.406
4464,0.406,0.406,0.406
4465,0.404,0.404,0.404
4466,0.404,0.404,0.404
4467,0.402,0.402,0.402
4468,0.404,0.404,0.404
4469,0.426,0.426,0.426
4470,0.422,0.422,0.422
4471,0.418,0.418,0.418
4472,0.418,0.418,0.418
4473,0.412,0.412,0.412
4474,0.414,0.414,0.414
4475,0.398,0.398,0.398
4476,0.388,0.388,0.388
4477,0.39,0.39,0.39
4478,0.378,0.378,0.378
4479,0.374,0.374,0.374
4480,0.384,0.384,0.384
4481,0.446,0.446,0.446
4482,0.432,0.432,0.432
4483,0.442,0.442,0.442
4484,0.44,0.44,0.44
4485,0.432,0.432,0.432
4486,0.436,0.436,0.436
4487,0.432,0.432,0.432
4488,0.43,0.43,0.43
4489,0.43,0.43,0.43
4490,0.41,0.41,0.41
4491,0.422,0.422,0.422
4492,0.43,0.43,0.43
4493,0.426,0.426,0.426
4494,0.42,0.42,0.42
4495,0.434,0.434,0.434
4496,0.422,0.422,0.422
4497,0.428,0.428,0.428
4498,0.44,0.44,0.44
4499,0.428,0.428,0.428
4500,0.428,0.428,0.428
4501,0.418,0.418,0.418
4502,0.41,0.41,0.41
4503,0.416,0.416,0.416
4504,0.402,0.402,0.402
4505,0.398,0.398,0.398
4506,0.394,0.394,0.394
4507,0.396,0.396,0.396
4508,0.384,0.384,0.384
4509,0.378,0.378,0.378
4510,0.37,0.37,0.37
4511,0.36,0.36,0.36
4512,0.35,0.35,0.35
4513,0.35,0.35,0.35
4514,0.346,0.346,0.346
4515,0.342,0.342,0.342
4516,0.336,0.336,0.336
4517,0.332,0.332,0.332
4518,0.326,0.326,0.326
4519,0.314,0.314,0.314
4520,0.318,0.318,0.318
4521,0.312,0.312,0.312
4522,0.294,0.294,0.294
4523,0.292,0.296,0.296
4524,0.294,0.282,0.282
4525,0.288,0.268,0.268
4526,0.284,0.24,0.24
4527,0.292,0.224,0.224
4528,0.306,0.218,0.218
4529,0.296,0.184,0.184
4530,0.282,0.182,0.182
4531,0.268,0.17,0.17
4532,0.24,0.166,0.166
4533,0.224,0.152,0.152
4534,0.218,0.148,0.148
4535,0.184,0.12,0.12
4536,0.182,0.116,0.116
4537,0.17,0.102,0.102
4538,0.166,0.066,0.066
4539,0.152,0.042,0.042
4540,0.148,0.036,0.036
4541,0.12,0.02,0.02
4542,0.116,0.018,0.018
4543,0.102,0.016,0.016
4544,0.066,0.016,0.016
4545,0.042,0.01,0.01
4546,0.036,0.01,0.01
4547,0.02,0.004,0.004
4548,0.018,0.004,0.004
4549,0.016,0.004,0.004
4550,0.016,0.004,0.004
4551,0.01,0,0
4552,0.01,0,0
4553,0.004,0,0
4554,0.004,0,0
4555,0.004,0,0
4556,0.004,0,0
4557,0,0,0
4558,0,0,0
4559,0,0,0
4560,0,0,0
4561,0,0,0
4562,0,0,0
4563,0,0,0
4564,0,0,0
4565,0,0,0
4566,0,0,0
4567,0,0,0
4568,0,0,0
4569,0,0,0
4570,0,0,0
4571,0,0,0
4572,0,0,0
4573,0,0,0
4574,0,0,0
4575,0,0,0
4576,0,0,0
4577,0,0,0
4578,0,0,0
4579,0,0,0
4580,0,0,0
4581,0,0,0
4582,0,0,0
4583,0,0,0
4584,0,0,0
4585,0,0,0
4586,0,0,0
4587,0,0,0
4588,0,0,0
4589,0,0,0
4590,0,0,0
4591,0,0,0
4592,0,0,0
4593,0,0,0
4594,0,0,0
4595,0,0,0
4596,0,0,0
4597,0,0,0
4598,0,0,0
4599,0,0,0
4600,0,0,0
4601,0,0,0
4602,0,0,0
4603,0,0,0
4604,0,0,0
4605,0,0,0
4606,0,0,0
4607,0.008,0.008,0.008
4608,0,0,0
4609,0,0,0
4610,0,0,0
4611,0,0,0
4612,0,0,0
4613,0,0,0
4614,0,0,0
4615,0,0,0
4616,0,0,0
4617,0,0,0
4618,0,0,0
4619,0,0,0
4620,0,0,0
4621,0,0,0
4622,0,0,0
4623,0,0,0
4624,0,0,0
4625,0,0,0
4626,0,0,0
4627,0,0,0
4628,0,0,0
4629,0,0,0
4630,0,0,0
4631,0,0,0
4632,0,0,0
4633,0,0,0
4634,0,0,0
4635,0,0,0
4636,0,0,0
4637,0.004,0.004,0.004
4638,0,0,0
4639,0,0,0
4640,0,0,0
4641,0,0,0
4642,0,0,0
4643,0,0,0
4644,0,0,0
4645,0,0,0
4646,0,0,0
4647,0,0,0
4648,0,0,0
4649,0.004,0.004,0.004
4650,0.01,0.01,0.01
4651,0.014,0.014,0.014
4652,0.018,0.018,0.018
4653,0.02,0.02,0.02
4654,0.018,0.018,0.018
4655,0.018,0.018,0.018
4656,0.052,0.052,0.052
4657,0.052,0.052,0.052
4658,0.052,0.052,0.052
4659,0.046,0.046,0.046
4660,0.044,0.044,0.044
4661,0.044,0.044,0.044
4662,0.05,0.05,0.05
4663,0.046,0.046,0.046
4664,0.044,0.044,0.044
4665,0.038,0.038,0.038
4666,0.038,0.038,0.038
4667,0.038,0.038,0.038
4668,0.048,0.048,0.048
4669,0.058,0.058,0.058
4670,0.068,0.068,0.068
4671,0.058,0.058,0.058
4672,0.054,0.054,0.054
4673,0.05,0.05,0.05
4674,0.072,0.072,0.072
4675,0.088,0.088,0.088
4676,0.11,0.11,0.11
4677,0.098,0.098,0.098
4678,0.112,0.112,0.112
4679,0.104,0.104,0.104
4680,0.134,0.134,0.134
4681,0.14,0.14,0.14
4682,0.122,0.122,0.122
4683,0.118,0.118,0.118
4684,0.12,0.12,0.12
4685,0.106,0.106,0.106
4686,0.072,0.072,0.072
4687,0.054,0.054,0.054
4688,0.054,0.054,0.054
4689,0.12,0.12,0.12
4690,0.168,0.168,0.168
4691,0.15,0.15,0.15
4692,0.128,0.128,0.128
4693,0.124,0.124,0.124
4694,0.146,0.146,0.146
4695,0.146,0.146,0.146
4696,0.144,0.144,0.144
4697,0.136,0.136,0.136
4698,0.132,0.132,0.132
4699,0.118,0.118,0.118
4700,0.13,0.13,0.13
4701,0.106,0.106,0.106
4702,0.116,0.116,0.116
4703,0.126,0.126,0.126
4704,0.12,0.12,0.12
4705,0.14,0.14,0.14
4706,0.126,0.126,0.126
4707,0.122,0.122,0.122
4708,0.118,0.118,0.118
4709,0.106,0.106,0.106
4710,0.118,0.118,0.118
4711,0.12,0.12,0.12
4712,0.108,0.108,0.108
4713,0.124,0.124,0.124
4714,0.126,0.126,0.126
4715,0.106,0.106,0.106
4716,0.098,0.098,0.098
4717,0.106,0.106,0.106
4718,0.116,0.116,0.116
4719,0.116,0.116,0.116
4720,0.13,0.13,0.13
4721,0.148,0.148,0.148
4722,0.154,0.154,0.154
4723,0.134,0.134,0.134
4724,0.154,0.154,0.154
4725,0.132,0.132,0.132
4726,0.126,0.126,0.126
4727,0.122,0.122,0.122
4728,0.134,0.134,0.134
4729,0.142,0.142,0.142
4730,0.136,0.136,0.136
4731,0.122,0.122,0.122
4732,0.16,0.16,0.16
4733,0.188,0.188,0.188
4734,0.154,0.154,0.154
4735,0.188,0.188,0.188
4736,0.17,0.17,0.17
4737,0.174,0.174,0.174
4738,0.17,0.17,0.17
4739,0.162,0.162,0.162
4740,0.158,0.158,0.158
4741,0.156,0.156,0.156
4742,0.164,0.164,0.164
4743,0.16,0.16,0.16
4744,0.164,0.164,0.164
4745,0.112,0.112,0.112
4746,0.154,0.154,0.154
4747,0.154,0.154,0.154
4748,0.154,0.154,0.154
4749,0.158,0.158,0.158
4750,0.156,0.156,0.156
4751,0.156,0.156,0.156
4752,0.16,0.16,0.16
4753,0.138,0.138,0.138
4754,0.15,0.15,0.15
4755,0.154,0.154,0.154
4756,0.162,0.162,0.162
4757,0.172,0.172,0.172
4758,0.17,0.17,0.17
4759,0.19,0.19,0.19
4760,0.23,0.23,0.23
4761,0.274,0.274,0.274
4762,0.246,0.246,0.246
4763,0.24,0.24,0.24
4764,0.276,0.276,0.276
4765,0.308,0.308,0.308
4766,0.248,0.248,0.248
4767,0.264,0.264,0.264
4768,0.262,0.262,0.262
4769,0.304,0.304,0.304
4770,0.302,0.302,0.302
4771,0.29,0.29,0.29
4772,0.246,0.246,0.246
4773,0.248,0.248,0.248
4774,0.244,0.244,0.244
4775,0.222,0.222,0.222
4776,0.228,0.228,0.228
4777,0.234,0.234,0.234
4778,0.238,0.238,0.238
4779,0.246,0.246,0.246
4780,0.242,0.242,0.242
4781,0.248,0.248,0.248
4782,0.238,0.238,0.238
4783,0.25,0.25,0.25
4784,0.248,0.248,0.248
4785,0.248,0.248,0.248
4786,0.278,0.278,0.278
4787,0.268,0.268,0.268
4788,0.274,0.274,0.274
4789,0.272,0.272,0.272
4790,0.276,0.276,0.276
4791,0.28,0.28,0.28
4792,0.288,0.288,0.288
4793,0.302,0.302,0.302
4794,0.298,0.298,0.298
4795,0.31,0.31,0.31
4796,0.312,0.312,0.312
4797,0.358,0.358,0.358
4798,0.342,0.342,0.342
4799,0.338,0.338,0.338
4800,0.338,0.338,0.338
4801,0.344,0.344,0.344
4802,0.342,0.342,0.342
4803,0.33,0.33,0.33
4804,0.332,0.332,0.332
4805,0.342,0.342,0.342
4806,0.336,0.336,0.336
4807,0.382,0.382,0.382
4808,0.368,0.368,0.368
4809,0.35,0.35,0.35
4810,0.376,0.376,0.376
4811,0.406,0.406,0.406
4812,0.39,0.39,0.39
4813,0.39,0.39,0.39
4814,0.372,0.372,0.372
4815,0.368,0.368,0.368
4816,0.38,0.38,0.38
4817,0.368,0.368,0.368
4818,0.372,0.372,0.372
4819,0.358,0.358,0.358
4820,0.366,0.366,0.366
4821,0.372,0.372,0.372
4822,0.382,0.382,0.382
4823,0.388,0.388,0.388
4824,0.39,0.39,0.39
4825,0.382,0.382,0.382
4826,0.386,0.386,0.386
4827,0.416,0.416,0.416
4828,0.406,0.406,0.406
4829,0.406,0.406,0.406
4830,0.404,0.404,0.404
4831,0.404,0.404,0.404
4832,0.402,0.402,0.402
4833,0.404,0.404,0.404
4834,0.426,0.426,0.426
4835,0.422,0.422,0.422
4836,0.418,0.418,0.418
4837,0.418,0.418,0.418
4838,0.412,0.412,0.412
4839,0.414,0.414,0.414
4840,0.398,0.398,0.398
4841,0.388,0.388,0.388
4842,0.39,0.39,0.39
4843,0.378,0.378,0.378
4844,0.374,0.374,0.374
4845,0.384,0.384,0.384
4846,0.446,0.446,0.446
4847,0.432,0.432,0.432
4848,0.442,0.442,0.442
4849,0.44,0.44,0.44
4850,0.432,0.432,0.432
4851,0.436,0.436,0.436
4852,0.432,0.432,0.432
4853,0.43,0.43,0.43
4854,0.43,0.43,0.43
4855,0.41,0.41,0.41
4856,0.422,0.422,0.422
4857,0.43,0.43,0.43
4858,0.426,0.426,0.426
4859,0.42,0.42,0.42
4860,0.434,0.434,0.434
4861,0.422,0.422,0.422
4862,0.428,0.428,0.428
4863,0.44,0.44,0.44
4864,0.428,0.428,0.428
4865,0.428,0.428,0.428
4866,0.418,0.418,0.418
4867,0.41,0.41,0.41
4868,0.416,0.416,0.416
4869,0.402,0.402,0.402
4870,0.398,0.398,0.398
4871,0.394,0.394,0.394
4872,0.396,0.396,0.396
4873,0.384,0.384,0.384
4874,0.378,0.378,0.378
4875,0.37,0.37,0.37
4876,0.36,0.36,0.36
4877,0.35,0.35,0.35
4878,0.35,0.35,0.35
4879,0.346,0.346,0.346
4880,0.342,0.342,0.342
4881,0.336,0.336,0.336
4882,0.332,0.332,0.332
4883,0.326,0.326,0.326
4884,0.314,0.314,0.314
4885,0.318,0.318,0.318
4886,0.312,0.312,0.312
4887,0.294,0.294,0.294
4888,0.292,0.296,0.296
4889,0.294,0.282,0.282
4890,0.288,0.268,0.268
4891,0.284,0.24,0.24
4892,0.292,0.224,0.224
4893,0.306,0.218,0.218
4894,0.296,0.184,0.184
4895,0.282,0.182,0.182
4896,0.268,0.17,0.17
4897,0.24,0.166,0.166
4898,0.224,0.152,0.152
4899,0.218,0.148,0.148
4900,0.184,0.12,0.12
4901,0.182,0.116,0.116
4902,0.17,0.102,0.102
4903,0.166,0.066,0.066
4904,0.152,0.042,0.042
4905,0.148,0.036,0.036
4906,0.12,0.02,0.02
4907,0.116,0.018,0.018
4908,0.102,0.016,0.016
4909,0.066,0.016,0.016
4910,0.042,0.01,0.01
4911,0.036,0.01,0.01
4912,0.02,0.004,0.004
4913,0.018,0.004,0.004
4914,0.016,0.004,0.004
4915,0.016,0.004,0.004
4916,0.01,0,0
4917,0.01,0,0
4918,0.004,0,0
4919,0.004,0,0
4920,0.004,0,0
4921,0.004,0,0
4922,0,0,0
4923,0,0,0
4924,0,0,0
4925,0,0,0
4926,0,0,0
4927,0,0,0
4928,0,0,0
4929,0,0,0
4930,0,0,0
4931,0,0,0
4932,0,0,0
4933,0,0,0
4934,0,0,0
4935,0,0,0
4936,0,0,0
4937,0,0,0
4938,0,0,0
4939,0,0,0
4940,0,0,0
4941,0,0,0
4942,0,0,0
4943,0,0,0
4944,0,0,0
4945,0,0,0
4946,0,0,0
4947,0,0,0
4948,0,0,0
4949,0,0,0
4950,0,0,0
4951,0,0,0
4952,0,0,0
4953,0,0,0
4954,0,0,0
4955,0,0,0
4956,0,0,0
4957,0,0,0
4958,0,0,0
4959,0,0,0
4960,0,0,0
4961,0,0,0
4962,0,0,0
4963,0,0,0
4964,0,0,0
4965,0,0,0
4966,0,0,0
4967,0,0,0
4968,0,0,0
4969,0,0,0
4970,0,0,0
4971,0,0,0
4972,0.008,0.008,0.008
4973,0,0,0
4974,0,0,0
4975,0,0,0
4976,0,0,0
4977,0,0,0
4978,0,0,0
4979,0,0,0
4980,0,0,0
4981,0,0,0
4982,0,0,0
4983,0,0,0
4984,0,0,0
4985,0,0,0
4986,0,0,0
4987,0,0,0
4988,0,0,0
4989,0,0,0
4990,0,0,0
4991,0,0,0
4992,0,0,0
4993,0,0,0
4994,0,0,0
4995,0,0,0
4996,0,0,0
4997,0,0,0
4998,0,0,0
4999,0,0,0
5000,0,0,0
5001,0,0,0
5002,0.004,0.004,0.004
5003,0,0,0
5004,0,0,0
5005,0,0,0
5006,0,0,0
5007,0,0,0
5008,0,0,0
5009,0,0,0
5010,0,0,0
5011,0,0,0
5012,0,0,0
5013,0,0,0
5014,0.004,0.004,0.004
5015,0.01,0.01,0.01
5016,0.014,0.014,0.014
5017,0.018,0.018,0.018
5018,0.02,0.02,0.02
5019,0.018,0.018,0.018
5020,0.018,0.018,0.018
5021,0.052,0.052,0.052
5022,0.052,0.052,0.052
5023,0.052,0.052,0.052
5024,0.046,0.046,0.046
5025,0.044,0.044,0.044
5026,0.044,0.044,0.044
5027,0.05,0.05,0.05
5028,0.046,0.046,0.046
5029,0.044,0.044,0.044
5030,0.038,0.038,0.038
5031,0.038,0.038,0.038
5032,0.038,0.038,0.038
5033,0.048,0.048,0.048
5034,0.058,0.058,0.058
5035,0.068,0.068,0.068
5036,0.058,0.058,0.058
5037,0.054,0.054,0.054
5038,0.05,0.05,0.05
5039,0.072,0.072,0.072
5040,0.088,0.088,0.088
5041,0.11,0.11,0.11
5042,0.098,0.098,0.098
5043,0.112,0.112,0.112
5044,0.104,0.104,0.104
5045,0.134,0.134,0.134
5046,0.14,0.14,0.14
5047,0.122,0.122,0.122
5048,0.118,0.118,0.118
5049,0.12,0.12,0.12
5050,0.106,0.106,0.106
5051,0.072,0.072,0.072
5052,0.054,0.054,0.054
5053,0.054,0.054,0.054
5054,0.12,0.12,0.12
5055,0.168,0.168,0.168
5056,0.15,0.15,0.15
5057,0.128,0.128,0.128
5058,0.124,0.124,0.124
5059,0.146,0.146,0.146
5060,0.146,0.146,0.146
5061,0.144,0.144,0.144
5062,0.136,0.136,0.136
5063,0.132,0.132,0.132
5064,0.118,0.118,0.118
5065,0.13,0.13,0.13
5066,0.106,0.106,0.106
5067,0.116,0.116,0.116
5068,0.126,0.126,0.126
5069,0.12,0.12,0.12
5070,0.14,0.14,0.14
5071,0.126,0.126,0.126
5072,0.122,0.122,0.122
5073,0.118,0.118,0.118
5074,0.106,0.106,0.106
5075,0.118,0.118,0.118
5076,0.12,0.12,0.12
5077,0.108,0.108,0.108
5078,0.124,0.124,0.124
5079,0.126,0.126,0.126
5080,0.106,0.106,0.106
5081,0.098,0.098,0.098
5082,0.106,0.106,0.106
5083,0.116,0.116,0.116
5084,0.116,0.116,0.116
5085,0.13,0.13,0.13
5086,0.148,0.148,0.148
5087,0.154,0.154,0.154
5088,0.134,0.134,0.134
5089,0.154,0.154,0.154
5090,0.132,0.132,0.132
5091,0.126,0.126,0.126
5092,0.122,0.122,0.122
5093,0.134,0.134,0.134
5094,0.142,0.142,0.142
5095,0.136,0.136,0.136
5096,0.122,0.122,0.122
5097,0.16,0.16,0.16
5098,0.188,0.188,0.188
5099,0.154,0.154,0.154
5100,0.188,0.188,0.188
5101,0.17,0.17,0.17
5102,0.174,0.174,0.174
5103,0.17,0.17,0.17
5104,0.162,0.162,0.162
5105,0.158,0.158,0.158
5106,0.156,0.156,0.156
5107,0.164,0.164,0.164
5108,0.16,0.16,0.16
5109,0.164,0.164,0.164
5110,0.112,0.112,0.112
5111,0.154,0.154,0.154
5112,0.154,0.154,0.154
5113,0.154,0.154,0.154
5114,0.158,0.158,0.158
5115,0.156,0.156,0.156
5116,0.156,0.156,0.156
5117,0.16,0.16,0.16
5118,0.138,0.138,0.138
5119,0.15,0.15,0.15
5120,0.154,0.154,0.154
5121,0.162,0.162,0.162
5122,0.172,0.172,0.172
5123,0.17,0.17,0.17
5124,0.19,0.19,0.19
5125,0.23,0.23,0.23
5126,0.274,0.274,0.274
5127,0.246,0.246,0.246
5128,0.24,0.24,0.24
5129,0.276,0.276,0.276
5130,0.308,0.308,0.308
5131,0.248,0.248,0.248
5132,0.264,0.264,0.264
5133,0.262,0.262,0.262
5134,0.304,0.304,0.304
5135,0.302,0.302,0.302
5136,0.29,0.29,0.29
5137,0.246,0.246,0.246
5138,0.248,0.248,0.248
5139,0.244,0.244,0.244
5140,0.222,0.222,0.222
5141,0.228,0.228,0.228
5142,0.234,0.234,0.234
5143,0.238,0.238,0.238
5144,0.246,0.246,0.246
5145,0.242,0.242,0.242
5146,0.248,0.248,0.248
5147,0.238,0.238,0.238
5148,0.25,0.25,0.25
5149,0.248,0.248,0.248
5150,0.248,0.248,0.248
5151,0.278,0.278,0.278
5152,0.268,0.268,0.268
5153,0.274,0.274,0.274
5154,0.272,0.272,0.272
5155,0.276,0.276,0.276
5156,0.28,0.28,0.28
5157,0.288,0.288,0.288
5158,0.302,0.302,0.302
5159,0.298,0.298,0.298
5160,0.31,0.31,0.31
5161,0.312,0.312,0.312
5162,0.358,0.358,0.358
5163,0.342,0.342,0.342
5164,0.338,0.338,0.338
5165,0.338,0.338,0.338
5166,0.344,0.344,0.344
5167,0.342,0.342,0.342
5168,0.33,0.33,0.33
5169,0.332,0.332,0.332
5170,0.342,0.342,0.342
5171,0.336,0.336,0.336
5172,0.382,0.382,0.382
5173,0.368,0.368,0.368
5174,0.35,0.35,0.35
5175,0.376,0.376,0.376
5176,0.406,0.406,0.406
5177,0.39,0.39,0.39
5178,0.39,0.39,0.39
5179,0.372,0.372,0.372
5180,0.368,0.368,0.368
5181,0.38,0.38,0.38
5182,0.368,0.368,0.368
5183,0.372,0.372,0.372
5184,0.358,0.358,0.358
5185,0.366,0.366,0.366
5186,0.372,0.372,0.372
5187,0.382,0.382,0.382
5188,0.388,0.388,0.388
5189,0.39,0.39,0.39
5190,0.382,0.382,0.382
5191,0.386,0.386,0.386
5192,0.416,0.416,0.416
5193,0.406,0.406,0.406
5194,0.406,0.406,0.406
5195,0.404,0.404,0.404
5196,0.404,0.404,0.404
5197,0.402,0.402,0.402
5198,0.404,0.404,0.404
5199,0.426,0.426,0.426
5200,0.422,0.422,0.422
5201,0.418,0.418,0.418
5202,0.418,0.418,0.418
5203,0.412,0.412,0.412
5204,0.414,0.414,0.414
5205,0.398,0.398,0.398
5206,0.388,0.388,0.388
5207,0.39,0.39,0.39
5208,0.378,0.378,0.378
5209,0.374,0.374,0.374
5210,0.384,0.384,0.384
5211,0.446,0.446,0.446
5212,0.432,0.432,0.432
5213,0.442,0.442,0.442
5214,0.44,0.44,0.44
5215,0.432,0.432,0.432
5216,0.436,0.436,0.436
5217,0.432,0.432,0.432
5218,0.43,0.43,0.43
5219,0.43,0.43,0.43
5220,0.41,0.41,0.41
5221,0.422,0.422,0.422
5222,0.43,0.43,0.43
5223,0.426,0.426,0.426
5224,0.42,0.42,0.42
5225,0.434,0.434,0.434
5226,0.422,0.422,0.422
5227,0.428,0.428,0.428
5228,0.44,0.44,0.44
5229,0.428,0.428,0.428
5230,0.428,0.428,0.428
5231,0.418,0.418,0.418
5232,0.41,0.41,0.41
5233,0.416,0.416,0.416
5234,0.402,0.402,0.402
5235,0.398,0.398,0.398
5236,0.394,0.394,0.394
5237,0.396,0.396,0.396
5238,0.384,0.384,0.384
5239,0.378,0.378,0.378
5240,0.37,0.37,0.37
5241,0.36,0.36,0.36
5242,0.35,0.35,0.35
5243,0.35,0.35,0.35
5244,0.346,0.346,0.346
5245,0.342,0.342,0.342
5246,0.336,0.336,0.336
5247,0.332,0.332,0.332
5248,0.326,0.326,0.326
5249,0.314,0.314,0.314
5250,0.318,0.318,0.318
5251,0.312,0.312,0.312
5252,0.294,0.296,0.296
5253,0.292,0.282,0.282
5254,0.294,0.268,0.268
5255,0.288,0.24,0.24
5256,0.284,0.224,0.224
5257,0.292,0.218,0.218
5258,0.306,0.184,0.184
5259,0.296,0.182,0.182
5260,0.282,0.17,0.17
5261,0.268,0.166,0.166
5262,0.24,0.152,0.152
5263,0.224,0.148,0.148
5264,0.218,0.12,0.12
5265,0.184,0.116,0.116
5266,0.182,0.102,0.102
5267,0.17,0.066,0.066
5268,0.166,0.042,0.042
5269,0.152,0.036,0.036
5270,0.148,0.02,0.02
5271,0.12,0.018,0.018
5272,0.116,0.016,0.016
5273,0.102,0.016,0.016
5274,0.066,0.01,0.01
5275,0.042,0.01,0.01
5276,0.036,0.004,0.004
5277,0.02,0.004,0.004
5278,0.018,0.004,0.004
5279,0.016,0.004,0.004
5280,0.016,0,0
5281,0.01,0,0
5282,0.01,0,0
5283,0.004,0,0
5284,0.004,0,0
5285,0.004,0,0
5286,0.004,0,0
5287,0,0,0
5288,0,0,0
5289,0,0,0
5290,0,0,0
5291,0,0,0
5292,0,0,0
5293,0,0,0
5294,0,0,0
5295,0,0,0
5296,0,0,0
5297,0,0,0
5298,0,0,0
5299,0,0,0
5300,0,0,0
5301,0,0,0
5302,0,0,0
5303,0,0,0
5304,0,0,0
5305,0,0,0
5306,0,0,0
5307,0,0,0
5308,0,0,0
5309,0,0,0
5310,0,0,0
5311,0,0,0
5312,0,0,0
5313,0,0,0
5314,0,0,0
5315,0,0,0
5316,0,0,0
5317,0,0,0
5318,0,0,0
5319,0,0,0
5320,0,0,0
5321,0,0,0
5322,0,0,0
5323,0,0,0
5324,0,0,0
5325,0,0,0
5326,0,0,0
5327,0,0,0
5328,0,0,0
5329,0,0,0
5330,0,0,0
5331,0,0,0
5332,0,0,0
5333,0,0,0
5334,0,0,0
5335,0,0,0
5336,0,0,0
5337,0.008,0.008,0.008
5338,0,0,0
5339,0,0,0
5340,0,0,0
5341,0,0,0
5342,0,0,0
5343,0,0,0
5344,0,0,0
5345,0,0,0
5346,0,0,0
5347,0,0,0
5348,0,0,0
5349,0,0,0
5350,0,0,0
5351,0,0,0
5352,0,0,0
5353,0,0,0
5354,0,0,0
5355,0,0,0
5356,0,0,0
5357,0,0,0
5358,0,0,0
5359,0,0,0
5360,0,0,0
5361,0,0,0
5362,0,0,0
5363,0,0,0
5364,0,0,0
5365,0,0,0
5366,0,0,0
5367,0.004,0.004,0.004
5368,0,0,0
5369,0,0,0
5370,0,0,0
5371,0,0,0
5372,0,0,0
5373,0,0,0
5374,0,0,0
5375,0,0,0
5376,0,0,0
5377,0,0,0
5378,0,0,0
5379,0.004,0.004,0.004
5380,0.01,0.01,0.01
5381,0.014,0.014,0.014
5382,0.018,0.018,0.018
5383,0.02,0.02,0.02
5384,0.018,0.018,0.018
5385,0.018,0.018,0.018
5386,0.052,0.052,0.052
5387,0.052,0.052,0.052
5388,0.052,0.052,0.052
5389,0.046,0.046,0.046
5390,0.044,0.044,0.044
5391,0.044,0.044,0.044
5392,0.05,0.05,0.05
5393,0.046,0.046,0.046
5394,0.044,0.044,0.044
5395,0.038,0.038,0.038
5396,0.038,0.038,0.038
5397,0.038,0.038,0.038
5398,0.048,0.048,0.048
5399,0.058,0.058,0.058
5400,0.068,0.068,0.068
5401,0.058,0.058,0.058
5402,0.054,0.054,0.054
5403,0.05,0.05,0.05
5404,0.072,0.072,0.072
5405,0.088,0.088,0.088
5406,0.11,0.11,0.11
5407,0.098,0.098,0.098
5408,0.112,0.112,0.112
5409,0.104,0.104,0.104
5410,0.134,0.134,0.134
5411,0.14,0.14,0.14
5412,0.122,0.122,0.122
5413,0.118,0.118,0.118
5414,0.12,0.12,0.12
5415,0.106,0.106,0.106
5416,0.072,0.072,0.072
5417,0.054,0.054,0.054
5418,0.054,0.054,0.054
5419,0.12,0.12,0.12
5420,0.168,0.168,0.168
5421,0.15,0.15,0.15
5422,0.128,0.128,0.128
5423,0.124,0.124,0.124
5424,0.146,0.146,0.146
5425,0.146,0.146,0.146
5426,0.144,0.144,0.144
5427,0.136,0.136,0.136
5428,0.132,0.132,0.132
5429,0.118,0.118,0.118
5430,0.13,0.13,0.13
5431,0.106,0.106,0.106
5432,0.116,0.116,0.116
5433,0.126,0.126,0.126
5434,0.12,0.12,0.12
5435,0.14,0.14,0.14
5436,0.126,0.126,0.126
5437,0.122,0.122,0.122
5438,0.118,0.118,0.118
5439,0.106,0.106,0.106
5440,0.118,0.118,0.118
5441,0.12,0.12,0.12
5442,0.108,0.108,0.108
5443,0.124,0.124,0.124
5444,0.126,0.126,0.126
5445,0.106,0.106,0.106
5446,0.098,0.098,0.098
5447,0.106,0.106,0.106
5448,0.116,0.116,0.116
5449,0.116,0.116,0.116
5450,0.13,0.13,0.13
5451,0.148,0.148,0.148
5452,0.154,0.154,0.154
5453,0.134,0.134,0.134
5454,0.154,0.154,0.154
5455,0.132,0.132,0.132
5456,0.126,0.126,0.126
5457,0.122,0.122,0.122
5458,0.134,0.134,0.134
5459,0.142,0.142,0.142
5460,0.136,0.136,0.136
5461,0.122,0.122,0.122
5462,0.16,0.16,0.16
5463,0.188,0.188,0.188
5464,0.154,0.154,0.154
5465,0.188,0.188,0.188
5466,0.17,0.17,0.17
5467,0.174,0.174,0.174
5468,0.17,0.17,0.17
5469,0.162,0.162,0.162
5470,0.158,0.158,0.158
5471,0.156,0.156,0.156
5472,0.164,0.164,0.164
5473,0.16,0.16,0.16
5474,0.164,0.164,0.164
5475,0.112,0.112,0.112
5476,0.154,0.154,0.154
5477,0.154,0.154,0.154
5478,0.154,0.154,0.154
5479,0.158,0.158,0.158
5480,0.156,0.156,0.156
5481,0.156,0.156,0.156
5482,0.16,0.16,0.16
5483,0.138,0.138,0.138
5484,0.15,0.15,0.15
5485,0.154,0.154,0.154
5486,0.162,0.162,0.162
5487,0.172,0.172,0.172
5488,0.17,0.17,0.17
5489,0.19,0.19,0.19
5490,0.23,0.23,0.23
5491,0.274,0.274,0.274
5492,0.246,0.246,0.246
5493,0.24,0.24,0.24
5494,0.276,0.276,0.276
5495,0.308,0.308,0.308
5496,0.248,0.248,0.248
5497,0.264,0.264,0.264
5498,0.262,0.262,0.262
5499,0.304,0.304,0.304
5500,0.302,0.302,0.302
5501,0.29,0.29,0.29
5502,0.246,0.246,0.246
5503,0.248,0.248,0.248
5504,0.244,0.244,0.244
5505,0.222,0.222,0.222
5506,0.228,0.228,0.228
5507,0.234,0.234,0.234
5508,0.238,0.238,0.238
5509,0.246,0.246,0.246
5510,0.242,0.242,0.242
5511,0.248,0.248,0.248
5512,0.238,0.238,0.238
5513,0.25,0.25,0.25
5514,0.248,0.248,0.248
5515,0.248,0.248,0.248
5516,0.278,0.278,0.278
5517,0.268,0.268,0.268
5518,0.274,0.274,0.274
5519,0.272,0.272,0.272
5520,0.276,0.276,0.276
5521,0.28,0.28,0.28
5522,0.288,0.288,0.288
5523,0.302,0.302,0.302
5524,0.298,0.298,0.298
5525,0.31,0.31,0.31
5526,0.312,0.312,0.312
5527,0.358,0.358,0.358
5528,0.342,0.342,0.342
5529,0.338,0.338,0.338
5530,0.338,0.338,0.338
5531,0.344,0.344,0.344
5532,0.342,0.342,0.342
5533,0.33,0.33,0.33
5534,0.332,0.332,0.332
5535,0.342,0.342,0.342
5536,0.336,0.336,0.336
5537,0.382,0.382,0.382
5538,0.368,0.368,0.368
5539,0.35,0.35,0.35
5540,0.376,0.376,0.376
5541,0.406,0.406,0.406
5542,0.39,0.39,0.39
5543,0.39,0.39,0.39
5544,0.372,0.372,0.372
5545,0.368,0.368,0.368
5546,0.38,0.38,0.38
5547,0.368,0.368,0.368
5548,0.372,0.372,0.372
5549,0.358,0.358,0.358
5550,0.366,0.366,0.366
5551,0.372,0.372,0.372
5552,0.382,0.382,0.382
5553,0.388,0.388,0.388
5554,0.39,0.39,0.39
5555,0.382,0.382,0.382
5556,0.386,0.386,0.386
5557,0.416,0.416,0.416
5558,0.406,0.406,0.406
5559,0.406,0.406,0.406
5560,0.404,0.404,0.404
5561,0.404,0.404,0.404
5562,0.402,0.402,0.402
5563,0.404,0.404,0.404
5564,0.426,0.426,0.426
5565,0.422,0.422,0.422
5566,0.418,0.418,0.418
5567,0.418,0.418,0.418
5568,0.412,0.412,0.412
5569,0.414,0.414,0.414
5570,0.398,0.398,0.398
5571,0.388,0.388,0.388
5572,0.39,0.39,0.39
5573,0.378,0.378,0.378
5574,0.374,0.374,0.374
5575,0.384,0.384,0.384
5576,0.446,0.446,0.446
5577,0.432,0.432,0.432
5578,0.442,0.442,0.442
5579,0.44,0.44,0.44
5580,0.432,0.432,0.432
5581,0.436,0.436,0.436
5582,0.432,0.432,0.432
5583,0.43,0.43,0.43
5584,0.43,0.43,0.43
5585,0.41,0.41,0.41
5586,0.422,0.422,0.422
5587,0.43,0.43,0.43
5588,0.426,0.426,0.426
5589,0.42,0.42,0.42
5590,0.434,0.434,0.434
5591,0.422,0.422,0.422
5592,0.428,0.428,0.428
5593,0.44,0.44,0.44
5594,0.428,0.428,0.428
5595,0.428,0.428,0.428
5596,0.418,0.418,0.418
5597,0.41,0.41,0.41
5598,0.416,0.416,0.416
5599,0.402,0.402,0.402
5600,0.398,0.398,0.398
5601,0.394,0.394,0.394
5602,0.396,0.396,0.396
5603,0.384,0.384,0.384
5604,0.378,0.378,0.378
5605,0.37,0.37,0.37
5606,0.36,0.36,0.36
5607,0.35,0.35,0.35
5608,0.35,0.35,0.35
5609,0.346,0.346,0.346
5610,0.342,0.342,0.342
5611,0.336,0.336,0.336
5612,0.332,0.332,0.332
5613,0.326,0.326,0.326
5614,0.314,0.314,0.314
5615,0.318,0.318,0.318
5616,0.312,0.312,0.312
5617,0.294,0.296,0.296
5618,0.292,0.282,0.282
5619,0.294,0.268,0.268
5620,0.288,0.24,0.24
5621,0.284,0.224,0.224
5622,0.292,0.218,0.218
5623,0.306,0.184,0.184
5624,0.296,0.182,0.182
5625,0.282,0.17,0.17
5626,0.268,0.166,0.166
5627,0.24,0.152,0.152
5628,0.224,0.148,0.148
5629,0.218,0.12,0.12
5630,0.184,0.116,0.116
5631,0.182,0.102,0.102
5632,0.17,0.066,0.066
5633,0.166,0.042,0.042
5634,0.152,0.036,0.036
5635,0.148,0.02,0.02
5636,0.12,0.018,0.018
5637,0.116,0.016,0.016
5638,0.102,0.016,0.016
5639,0.066,0.01,0.01
5640,0.042,0.01,0.01
5641,0.036,0.004,0.004
5642,0.02,0.004,0.004
5643,0.018,0.004,0.004
5644,0.016,0.004,0.004
5645,0.016,0,0
5646,0.01,0,0
5647,0.01,0,0
5648,0.004,0,0
5649,0.004,0,0
5650,0.004,0,0
5651,0.004,0,0
5652,0,0,0
5653,0,0,0
5654,0,0,0
5655,0,0,0
5656,0,0,0
5657,0,0,0
5658,0,0,0
5659,0,0,0
5660,0,0,0
5661,0,0,0
5662,0,0,0
5663,0,0,0
5664,0,0,0
5665,0,0,0
5666,0,0,0
5667,0,0,0
5668,0,0,0
5669,0,0,0
5670,0,0,0
5671,0,0,0
5672,0,0,0
5673,0,0,0
5674,0,0,0
5675,0,0,0
5676,0,0,0
5677,0,0,0
5678,0,0,0
5679,0,0,0
5680,0,0,0
5681,0,0,0
5682,0,0,0
5683,0,0,0
5684,0,0,0
5685,0,0,0
5686,0,0,0
5687,0,0,0
5688,0,0,0
5689,0,0,0
5690,0,0,0
5691,0,0,0
5692,0,0,0
5693,0,0,0
5694,0,0,0
5695,0,0,0
5696,0,0,0
5697,0,0,0
5698,0,0,0
5699,0,0,0
5700,0,0,0
5701,0,0,0
5702,0.008,0.008,0.008
5703,0,0,0
5704,0,0,0
5705,0,0,0
5706,0,0,0
5707,0,0,0
5708,0,0,0
5709,0,0,0
5710,0,0,0
5711,0,0,0
5712,0,0,0
5713,0,0,0
5714,0,0,0
5715,0,0,0
5716,0,0,0
5717,0,0,0
5718,0,0,0
5719,0,0,0
5720,0,0,0
5721,0,0,0
5722,0,0,0
5723,0,0,0
5724,0,0,0
5725,0,0,0
5726,0,0,0
5727,0,0,0
5728,0,0,0
5729,0,0,0
5730,0,0,0
5731,0,0,0
5732,0.004,0.004,0.004
5733,0,0,0
5734,0,0,0
5735,0,0,0
5736,0,0,0
5737,0,0,0
5738,0,0,0
5739,0,0,0
5740,0,0,0
5741,0,0,0
5742,0,0,0
5743,0,0,0
5744,0.004,0.004,0.004
5745,0.01,0.01,0.01
5746,0.014,0.014,0.014
5747,0.018,0.018,0.018
5748,0.02,0.02,0.02
5749,0.018,0.018,0.018
5750,0.018,0.018,0.018
5751,0.052,0.052,0.052
5752,0.052,0.052,0.052
5753,0.052,0.052,0.052
5754,0.046,0.046,0.046
5755,0.044,0.044,0.044
5756,0.044,0.044,0.044
5757,0.05,0.05,0.05
5758,0.046,0.046,0.046
5759,0.044,0.044,0.044
5760,0.038,0.038,0.038
5761,0.038,0.038,0.038
5762,0.038,0.038,0.038
5763,0.048,0.048,0.048
5764,0.058,0.058,0.058
5765,0.068,0.068,0.068
5766,0.058,0.058,0.058
5767,0.054,0.054,0.054
5768,0.05,0.05,0.05
5769,0.072,0.072,0.072
5770,0.088,0.088,0.088
5771,0.11,0.11,0.11
5772,0.098,0.098,0.098
5773,0.112,0.112,0.112
5774,0.104,0.104,0.104
5775,0.134,0.134,0.134
5776,0.14,0.14,0.14
5777,0.122,0.122,0.122
5778,0.118,0.118,0.118
5779,0.12,0.12,0.12
5780,0.106,0.106,0.106
5781,0.072,0.072,0.072
5782,0.054,0.054,0.054
5783,0.054,0.054,0.054
5784,0.12,0.12,0.12
5785,0.168,0.168,0.168
5786,0.15,0.15,0.15
5787,0.128,0.128,0.128
5788,0.124,0.124,0.124
5789,0.146,0.146,0.146
5790,0.146,0.146,0.146
5791,0.144,0.144,0.144
5792,0.136,0.136,0.136
5793,0.132,0.132,0.132
5794,0.118,0.118,0.118
5795,0.13,0.13,0.13
5796,0.106,0.106,0.106
5797,0.116,0.116,0.116
5798,0.126,0.126,0.126
5799,0.12,0.12,0.12
5800,0.14,0.14,0.14
5801,0.126,0.126,0.126
5802,0.122,0.122,0.122
5803,0.118,0.118,0.118
5804,0.106,0.106,0.106
5805,0.118,0.118,0.118
5806,0.12,0.12,0.12
5807,0.108,0.108,0.108
5808,0.124,0.124,0.124
5809,0.126,0.126,0.126
5810,0.106,0.106,0.106
5811,0.098,0.098,0.098
5812,0.106,0.106,0.106
5813,0.116,0.116,0.116
5814,0.116,0.116,0.116
5815,0.13,0.13,0.13
5816,0.148,0.148,0.148
5817,0.154,0.154,0.154
5818,0.134,0.134,0.134
5819,0.154,0.154,0.154
5820,0.132,0.132,0.132
5821,0.126,0.126,0.126
5822,0.122,0.122,0.122
5823,0.134,0.134,0.134
5824,0.142,0.142,0.142
5825,0.136,0.136,0.136
5826,0.122,0.122,0.122
5827,0.16,0.16,0.16
5828,0.188,0.188,0.188
5829,0.154,0.154,0.154
5830,0.188,0.188,0.188
5831,0.17,0.17,0.17
5832,0.174,0.174,0.174
5833,0.17,0.17,0.17
5834,0.162,0.162,0.162
5835,0.158,0.158,0.158
5836,0.156,0.156,0.156
5837,0.164,0.164,0.164
5838,0.16,0.16,0.16
5839,0.164,0.164,0.164
5840,0.112,0.112,0.112
5841,0.154,0.154,0.154
5842,0.154,0.154,0.154
5843,0.154,0.154,0.154
5844,0.158,0.158,0.158
5845,0.156,0.156,0.156
5846,0.156,0.156,0.156
5847,0.16,0.16,0.16
5848,0.138,0.138,0.138
5849,0.15,0.15,0.15
5850,0.154,0.154,0.154
5851,0.162,0.162,0.162
5852,0.172,0.172,0.172
5853,0.17,0.17,0.17
5854,0.19,0.19,0.19
5855,0.23,0.23,0.23
5856,0.274,0.274,0.274
5857,0.246,0.246,0.246
5858,0.24,0.24,0.24
5859,0.276,0.276,0.276
5860,0.308,0.308,0.308
5861,0.248,0.248,0.248
5862,0.264,0.264,0.264
5863,0.262,0.262,0.262
5864,0.304,0.304,0.304
5865,0.302,0.302,0.302
5866,0.29,0.29,0.29
5867,0.246,0.246,0.246
5868,0.248,0.248,0.248
5869,0.244,0.244,0.244
5870,0.222,0.222,0.222
5871,0.228,0.228,0.228
5872,0.234,0.234,0.234
5873,0.238,0.238,0.238
5874,0.246,0.246,0.246
5875,0.242,0.242,0.242
5876,0.248,0.248,0.248
5877,0.238,0.238,0.238
5878,0.25,0.25,0.25
5879,0.248,0.248,0.248
5880,0.248,0.248,0.248
5881,0.278,0.278,0.278
5882,0.268,0.268,0.268
5883,0.274,0.274,0.274
5884,0.272,0.272,0.272
5885,0.276,0.276,0.276
5886,0.28,0.28,0.28
5887,0.288,0.288,0.288
5888,0.302,0.302,0.302
5889,0.298,0.298,0.298
5890,0.31,0.31,0.31
5891,0.312,0.312,0.312
5892,0.358,0.358,0.358
5893,0.342,0.342,0.342
5894,0.338,0.338,0.338
5895,0.338,0.338,0.338
5896,0.344,0.344,0.344
5897,0.342,0.342,0.342
5898,0.33,0.33,0.33
5899,0.332,0.332,0.332
5900,0.342,0.342,0.342
5901,0.336,0.336,0.336
5902,0.382,0.382,0.382
5903,0.368,0.368,0.368
5904,0.35,0.35,0.35
5905,0.376,0.376,0.376
5906,0.406,0.406,0.406
5907,0.39,0.39,0.39
5908,0.39,0.39,0.39
5909,0.372,0.372,0.372
5910,0.368,0.368,0.368
5911,0.38,0.38,0.38
5912,0.368,0.368,0.368
5913,0.372,0.372,0.372
5914,0.358,0.358,0.358
5915,0.366,0.366,0.366
5916,0.372,0.372,0.372
5917,0.382,0.382,0.382
5918,0.388,0.388,0.388
5919,0.39,0.39,0.39
5920,0.382,0.382,0.382
5921,0.386,0.386,0.386
5922,0.416,0.416,0.416
5923,0.406,0.406,0.406
5924,0.406,0.406,0.406
5925,0.404,0.404,0.404
5926,0.404,0.404,0.404
5927,0.402,0.402,0.402
5928,0.404,0.404,0.404
5929,0.426,0.426,0.426
5930,0.422,0.422,0.422
5931,0.418,0.418,0.418
5932,0.418,0.418,0.418
5933,0.412,0.412,0.412
5934,0.414,0.414,0.414
5935,0.398,0.398,0.398
5936,0.388,0.388,0.388
5937,0.39,0.39,0.39
5938,0.378,0.378,0.378
5939,0.374,0.374,0.374
5940,0.384,0.384,0.384
5941,0.446,0.446,0.446
5942,0.432,0.432,0.432
5943,0.442,0.442,0.442
5944,0.44,0.44,0.44
5945,0.432,0.432,0.432
5946,0.436,0.436,0.436
5947,0.432,0.432,0.432
5948,0.43,0.43,0.43
5949,0.43,0.43,0.43
5950,0.41,0.41,0.41
5951,0.422,0.422,0.422
5952,0.43,0.43,0.43
5953,0.426,0.426,0.426
5954,0.42,0.42,0.42
5955,0.434,0.434,0.434
5956,0.422,0.422,0.422
5957,0.428,0.428,0.428
5958,0.44,0.44,0.44
5959,0.428,0.428,0.428
5960,0.428,0.428,0.428
5961,0.418,0.418,0.418
5962,0.41,0.41,0.41
5963,0.416,0.416,0.416
5964,0.402,0.402,0.402
5965,0.398,0.398,0.398
5966,0.394,0.394,0.394
5967,0.396,0.396,0.396
5968,0.384,0.384,0.384
5969,0.378,0.378,0.378
5970,0.37,0.37,0.37
5971,0.36,0.36,0.36
5972,0.35,0.35,0.35
5973,0.35,0.35,0.35
5974,0.346,0.346,0.346
5975,0.342,0.342,0.342
5976,0.336,0.336,0.336
5977,0.332,0.332,0.332
5978,0.326,0.326,0.326
5979,0.314,0.314,0.314
5980,0.318,0.318,0.318
5981,0.312,0.296,0.296
5982,0.294,0.282,0.282
5983,0.292,0.268,0.268
5984,0.294,0.24,0.24
5985,0.288,0.224,0.224
5986,0.284,0.218,0.218
5987,0.292,0.184,0.184
5988,0.306,0.182,0.182
5989,0.296,0.17,0.17
5990,0.282,0.166,0.166
5991,0.268,0.152,0.152
5992,0.24,0.148,0.148
5993,0.224,0.12,0.12
5994,0.218,0.116,0.116
5995,0.184,0.102,0.102
5996,0.182,0.066,0.066
5997,0.17,0.042,0.042
5998,0.166,0.036,0.036
5999,0.152,0.02,0.02
6000,0.148,0.018,0.018
6001,0.12,0.016,0.016
6002,0.116,0.016,0.016
6003,0.102,0.01,0.01
6004,0.066,0.01,0.01
6005,0.042,0.004,0.004
6006,0.036,0.004,0.004
6007,0.02,0.004,0.004
6008,0.018,0.004,0.004
6009,0.016,0,0
6010,0.016,0,0
6011,0.01,0,0
6012,0.01,0,0
6013,0.004,0,0
6014,0.004,0,0
6015,0.004,0,0
6016,0.004,0,0
6017,0,0,0
6018,0,0,0
6019,0,0,0
6020,0,0,0
6021,0,0,0
6022,0,0,0
6023,0,0,0
6024,0,0,0
6025,0,0,0
6026,0,0,0
6027,0,0,0
6028,0,0,0
6029,0,0,0
6030,0,0,0
6031,0,0,0
6032,0,0,0
6033,0,0,0
6034,0,0,0
6035,0,0,0
6036,0,0,0
6037,0,0,0
6038,0,0,0
6039,0,0,0
6040,0,0,0
6041,0,0,0
6042,0,0,0
6043,0,0,0
6044,0,0,0
6045,0,0,0
6046,0,0,0
6047,0,0,0
6048,0,0,0
6049,0,0,0
6050,0,0,0
6051,0,0,0
6052,0,0,0
6053,0,0,0
6054,0,0,0
6055,0,0,0
6056,0,0,0
6057,0,0,0
6058,0,0,0
6059,0,0,0
6060,0,0,0
6061,0,0,0
6062,0,0,0
6063,0,0,0
6064,0,0,0
6065,0,0,0
6066,0,0,0
6067,0.008,0.008,0.008
6068,0,0,0
6069,0,0,0
6070,0,0,0
6071,0,0,0
6072,0,0,0
6073,0,0,0
6074,0,0,0
6075,0,0,0
6076,0,0,0
6077,0,0,0
6078,0,0,0
6079,0,0,0
6080,0,0,0
6081,0,0,0
6082,0,0,0
6083,0,0,0
6084,0,0,0
6085,0,0,0
6086,0,0,0
6087,0,0,0
6088,0,0,0
6089,0,0,0
6090,0,0,0
6091,0,0,0
6092,0,0,0
6093,0,0,0
6094,0,0,0
6095,0,0,0
6096,0,0,0
6097,0.004,0.004,0.004
6098,0,0,0
6099,0,0,0
6100,0,0,0
6101,0,0,0
6102,0,0,0
6103,0,0,0
6104,0,0,0
6105,0,0,0
6106,0,0,0
6107,0,0,0
6108,0,0,0
6109,0.004,0.004,0.004
6110,0.01,0.01,0.01
6111,0.014,0.014,0.014
6112,0.018,0.018,0.018
6113,0.02,0.02,0.02
6114,0.018,0.018,0.018
6115,0.018,0.018,0.018
6116,0.052,0.052,0.052
6117,0.052,0.052,0.052
6118,0.052,0.052,0.052
6119,0.046,0.046,0.046
6120,0.044,0.044,0.044
6121,0.044,0.044,0.044
6122,0.05,0.05,0.05
6123,0.046,0.046,0.046
6124,0.044,0.044,0.044
6125,0.038,0.038,0.038
6126,0.038,0.038,0.038
6127,0.038,0.038,0.038
6128,0.048,0.048,0.048
6129,0.058,0.058,0.058
6130,0.068,0.068,0.068
6131,0.058,0.058,0.058
6132,0.054,0.054,0.054
6133,0.05,0.05,0.05
6134,0.072,0.072,0.072
6135,0.088,0.088,0.088
6136,0.11,0.11,0.11
6137,0.098,0.098,0.098
6138,0.112,0.112,0.112
6139,0.104,0.104,0.104
6140,0.134,0.134,0.134
6141,0.14,0.14,0.14
6142,0.122,0.122,0.122
6143,0.118,0.118,0.118
6144,0.12,0.12,0.12
6145,0.106,0.106,0.106
6146,0.072,0.072,0.072
6147,0.054,0.054,0.054
6148,0.054,0.054,0.054
6149,0.12,0.12,0.12
6150,0.168,0.168,0.168
6151,0.15,0.15,0.15
6152,0.128,0.128,0.128
6153,0.124,0.124,0.124
6154,0.146,0.146,0.146
6155,0.146,0.146,0.146
6156,0.144,0.144,0.144
6157,0.136,0.136,0.136
6158,0.132,0.132,0.132
6159,0.118,0.118,0.118
6160,0.13,0.13,0.13
6161,0.106,0.106,0.106
6162,0.116,0.116,0.116
6163,0.126,0.126,0.126
6164,0.12,0.12,0.12
6165,0.14,0.14,0.14
6166,0.126,0.126,0.126
6167,0.122,0.122,0.122
6168,0.118,0.118,0.118
6169,0.106,0.106,0.106
6170,0.118,0.118,0.118
6171,0.12,0.12,0.12
6172,0.108,0.108,0.108
6173,0.124,0.124,0.124
6174,0.126,0.126,0.126
6175,0.106,0.106,0.106
6176,0.098,0.098,0.098
6177,0.106,0.106,0.106
6178,0.116,0.116,0.116
6179,0.116,0.116,0.116
6180,0.13,0.13,0.13
6181,0.148,0.148,0.148
6182,0.154,0.154,0.154
6183,0.134,0.134,0.134
6184,0.154,0.154,0.154
6185,0.132,0.132,0.132
6186,0.126,0.126,0.126
6187,0.122,0.122,0.122
6188,0.134,0.134,0.134
6189,0.142,0.142,0.142
6190,0.136,0.136,0.136
6191,0.122,0.122,0.122
6192,0.16,0.16,0.16
6193,0.188,0.188,0.188
6194,0.154,0.154,0.154
6195,0.188,0.188,0.188
6196,0.17,0.17,0.17
6197,0.174,0.174,0.174
6198,0.17,0.17,0.17
6199,0.162,0.162,0.162
6200,0.158,0.158,0.158
6201,0.156,0.156,0.156
6202,0.164,0.164,0.164
6203,0.16,0.16,0.16
6204,0.164,0.164,0.164
6205,0.112,0.112,0.112
6206,0.154,0.154,0.154
6207,0.154,0.154,0.154
6208,0.154,0.154,0.154
6209,0.158,0.158,0.158
6210,0.156,0.156,0.156
6211,0.156,0.156,0.156
6212,0.16,0.16,0.16
6213,0.138,0.138,0.138
6214,0.15,0.15,0.15
6215,0.154,0.154,0.154
6216,0.162,0.162,0.162
6217,0.172,0.172,0.172
6218,0.17,0.17,0.17
6219,0.19,0.19,0.19
6220,0.23,0.23,0.23
6221,0.274,0.274,0.274
6222,0.246,0.246,0.246
6223,0.24,0.24,0.24
6224,0.276,0.276,0.276
6225,0.308,0.308,0.308
6226,0.248,0.248,0.248
6227,0.264,0.264,0.264
6228,0.262,0.262,0.262
6229,0.304,0.304,0.304
6230,0.302,0.302,0.302
6231,0.29,0.29,0.29
6232,0.246,0.246,0.246
6233,0.248,0.248,0.248
6234,0.244,0.244,0.244
6235,0.222,0.222,0.222
6236,0.228,0.228,0.228
6237,0.234,0.234,0.234
6238,0.238,0.238,0.238
6239,0.246,0.246,0.246
6240,0.242,0.242,0.242
6241,0.248,0.248,0.248
6242,0.238,0.238,0.238
6243,0.25,0.25,0.25
6244,0.248,0.248,0.248
6245,0.248,0.248,0.248
6246,0.278,0.278,0.278
6247,0.268,0.268,0.268
6248,0.274,0.274,0.274
6249,0.272,0.272,0.272
6250,0.276,0.276,0.276
6251,0.28,0.28,0.28
6252,0.288,0.288,0.288
6253,0.302,0.302,0.302
6254,0.298,0.298,0.298
6255,0.31,0.31,0.31
6256,0.312,0.312,0.312
6257,0.358,0.358,0.358
6258,0.342,0.342,0.342
6259,0.338,0.338,0.338
6260,0.338,0.338,0.338
6261,0.344,0.344,0.344
6262,0.342,0.342,0.342
6263,0.33,0.33,0.33
6264,0.332,0.332,0.332
6265,0.342,0.342,0.342
6266,0.336,0.336,0.336
6267,0.382,0.382,0.382
6268,0.368,0.368,0.368
6269,0.35,0.35,0.35
6270,0.376,0.376,0.376
6271,0.406,0.406,0.406
6272,0.39,0.39,0.39
6273,0.39,0.39,0.39
6274,0.372,0.372,0.372
6275,0.368,0.368,0.368
6276,0.38,0.38,0.38
6277,0.368,0.368,0.368
6278,0.372,0.372,0.372
6279,0.358,0.358,0.358
6280,0.366,0.366,0.366
6281,0.372,0.372,0.372
6282,0.382,0.382,0.382
6283,0.388,0.388,0.388
6284,0.39,0.39,0.39
6285,0.382,0.382,0.382
6286,0.386,0.386,0.386
6287,0.416,0.416,0.416
6288,0.406,0.406,0.406
6289,0.406,0.406,0.406
6290,0.404,0.404,0.404
6291,0.404,0.404,0.404
6292,0.402,0.402,0.402
6293,0.404,0.404,0.404
6294,0.426,0.426,0.426
6295,0.422,0.422,0.422
6296,0.418,0.418,0.418
6297,0.418,0.418,0.418
6298,0.412,0.412,0.412
6299,0.414,0.414,0.414
6300,0.398,0.398,0.398
6301,0.388,0.388,0.388
6302,0.39,0.39,0.39
6303,0.378,0.378,0.378
6304,0.374,0.374,0.374
6305,0.384,0.384,0.384
6306,0.446,0.446,0.446
6307,0.432,0.432,0.432
6308,0.442,0.442,0.442
6309,0.44,0.44,0.44
6310,0.432,0.432,0.432
6311,0.436,0.436,0.436
6312,0.432,0.432,0.432
6313,0.43,0.43,0.43
6314,0.43,0.43,0.43
6315,0.41,0.41,0.41
6316,0.422,0.422,0.422
6317,0.43,0.43,0.43
6318,0.426,0.426,0.426
6319,0.42,0.42,0.42
6320,0.434,0.434,0.434
6321,0.422,0.422,0.422
6322,0.428,0.428,0.428
6323,0.44,0.44,0.44
6324,0.428,0.428,0.428
6325,0.428,0.428,0.428
6326,0.418,0.418,0.418
6327,0.41,0.41,0.41
6328,0.416,0.416,0.416
6329,0.402,0.402,0.402
6330,0.398,0.398,0.398
6331,0.394,0.394,0.394
6332,0.396,0.396,0.396
6333,0.384,0.384,0.384
6334,0.378,0.378,0.378
6335,0.37,0.37,0.37
6336,0.36,0.36,0.36
6337,0.35,0.35,0.35
6338,0.35,0.35,0.35
6339,0.346,0.346,0.346
6340,0.342,0.342,0.342
6341,0.336,0.336,0.336
6342,0.332,0.332,0.332
6343,0.326,0.326,0.326
6344,0.314,0.314,0.314
6345,0.318,0.318,0.318
6346,0.312,0.296,0.296
6347,0.294,0.282,0.282
6348,0.292,0.268,0.268
6349,0.294,0.24,0.24
6350,0.288,0.224,0.224
6351,0.284,0.218,0.218
6352,0.292,0.184,0.184
6353,0.306,0.182,0.182
6354,0.296,0.17,0.17
6355,0.282,0.166,0.166
6356,0.268,0.152,0.152
6357,0.24,0.148,0.148
6358,0.224,0.12,0.12
6359,0.218,0.116,0.116
6360,0.184,0.102,0.102
6361,0.182,0.066,0.066
6362,0.17,0.042,0.042
6363,0.166,0.036,0.036
6364,0.152,0.02,0.02
6365,0.148,0.018,0.018
6366,0.12,0.016,0.016
6367,0.116,0.016,0.016
6368,0.102,0.01,0.01
6369,0.066,0.01,0.01
6370,0.042,0.004,0.004
6371,0.036,0.004,0.004
6372,0.02,0.004,0.004
6373,0.018,0.004,0.004
6374,0.016,0,0
6375,0.016,0,0
6376,0.01,0,0
6377,0.01,0,0
6378,0.004,0,0
6379,0.004,0,0
6380,0.004,0,0
6381,0.004,0,0
6382,0,0,0
6383,0,0,0
6384,0,0,0
6385,0,0,0
6386,0,0,0
6387,0,0,0
6388,0,0,0
6389,0,0,0
6390,0,0,0
6391,0,0,0
6392,0,0,0
6393,0,0,0
6394,0,0,0
6395,0,0,0
6396,0,0,0
6397,0,0,0
6398,0,0,0
6399,0,0,0
6400,0,0,0
6401,0,0,0
6402,0,0,0
6403,0,0,0
6404,0,0,0
6405,0,0,0
6406,0,0,0
6407,0,0,0
6408,0,0,0
6409,0,0,0
6410,0,0,0
6411,0,0,0
6412,0,0,0
6413,0,0,0
6414,0,0,0
6415,0,0,0
6416,0,0,0
6417,0,0,0
6418,0,0,0
6419,0,0,0
6420,0,0,0
6421,0,0,0
6422,0,0,0
6423,0,0,0
6424,0,0,0
6425,0,0,0
6426,0,0,0
6427,0,0,0
6428,0,0,0
6429,0,0,0
6430,0,0,0
6431,0,0,0
6432,0.008,0.008,0.008
6433,0,0,0
6434,0,0,0
6435,0,0,0
6436,0,0,0
6437,0,0,0
6438,0,0,0
6439,0,0,0
6440,0,0,0
6441,0,0,0
6442,0,0,0
6443,0,0,0
6444,0,0,0
6445,0,0,0
6446,0,0,0
6447,0,0,0
6448,0,0,0
6449,0,0,0
6450,0,0,0
6451,0,0,0
6452,0,0,0
6453,0,0,0
6454,0,0,0
6455,0,0,0
6456,0,0,0
6457,0,0,0
6458,0,0,0
6459,0,0,0
6460,0,0,0
6461,0,0,0
6462,0.004,0.004,0.004
6463,0,0,0
6464,0,0,0
6465,0,0,0
6466,0,0,0
6467,0,0,0
6468,0,0,0
6469,0,0,0
6470,0,0,0
6471,0,0,0
6472,0,0,0
6473,0,0,0
6474,0.004,0.004,0.004
6475,0.01,0.01,0.01
6476,0.014,0.014,0.014
6477,0.018,0.018,0.018
6478,0.02,0.02,0.02
6479,0.018,0.018,0.018
6480,0.018,0.018,0.018
6481,0.052,0.052,0.052
6482,0.052,0.052,0.052
6483,0.052,0.052,0.052
6484,0.046,0.046,0.046
6485,0.044,0.044,0.044
6486,0.044,0.044,0.044
6487,0.05,0.05,0.05
6488,0.046,0.046,0.046
6489,0.044,0.044,0.044
6490,0.038,0.038,0.038
6491,0.038,0.038,0.038
6492,0.038,0.038,0.038
6493,0.048,0.048,0.048
6494,0.058,0.058,0.058
6495,0.068,0.068,0.068
6496,0.058,0.058,0.058
6497,0.054,0.054,0.054
6498,0.05,0.05,0.05
6499,0.072,0.072,0.072
6500,0.088,0.088,0.088
6501,0.11,0.11,0.11
6502,0.098,0.098,0.098
6503,0.112,0.112,0.112
6504,0.104,0.104,0.104
6505,0.134,0.134,0.134
6506,0.14,0.14,0.14
6507,0.122,0.122,0.122
6508,0.118,0.118,0.118
6509,0.12,0.12,0.12
6510,0.106,0.106,0.106
6511,0.072,0.072,0.072
6512,0.054,0.054,0.054
6513,0.054,0.054,0.054
6514,0.12,0.12,0.12
6515,0.168,0.168,0.168
6516,0.15,0.15,0.15
6517,0.128,0.128,0.128
6518,0.124,0.124,0.124
6519,0.146,0.146,0.146
6520,0.146,0.146,0.146
6521,0.144,0.144,0.144
6522,0.136,0.136,0.136
6523,0.132,0.132,0.132
6524,0.118,0.118,0.118
6525,0.13,0.13,0.13
6526,0.106,0.106,0.106
6527,0.116,0.116,0.116
6528,0.126,0.126,0.126
6529,0.12,0.12,0.12
6530,0.14,0.14,0.14
6531,0.126,0.126,0.126
6532,0.122,0.122,0.122
6533,0.118,0.118,0.118
6534,0.106,0.106,0.106
6535,0.118,0.118,0.118
6536,0.12,0.12,0.12
6537,0.108,0.108,0.108
6538,0.124,0.124,0.124
6539,0.126,0.126,0.126
6540,0.106,0.106,0.106
6541,0.098,0.098,0.098
6542,0.106,0.106,0.106
6543,0.116,0.116,0.116
6544,0.116,0.116,0.116
6545,0.13,0.13,0.13
6546,0.148,0.148,0.148
6547,0.154,0.154,0.154
6548,0.134,0.134,0.134
6549,0.154,0.154,0.154
6550,0.132,0.132,0.132
6551,0.126,0.126,0.126
6552,0.122,0.122,0.122
6553,0.134,0.134,0.134
6554,0.142,0.142,0.142
6555,0.136,0.136,0.136
6556,0.122,0.122,0.122
6557,0.16,0.16,0.16
6558,0.188,0.188,0.188
6559,0.154,0.154,0.154
6560,0.188,0.188,0.188
6561,0.17,0.17,0.17
6562,0.174,0.174,0.174
6563,0.17,0.17,0.17
6564,0.162,0.162,0.162
6565,0.158,0.158,0.158
6566,0.156,0.156,0.156
6567,0.164,0.164,0.164
6568,0.16,0.16,0.16
6569,0.164,0.164,0.164
6570,0.112,0.112,0.112
6571,0.154,0.154,0.154
6572,0.154,0.154,0.154
6573,0.154,0.154,0.154
6574,0.158,0.158,0.158
6575,0.156,0.156,0.156
6576,0.156,0.156,0.156
6577,0.16,0.16,0.16
6578,0.138,0.138,0.138
6579,0.15,0.15,0.15
6580,0.154,0.154,0.154
6581,0.162,0.162,0.162
6582,0.172,0.172,0.172
6583,0.17,0.17,0.17
6584,0.19,0.19,0.19
6585,0.23,0.23,0.23
6586,0.274,0.274,0.274
6587,0.246,0.246,0.246
6588,0.24,0.24,0.24
6589,0.276,0.276,0.276
6590,0.308,0.308,0.308
6591,0.248,0.248,0.248
6592,0.264,0.264,0.264
6593,0.262,0.262,0.262
6594,0.304,0.304,0.304
6595,0.302,0.302,0.302
6596,0.29,0.29,0.29
6597,0.246,0.246,0.246
6598,0.248,0.248,0.248
6599,0.244,0.244,0.244
6600,0.222,0.222,0.222
6601,0.228,0.228,0.228
6602,0.234,0.234,0.234
6603,0.238,0.238,0.238
6604,0.246,0.246,0.246
6605,0.242,0.242,0.242
6606,0.248,0.248,0.248
6607,0.238,0.238,0.238
6608,0.25,0.25,0.25
6609,0.248,0.248,0.248
6610,0.248,0.248,0.248
6611,0.278,0.278,0.278
6612,0.268,0.268,0.268
6613,0.274,0.274,0.274
6614,0.272,0.272,0.272
6615,0.276,0.276,0.276
6616,0.28,0.28,0.28
6617,0.288,0.288,0.288
6618,0.302,0.302,0.302
6619,0.298,0.298,0.298
6620,0.31,0.31,0.31
6621,0.312,0.312,0.312
6622,0.358,0.358,0.358
6623,0.342,0.342,0.342
6624,0.338,0.338,0.338
6625,0.338,0.338,0.338
6626,0.344,0.344,0.344
6627,0.342,0.342,0.342
6628,0.33,0.33,0.33
6629,0.332,0.332,0.332
6630,0.342,0.342,0.342
6631,0.336,0.336,0.336
6632,0.382,0.382,0.382
6633,0.368,0.368,0.368
6634,0.35,0.35,0.35
6635,0.376,0.376,0.376
6636,0.406,0.406,0.406
6637,0.39,0.39,0.39
6638,0.39,0.39,0.39
6639,0.372,0.372,0.372
6640,0.368,0.368,0.368
6641,0.38,0.38,0.38
6642,0.368,0.368,0.368
6643,0.372,0.372,0.372
6644,0.358,0.358,0.358
6645,0.366,0.366,0.366
6646,0.372,0.372,0.372
6647,0.382,0.382,0.382
6648,0.388,0.388,0.388
6649,0.39,0.39,0.39
6650,0.382,0.382,0.382
6651,0.386,0.386,0.386
6652,0.416,0.416,0.416
6653,0.406,0.406,0.406
6654,0.406,0.406,0.406
6655,0.404,0.404,0.404
6656,0.404,0.404,0.404
6657,0.402,0.402,0.402
6658,0.404,0.404,0.404
6659,0.426,0.426,0.426
6660,0.422,0.422,0.422
6661,0.418,0.418,0.418
6662,0.418,0.418,0.418
6663,0.412,0.412,0.412
6664,0.414,0.414,0.414
6665,0.398,0.398,0.398
6666,0.388,0.388,0.388
6667,0.39,0.39,0.39
6668,0.378,0.378,0.378
6669,0.374,0.374,0.374
6670,0.384,0.384,0.384
6671,0.446,0.446,0.446
6672,0.432,0.432,0.432
6673,0.442,0.442,0.442
6674,0.44,0.44,0.44
6675,0.432,0.432,0.432
6676,0.436,0.436,0.436
6677,0.432,0.432,0.432
6678,0.43,0.43,0.43
6679,0.43,0.43,0.43
6680,0.41,0.41,0.41
6681,0.422,0.422,0.422
6682,0.43,0.43,0.43
6683,0.426,0.426,0.426
6684,0.42,0.42,0.42
6685,0.434,0.434,0.434
6686,0.422,0.422,0.422
6687,0.428,0.428,0.428
6688,0.44,0.44,0.44
6689,0.428,0.428,0.428
6690,0.428,0.428,0.428
6691,0.418,0.418,0.418
6692,0.41,0.41,0.41
6693,0.416,0.416,0.416
6694,0.402,0.402,0.402
6695,0.398,0.398,0.398
6696,0.394,0.394,0.394
6697,0.396,0.396,0.396
6698,0.384,0.384,0.384
6699,0.378,0.378,0.378
6700,0.37,0.37,0.37
6701,0.36,0.36,0.36
6702,0.35,0.35,0.35
6703,0.35,0.35,0.35
6704,0.346,0.346,0.346
6705,0.342,0.342,0.342
6706,0.336,0.336,0.336
6707,0.332,0.332,0.332
6708,0.326,0.326,0.326
6709,0.314,0.314,0.314
6710,0.318,0.296,0.296
6711,0.312,0.282,0.282
6712,0.294,0.268,0.268
6713,0.292,0.24,0.24
6714,0.294,0.224,0.224
6715,0.288,0.218,0.218
6716,0.284,0.184,0.184
6717,0.292,0.182,0.182
6718,0.306,0.17,0.17
6719,0.296,0.166,0.166
6720,0.282,0.152,0.152
6721,0.268,0.148,0.148
6722,0.24,0.12,0.12
6723,0.224,0.116,0.116
6724,0.218,0.102,0.102
6725,0.184,0.066,0.066
6726,0.182,0.042,0.042
6727,0.17,0.036,0.036
6728,0.166,0.02,0.02
6729,0.152,0.018,0.018
6730,0.148,0.016,0.016
6731,0.12,0.016,0.016
6732,0.116,0.01,0.01
6733,0.102,0.01,0.01
6734,0.066,0.004,0.004
6735,0.042,0.004,0.004
6736,0.036,0.004,0.004
6737,0.02,0.004,0.004
6738,0.018,0,0
6739,0.016,0,0
6740,0.016,0,0
6741,0.01,0,0
6742,0.01,0,0
6743,0.004,0,0
6744,0.004,0,0
6745,0.004,0,0
6746,0.004,0,0
6747,0,0,0
6748,0,0,0
6749,0,0,0
6750,0,0,0
6751,0,0,0
6752,0,0,0
6753,0,0,0
6754,0,0,0
6755,0,0,0
6756,0,0,0
6757,0,0,0
6758,0,0,0
6759,0,0,0
6760,0,0,0
6761,0,0,0
6762,0,0,0
6763,0,0,0
6764,0,0,0
6765,0,0,0
6766,0,0,0
6767,0,0,0
6768,0,0,0
6769,0,0,0
6770,0,0,0
6771,0,0,0
6772,0,0,0
6773,0,0,0
6774,0,0,0
6775,0,0,0
6776,0,0,0
6777,0,0,0
6778,0,0,0
6779,0,0,0
6780,0,0,0
6781,0,0,0
6782,0,0,0
6783,0,0,0
6784,0,0,0
6785,0,0,0
6786,0,0,0
6787,0,0,0
6788,0,0,0
6789,0,0,0
6790,0,0,0
6791,0,0,0
6792,0,0,0
6793,0,0,0
6794,0,0,0
6795,0,0,0
6796,0,0,0
6797,0.008,0.008,0.008
6798,0,0,0
6799,0,0,0
6800,0,0,0
6801,0,0,0
6802,0,0,0
6803,0,0,0
6804,0,0,0
6805,0,0,0
6806,0,0,0
6807,0,0,0
6808,0,0,0
6809,0,0,0
6810,0,0,0
6811,0,0,0
6812,0,0,0
6813,0,0,0
6814,0,0,0
6815,0,0,0
6816,0,0,0
6817,0,0,0
6818,0,0,0
6819,0,0,0
6820,0,0,0
6821,0,0,0
6822,0,0,0
6823,0,0,0
6824,0,0,0
6825,0,0,0
6826,0,0,0
6827,0.004,0.004,0.004
6828,0,0,0
6829,0,0,0
6830,0,0,0
6831,0,0,0
6832,0,0,0
6833,0,0,0
6834,0,0,0
6835,0,0,0
6836,0,0,0
6837,0,0,0
6838,0,0,0
6839,0.004,0.004,0.004
6840,0.01,0.01,0.01
6841,0.014,0.014,0.014
6842,0.018,0.018,0.018
6843,0.02,0.02,0.02
6844,0.018,0.018,0.018
6845,0.018,0.018,0.018
6846,0.052,0.052,0.052
6847,0.052,0.052,0.052
6848,0.052,0.052,0.052
6849,0.046,0.046,0.046
6850,0.044,0.044,0.044
6851,0.044,0.044,0.044
6852,0.05,0.05,0.05
6853,0.046,0.046,0.046
6854,0.044,0.044,0.044
6855,0.038,0.038,0.038
6856,0.038,0.038,0.038
6857,0.038,0.038,0.038
6858,0.048,0.048,0.048
6859,0.058,0.058,0.058
6860,0.068,0.068,0.068
6861,0.058,0.058,0.058
6862,0.054,0.054,0.054
6863,0.05,0.05,0.05
6864,0.072,0.072,0.072
6865,0.088,0.088,0.088
6866,0.11,0.11,0.11
6867,0.098,0.098,0.098
6868,0.112,0.112,0.112
6869,0.104,0.104,0.104
6870,0.134,0.134,0.134
6871,0.14,0.14,0.14
6872,0.122,0.122,0.122
6873,0.118,0.118,0.118
6874,0.12,0.12,0.12
6875,0.106,0.106,0.106
6876,0.072,0.072,0.072
6877,0.054,0.054,0.054
6878,0.054,0.054,0.054
6879,0.12,0.12,0.12
6880,0.168,0.168,0.168
6881,0.15,0.15,0.15
6882,0.128,0.128,0.128
6883,0.124,0.124,0.124
6884,0.146,0.146,0.146
6885,0.146,0.146,0.146
6886,0.144,0.144,0.144
6887,0.136,0.136,0.136
6888,0.132,0.132,0.132
6889,0.118,0.118,0.118
6890,0.13,0.13,0.13
6891,0.106,0.106,0.106
6892,0.116,0.116,0.116
6893,0.126,0.126,0.126
6894,0.12,0.12,0.12
6895,0.14,0.14,0.14
6896,0.126,0.126,0.126
6897,0.122,0.122,0.122
6898,0.118,0.118,0.118
6899,0.106,0.106,0.106
6900,0.118,0.118,0.118
6901,0.12,0.12,0.12
6902,0.108,0.108,0.108
6903,0.124,0.124,0.124
6904,0.126,0.126,0.126
6905,0.106,0.106,0.106
6906,0.098,0.098,0.098
6907,0.106,0.106,0.106
6908,0.116,0.116,0.116
6909,0.116,0.116,0.116
6910,0.13,0.13,0.13
6911,0.148,0.148,0.148
6912,0.154,0.154,0.154
6913,0.134,0.134,0.134
6914,0.154,0.154,0.154
6915,0.132,0.132,0.132
6916,0.126,0.126,0.126
6917,0.122,0.122,0.122
6918,0.134,0.134,0.134
6919,0.142,0.142,0.142
6920,0.136,0.136,0.136
6921,0.122,0.122,0.122
6922,0.16,0.16,0.16
6923,0.188,0.188,0.188
6924,0.154,0.154,0.154
6925,0.188,0.188,0.188
6926,0.17,0.17,0.17
6927,0.174,0.174,0.174
6928,0.17,0.17,0.17
6929,0.162,0.162,0.162
6930,0.158,0.158,0.158
6931,0.156,0.156,0.156
6932,0.164,0.164,0.164
6933,0.16,0.16,0.16
6934,0.164,0.164,0.164
6935,0.112,0.112,0.112
6936,0.154,0.154,0.154
6937,0.154,0.154,0.154
6938,0.154,0.154,0.154
6939,0.158,0.158,0.158
6940,0.156,0.156,0.156
6941,0.156,0.156,0.156
6942,0.16,0.16,0.16
6943,0.138,0.138,0.138
6944,0.15,0.15,0.15
6945,0.154,0.154,0.154
6946,0.162,0.162,0.162
6947,0.172,0.172,0.172
6948,0.17,0.17,0.17
6949,0.19,0.19,0.19
6950,0.23,0.23,0.23
6951,0.274,0.274,0.274
6952,0.246,0.246,0.246
6953,0.24,0.24,0.24
6954,0.276,0.276,0.276
6955,0.308,0.308,0.308
6956,0.248,0.248,0.248
6957,0.264,0.264,0.264
6958,0.262,0.262,0.262
6959,0.304,0.304,0.304
6960,0.302,0.302,0.302
6961,0.29,0.29,0.29
6962,0.246,0.246,0.246
6963,0.248,0.248,0.248
6964,0.244,0.244,0.244
6965,0.222,0.222,0.222
6966,0.228,0.228,0.228
6967,0.234,0.234,0.234
6968,0.238,0.238,0.238
6969,0.246,0.246,0.246
6970,0.242,0.242,0.242
6971,0.248,0.248,0.248
6972,0.238,0.238,0.238
6973,0.25,0.25,0.25
6974,0.248,0.248,0.248
6975,0.248,0.248,0.248
6976,0.278,0.278,0.278
6977,0.268,0.268,0.268
6978,0.274,0.274,0.274
6979,0.272,0.272,0.272
6980,0.276,0.276,0.276
6981,0.28,0.28,0.28
6982,0.288,0.288,0.288
6983,0.302,0.302,0.302
6984,0.298,0.298,0.298
6985,0.31,0.31,0.31
6986,0.312,0.312,0.312
6987,0.358,0.358,0.358
6988,0.342,0.342,0.342
6989,0.338,0.338,0.338
6990,0.338,0.338,0.338
6991,0.344,0.344,0.344
6992,0.342,0.342,0.342
6993,0.33,0.33,0.33
6994,0.332,0.332,0.332
6995,0.342,0.342,0.342
6996,0.336,0.336,0.336
6997,0.382,0.382,0.382
6998,0.368,0.368,0.368
6999,0.35,0.35,0.35
7000,0.376,0.376,0.376
7001,0.406,0.406,0.406
7002,0.39,0.39,0.39
7003,0.39,0.39,0.39
7004,0.372,0.372,0.372
7005,0.368,0.368,0.368
7006,0.38,0.38,0.38
7007,0.368,0.368,0.368
7008,0.372,0.372,0.372
7009,0.358,0.358,0.358
7010,0.366,0.366,0.366
7011,0.372,0.372,0.372
7012,0.382,0.382,0.382
7013,0.388,0.388,0.388
7014,0.39,0.39,0.39
7015,0.382,0.382,0.382
7016,0.386,0.386,0.386
7017,0.416,0.416,0.416
7018,0.406,0.406,0.406
7019,0.406,0.406,0.406
7020,0.404,0.404,0.404
7021,0.404,0.404,0.404
7022,0.402,0.402,0.402
7023,0.404,0.404,0.404
7024,0.426,0.426,0.426
7025,0.422,0.422,0.422
7026,0.418,0.418,0.418
7027,0.418,0.418,0.418
7028,0.412,0.412,0.412
7029,0.414,0.414,0.414
7030,0.398,0.398,0.398
7031,0.388,0.388,0.388
7032,0.39,0.39,0.39
7033,0.378,0.378,0.378
7034,0.374,0.374,0.374
7035,0.384,0.384,0.384
7036,0.446,0.446,0.446
7037,0.432,0.432,0.432
7038,0.442,0.442,0.442
7039,0.44,0.44,0.44
7040,0.432,0.432,0.432
7041,0.436,0.436,0.436
7042,0.432,0.432,0.432
7043,0.43,0.43,0.43
7044,0.43,0.43,0.43
7045,0.41,0.41,0.41
7046,0.422,0.422,0.422
7047,0.43,0.43,0.43
7048,0.426,0.426,0.426
7049,0.42,0.42,0.42
7050,0.434,0.434,0.434
7051,0.422,0.422,0.422
7052,0.428,0.428,0.428
7053,0.44,0.44,0.44
7054,0.428,0.428,0.428
7055,0.428,0.428,0.428
7056,0.418,0.418,0.418
7057,0.41,0.41,0.41
7058,0.416,0.416,0.416
7059,0.402,0.402,0.402
7060,0.398,0.398,0.398
7061,0.394,0.394,0.394
7062,0.396,0.396,0.396
7063,0.384,0.384,0.384
7064,0.378,0.378,0.378
7065,0.37,0.37,0.37
7066,0.36,0.36,0.36
7067,0.35,0.35,0.35
7068,0.35,0.35,0.35
7069,0.346,0.346,0.346
7070,0.342,0.342,0.342
7071,0.336,0.336,0.336
7072,0.332,0.332,0.332
7073,0.326,0.326,0.326
7074,0.314,0.314,0.314
7075,0.318,0.296,0.296
7076,0.312,0.282,0.282
7077,0.294,0.268,0.268
7078,0.292,0.24,0.24
7079,0.294,0.224,0.224
7080,0.288,0.218,0.218
7081,0.284,0.184,0.184
7082,0.292,0.182,0.182
7083,0.306,0.17,0.17
7084,0.296,0.166,0.166
7085,0.282,0.152,0.152
7086,0.268,0.148,0.148
7087,0.24,0.12,0.12
7088,0.224,0.116,0.116
7089,0.218,0.102,0.102
7090,0.184,0.066,0.066
7091,0.182,0.042,0.042
7092,0.17,0.036,0.036
7093,0.166,0.02,0.02
7094,0.152,0.018,0.018
7095,0.148,0.016,0.016
7096,0.12,0.016,0.016
7097,0.116,0.01,0.01
7098,0.102,0.01,0.01
7099,0.066,0.004,0.004
7100,0.042,0.004,0.004
7101,0.036,0.004,0.004
7102,0.02,0.004,0.004
7103,0.018,0,0
7104,0.016,0,0
7105,0.016,0,0
7106,0.01,0,0
7107,0.01,0,0
7108,0.004,0,0
7109,0.004,0,0
7110,0.004,0,0
7111,0.004,0,0
7112,0,0,0
7113,0,0,0
7114,0,0,0
7115,0,0,0
7116,0,0,0
7117,0,0,0
7118,0,0,0
7119,0,0,0
7120,0,0,0
7121,0,0,0
7122,0,0,0
7123,0,0,0
7124,0,0,0
7125,0,0,0
7126,0,0,0
7127,0,0,0
7128,0,0,0
7129,0,0,0
7130,0,0,0
7131,0,0,0
7132,0,0,0
7133,0,0,0
7134,0,0,0
7135,0,0,0
7136,0,0,0
7137,0,0,0
7138,0,0,0
7139,0,0,0
7140,0,0,0
7141,0,0,0
7142,0,0,0
7143,0,0,0
7144,0,0,0
7145,0,0,0
7146,0,0,0
7147,0,0,0
7148,0,0,0
7149,0,0,0
7150,0,0,0
7151,0,0,0
7152,0,0,0
7153,0,0,0
7154,0,0,0
7155,0,0,0
7156,0,0,0
7157,0,0,0
7158,0,0,0
7159,0,0,0
7160,0,0,0
7161,0,0,0
7162,0.008,0.008,0.008
7163,0,0,0
7164,0,0,0
7165,0,0,0
7166,0,0,0
7167,0,0,0
7168,0,0,0
7169,0,0,0
7170,0,0,0
7171,0,0,0
7172,0,0,0
7173,0,0,0
7174,0,0,0
7175,0,0,0
7176,0,0,0
7177,0,0,0
7178,0,0,0
7179,0,0,0
7180,0,0,0
7181,0,0,0
7182,0,0,0
7183,0,0,0
7184,0,0,0
7185,0,0,0
7186,0,0,0
7187,0,0,0
7188,0,0,0
7189,0,0,0
7190,0,0,0
7191,0,0,0
7192,0.004,0.004,0.004
7193,0,0,0
7194,0,0,0
7195,0,0,0
7196,0,0,0
7197,0,0,0
7198,0,0,0
7199,0,0,0
7200,0,0,0
7201,0,0,0
7202,0,0,0
7203,0,0,0
7204,0.004,0.004,0.004
7205,0.01,0.01,0.01
7206,0.014,0.014,0.014
7207,0.018,0.018,0.018
7208,0.02,0.02,0.02
7209,0.018,0.018,0.018
7210,0.018,0.018,0.018
7211,0.052,0.052,0.052
7212,0.052,0.052,0.052
7213,0.052,0.052,0.052
7214,0.046,0.046,0.046
7215,0.044,0.044,0.044
7216,0.044,0.044,0.044
7217,0.05,0.05,0.05
7218,0.046,0.046,0.046
7219,0.044,0.044,0.044
7220,0.038,0.038,0.038
7221,0.038,0.038,0.038
7222,0.038,0.038,0.038
7223,0.048,0.048,0.048
7224,0.058,0.058,0.058
7225,0.068,0.068,0.068
7226,0.058,0.058,0.058
7227,0.054,0.054,0.054
7228,0.05,0.05,0.05
7229,0.072,0.072,0.072
7230,0.088,0.088,0.088
7231,0.11,0.11,0.11
7232,0.098,0.098,0.098
7233,0.112,0.112,0.112
7234,0.104,0.104,0.104
7235,0.134,0.134,0.134
7236,0.14,0.14,0.14
7237,0.122,0.122,0.122
7238,0.118,0.118,0.118
7239,0.12,0.12,0.12
7240,0.106,0.106,0.106
7241,0.072,0.072,0.072
7242,0.054,0.054,0.054
7243,0.054,0.054,0.054
7244,0.12,0.12,0.12
7245,0.168,0.168,0.168
7246,0.15,0.15,0.15
7247,0.128,0.128,0.128
7248,0.124,0.124,0.124
7249,0.146,0.146,0.146
7250,0.146,0.146,0.146
7251,0.144,0.144,0.144
7252,0.136,0.136,0.136
7253,0.132,0.132,0.132
7254,0.118,0.118,0.118
7255,0.13,0.13,0.13
7256,0.106,0.106,0.106
7257,0.116,0.116,0.116
7258,0.126,0.126,0.126
7259,0.12,0.12,0.12
7260,0.14,0.14,0.14
7261,0.126,0.126,0.126
7262,0.122,0.122,0.122
7263,0.118,0.118,0.118
7264,0.106,0.106,0.106
7265,0.118,0.118,0.118
7266,0.12,0.12,0.12
7267,0.108,0.108,0.108
7268,0.124,0.124,0.124
7269,0.126,0.126,0.126
7270,0.106,0.106,0.106
7271,0.098,0.098,0.098
7272,0.106,0.106,0.106
7273,0.116,0.116,0.116
7274,0.116,0.116,0.116
7275,0.13,0.13,0.13
7276,0.148,0.148,0.148
7277,0.154,0.154,0.154
7278,0.134,0.134,0.134
7279,0.154,0.154,0.154
7280,0.132,0.132,0.132
7281,0.126,0.126,0.126
7282,0.122,0.122,0.122
7283,0.134,0.134,0.134
7284,0.142,0.142,0.142
7285,0.136,0.136,0.136
7286,0.122,0.122,0.122
7287,0.16,0.16,0.16
7288,0.188,0.188,0.188
7289,0.154,0.154,0.154
7290,0.188,0.188,0.188
7291,0.17,0.17,0.17
7292,0.174,0.174,0.174
7293,0.17,0.17,0.17
7294,0.162,0.162,0.162
7295,0.158,0.158,0.158
7296,0.156,0.156,0.156
7297,0.164,0.164,0.164
7298,0.16,0.16,0.16
7299,0.164,0.164,0.164
7300,0.112,0.112,0.112
7301,0.154,0.154,0.154
7302,0.154,0.154,0.154
7303,0.154,0.154,0.154
7304,0.158,0.158,0.158
7305,0.156,0.156,0.156
7306,0.156,0.156,0.156
7307,0.16,0.16,0.16
7308,0.138,0.138,0.138
7309,0.15,0.15,0.15
7310,0.154,0.154,0.154
7311,0.162,0.162,0.162
7312,0.172,0.172,0.172
7313,0.17,0.17,0.17
7314,0.19,0.19,0.19
7315,0.23,0.23,0.23
7316,0.274,0.274,0.274
7317,0.246,0.246,0.246
7318,0.24,0.24,0.24
7319,0.276,0.276,0.276
7320,0.308,0.308,0.308
7321,0.248,0.248,0.248
7322,0.264,0.264,0.264
7323,0.262,0.262,0.262
7324,0.304,0.304,0.304
7325,0.302,0.302,0.302
7326,0.29,0.29,0.29
7327,0.246,0.246,0.246
7328,0.248,0.248,0.248
7329,0.244,0.244,0.244
7330,0.222,0.222,0.222
7331,0.228,0.228,0.228
7332,0.234,0.234,0.234
7333,0.238,0.238,0.238
7334,0.246,0.246,0.246
7335,0.242,0.242,0.242
7336,0.248,0.248,0.248
7337,0.238,0.238,0.238
7338,0.25,0.25,0.25
7339,0.248,0.248,0.248
7340,0.248,0.248,0.248
7341,0.278,0.278,0.278
7342,0.268,0.268,0.268
7343,0.274,0.274,0.274
7344,0.272,0.272,0.272
7345,0.276,0.276,0.276
7346,0.28,0.28,0.28
7347,0.288,0.288,0.288
7348,0.302,0.302,0.302
7349,0.298,0.298,0.298
7350,0.31,0.31,0.31
7351,0.312,0.312,0.312
7352,0.358,0.358,0.358
7353,0.342,0.342,0.342
7354,0.338,0.338,0.338
7355,0.338,0.338,0.338
7356,0.344,0.344,0.344
7357,0.342,0.342,0.342
7358,0.33,0.33,0.33
7359,0.332,0.332,0.332
7360,0.342,0.342,0.342
7361,0.336,0.336,0.336
7362,0.382,0.382,0.382
7363,0.368,0.368,0.368
7364,0.35,0.35,0.35
7365,0.376,0.376,0.376
7366,0.406,0.406,0.406
7367,0.39,0.39,0.39
7368,0.39,0.39,0.39
7369,0.372,0.372,0.372
7370,0.368,0.368,0.368
7371,0.38,0.38,0.38
7372,0.368,0.368,0.368
7373,0.372,0.372,0.372
7374,0.358,0.358,0.358
7375,0.366,0.366,0.366
7376,0.372,0.372,0.372
7377,0.382,0.382,0.382
7378,0.388,0.388,0.388
7379,0.39,0.39,0.39
7380,0.382,0.382,0.382
7381,0.386,0.386,0.386
7382,0.416,0.416,0.416
7383,0.406,0.406,0.406
7384,0.406,0.406,0.406
7385,0.404,0.404,0.404
7386,0.404,0.404,0.404
7387,0.402,0.402,0.402
7388,0.404,0.404,0.404
7389,0.426,0.426,0.426
7390,0.422,0.422,0.422
7391,0.418,0.418,0.418
7392,0.418,0.418,0.418
7393,0.412,0.412,0.412
7394,0.414,0.414,0.414
7395,0.398,0.398,0.398
7396,0.388,0.388,0.388
7397,0.39,0.39,0.39
7398,0.378,0.378,0.378
7399,0.374,0.374,0.374
7400,0.384,0.384,0.384
7401,0.446,0.446,0.446
7402,0.432,0.432,0.432
7403,0.442,0.442,0.442
7404,0.44,0.44,0.44
7405,0.432,0.432,0.432
7406,0.436,0.436,0.436
7407,0.432,0.432,0.432
7408,0.43,0.43,0.43
7409,0.43,0.43,0.43
7410,0.41,0.41,0.41
7411,0.422,0.422,0.422
7412,0.43,0.43,0.43
7413,0.426,0.426,0.426
7414,0.42,0.42,0.42
7415,0.434,0.434,0.434
7416,0.422,0.422,0.422
7417,0.428,0.428,0.428
7418,0.44,0.44,0.44
7419,0.428,0.428,0.428
7420,0.428,0.428,0.428
7421,0.418,0.418,0.418
7422,0.41,0.41,0.41
7423,0.416,0.416,0.416
7424,0.402,0.402,0.402
7425,0.398,0.398,0.398
7426,0.394,0.394,0.394
7427,0.396,0.396,0.396
7428,0.384,0.384,0.384
7429,0.378,0.378,0.378
7430,0.37,0.37,0.37
7431,0.36,0.36,0.36
7432,0.35,0.35,0.35
7433,0.35,0.35,0.35
7434,0.346,0.346,0.346
7435,0.342,0.342,0.342
7436,0.336,0.336,0.336
7437,0.332,0.332,0.332
7438,0.326,0.326,0.326
7439,0.314,0.296,0.296
7440,0.318,0.282,0.282
7441,0.312,0.268,0.268
7442,0.294,0.24,0.24
7443,0.292,0.224,0.224
7444,0.294,0.218,0.218
7445,0.288,0.184,0.184
7446,0.284,0.182,0.182
7447,0.292,0.17,0.17
7448,0.306,0.166,0.166
7449,0.296,0.152,0.152
7450,0.282,0.148,0.148
7451,0.268,0.12,0.12
7452,0.24,0.116,0.116
7453,0.224,0.102,0.102
7454,0.218,0.066,0.066
7455,0.184,0.042,0.042
7456,0.182,0.036,0.036
7457,0.17,0.02,0.02
7458,0.166,0.018,0.018
7459,0.152,0.016,0.016
7460,0.148,0.016,0.016
7461,0.12,0.01,0.01
7462,0.116,0.01,0.01
7463,0.102,0.004,0.004
7464,0.066,0.004,0.004
7465,0.042,0.004,0.004
7466,0.036,0.004,0.004
7467,0.02,0,0
7468,0.018,0,0
7469,0.016,0,0
7470,0.016,0,0
7471,0.01,0,0
7472,0.01,0,0
7473,0.004,0,0
7474,0.004,0,0
7475,0.004,0,0
7476,0.004,0,0
7477,0,0,0
7478,0,0,0
7479,0,0,0
7480,0,0,0
7481,0,0,0
7482,0,0,0
7483,0,0,0
7484,0,0,0
7485,0,0,0
7486,0,0,0
7487,0,0,0
7488,0,0,0
7489,0,0,0
7490,0,0,0
7491,0,0,0
7492,0,0,0
7493,0,0,0
7494,0,0,0
7495,0,0,0
7496,0,0,0
7497,0,0,0
7498,0,0,0
7499,0,0,0
7500,0,0,0
7501,0,0,0
7502,0,0,0
7503,0,0,0
7504,0,0,0
7505,0,0,0
7506,0,0,0
7507,0,0,0
7508,0,0,0
7509,0,0,0
7510,0,0,0
7511,0,0,0
7512,0,0,0
7513,0,0,0
7514,0,0,0
7515,0,0,0
7516,0,0,0
7517,0,0,0
7518,0,0,0
7519,0,0,0
7520,0,0,0
7521,0,0,0
7522,0,0,0
7523,0,0,0
7524,0,0,0
7525,0,0,0
7526,0,0,0
7527,0.008,0.008,0.008
7528,0,0,0
7529,0,0,0
7530,0,0,0
7531,0,0,0
7532,0,0,0
7533,0,0,0
7534,0,0,0
7535,0,0,0
7536,0,0,0
7537,0,0,0
7538,0,0,0
7539,0,0,0
7540,0,0,0
7541,0,0,0
7542,0,0,0
7543,0,0,0
7544,0,0,0
7545,0,0,0
7546,0,0,0
7547,0,0,0
7548,0,0,0
7549,0,0,0
7550,0,0,0
7551,0,0,0
7552,0,0,0
7553,0,0,0
7554,0,0,0
7555,0,0,0
7556,0,0,0
7557,0.004,0.004,0.004
7558,0,0,0
7559,0,0,0
7560,0,0,0
7561,0,0,0
7562,0,0,0
7563,0,0,0
7564,0,0,0
7565,0,0,0
7566,0,0,0
7567,0,0,0
7568,0,0,0
7569,0.004,0.004,0.004
7570,0.01,0.01,0.01
7571,0.014,0.014,0.014
7572,0.018,0.018,0.018
7573,0.02,0.02,0.02
7574,0.018,0.018,0.018
7575,0.018,0.018,0.018
7576,0.052,0.052,0.052
7577,0.052,0.052,0.052
7578,0.052,0.052,0.052
7579,0.046,0.046,0.046
7580,0.044,0.044,0.044
7581,0.044,0.044,0.044
7582,0.05,0.05,0.05
7583,0.046,0.046,0.046
7584,0.044,0.044,0.044
7585,0.038,0.038,0.038
7586,0.038,0.038,0.038
7587,0.038,0.038,0.038
7588,0.048,0.048,0.048
7589,0.058,0.058,0.058
7590,0.068,0.068,0.068
7591,0.058,0.058,0.058
7592,0.054,0.054,0.054
7593,0.05,0.05,0.05
7594,0.072,0.072,0.072
7595,0.088,0.088,0.088
7596,0.11,0.11,0.11
7597,0.098,0.098,0.098
7598,0.112,0.112,0.112
7599,0.104,0.104,0.104
7600,0.134,0.134,0.134
7601,0.14,0.14,0.14
7602,0.122,0.122,0.122
7603,0.118,0.118,0.118
7604,0.12,0.12,0.12
7605,0.106,0.106,0.106
7606,0.072,0.072,0.072
7607,0.054,0.054,0.054
7608,0.054,0.054,0.054
7609,0.12,0.12,0.12
7610,0.168,0.168,0.168
7611,0.15,0.15,0.15
7612,0.128,0.128,0.128
7613,0.124,0.124,0.124
7614,0.146,0.146,0.146
7615,0.146,0.146,0.146
7616,0.144,0.144,0.144
7617,0.136,0.136,0.136
7618,0.132,0.132,0.132
7619,0.118,0.118,0.118
7620,0.13,0.13,0.13
7621,0.106,0.106,0.106
7622,0.116,0.116,0.116
7623,0.126,0.126,0.126
7624,0.12,0.12,0.12
7625,0.14,0.14,0.14
7626,0.126,0.126,0.126
7627,0.122,0.122,0.122
7628,0.118,0.118,0.118
7629,0.106,0.106,0.106
7630,0.118,0.118,0.118
7631,0.12,0.12,0.12
7632,0.108,0.108,0.108
7633,0.124,0.124,0.124
7634,0.126,0.126,0.126
7635,0.106,0.106,0.106
7636,0.098,0.098,0.098
7637,0.106,0.106,0.106
7638,0.116,0.116,0.116
7639,0.116,0.116,0.116
7640,0.13,0.13,0.13
7641,0.148,0.148,0.148
7642,0.154,0.154,0.154
7643,0.134,0.134,0.134
7644,0.154,0.154,0.154
7645,0.132,0.132,0.132
7646,0.126,0.126,0.126
7647,0.122,0.122,0.122
7648,0.134,0.134,0.134
7649,0.142,0.142,0.142
7650,0.136,0.136,0.136
7651,0.122,0.122,0.122
7652,0.16,0.16,0.16
7653,0.188,0.188,0.188
7654,0.154,0.154,0.154
7655,0.188,0.188,0.188
7656,0.17,0.17,0.17
7657,0.174,0.174,0.174
7658,0.17,0.17,0.17
7659,0.162,0.162,0.162
7660,0.158,0.158,0.158
7661,0.156,0.156,0.156
7662,0.164,0.164,0.164
7663,0.16,0.16,0.16
7664,0.164,0.164,0.164
7665,0.112,0.112,0.112
7666,0.154,0.154,0.154
7667,0.154,0.154,0.154
7668,0.154,0.154,0.154
7669,0.158,0.158,0.158
7670,0.156,0.156,0.156
7671,0.156,0.156,0.156
7672,0.16,0.16,0.16
7673,0.138,0.138,0.138
7674,0.15,0.15,0.15
7675,0.154,0.154,0.154
7676,0.162,0.162,0.162
7677,0.172,0.172,0.172
7678,0.17,0.17,0.17
7679,0.19,0.19,0.19
7680,0.23,0.23,0.23
7681,0.274,0.274,0.274
7682,0.246,0.246,0.246
7683,0.24,0.24,0.24
7684,0.276,0.276,0.276
7685,0.308,0.308,0.308
7686,0.248,0.248,0.248
7687,0.264,0.264,0.264
7688,0.262,0.262,0.262
7689,0.304,0.304,0.304
7690,0.302,0.302,0.302
7691,0.29,0.29,0.29
7692,0.246,0.246,0.246
7693,0.248,0.248,0.248
7694,0.244,0.244,0.244
7695,0.222,0.222,0.222
7696,0.228,0.228,0.228
7697,0.234,0.234,0.234
7698,0.238,0.238,0.238
7699,0.246,0.246,0.246
7700,0.242,0.242,0.242
7701,0.248,0.248,0.248
7702,0.238,0.238,0.238
7703,0.25,0.25,0.25
7704,0.248,0.248,0.248
7705,0.248,0.248,0.248
7706,0.278,0.278,0.278
7707,0.268,0.268,0.268
7708,0.274,0.274,0.274
7709,0.272,0.272,0.272
7710,0.276,0.276,0.276
7711,0.28,0.28,0.28
7712,0.288,0.288,0.288
7713,0.302,0.302,0.302
7714,0.298,0.298,0.298
7715,0.31,0.31,0.31
7716,0.312,0.312,0.312
7717,0.358,0.358,0.358
7718,0.342,0.342,0.342
7719,0.338,0.338,0.338
7720,0.338,0.338,0.338
7721,0.344,0.344,0.344
7722,0.342,0.342,0.342
7723,0.33,0.33,0.33
7724,0.332,0.332,0.332
7725,0.342,0.342,0.342
7726,0.336,0.336,0.336
7727,0.382,0.382,0.382
7728,0.368,0.368,0.368
7729,0.35,0.35,0.35
7730,0.376,0.376,0.376
7731,0.406,0.406,0.406
7732,0.39,0.39,0.39
7733,0.39,0.39,0.39
7734,0.372,0.372,0.372
7735,0.368,0.368,0.368
7736,0.38,0.38,0.38
7737,0.368,0.368,0.368
7738,0.372,0.372,0.372
7739,0.358,0.358,0.358
7740,0.366,0.366,0.366
7741,0.372,0.372,0.372
7742,0.382,0.382,0.382
7743,0.388,0.388,0.388
7744,0.39,0.39,0.39
7745,0.382,0.382,0.382
7746,0.386,0.386,0.386
7747,0.416,0.416,0.416
7748,0.406,0.406,0.406
7749,0.406,0.406,0.406
7750,0.404,0.404,0.404
7751,0.404,0.404,0.404
7752,0.402,0.402,0.402
7753,0.404,0.404,0.404
7754,0.426,0.426,0.426
7755,0.422,0.422,0.422
7756,0.418,0.418,0.418
7757,0.418,0.418,0.418
7758,0.412,0.412,0.412
7759,0.414,0.414,0.414
7760,0.398,0.398,0.398
7761,0.388,0.388,0.388
7762,0.39,0.39,0.39
7763,0.378,0.378,0.378
7764,0.374,0.374,0.374
7765,0.384,0.384,0.384
7766,0.446,0.446,0.446
7767,0.432,0.432,0.432
7768,0.442,0.442,0.442
7769,0.44,0.44,0.44
7770,0.432,0.432,0.432
7771,0.436,0.436,0.436
7772,0.432,0.432,0.432
7773,0.43,0.43,0.43
7774,0.43,0.43,0.43
7775,0.41,0.41,0.41
7776,0.422,0.422,0.422
7777,0.43,0.43,0.43
7778,0.426,0.426,0.426
7779,0.42,0.42,0.42
7780,0.434,0.434,0.434
7781,0.422,0.422,0.422
7782,0.428,0.428,0.428
7783,0.44,0.44,0.44
7784,0.428,0.428,0.428
7785,0.428,0.428,0.428
7786,0.418,0.418,0.418
7787,0.41,0.41,0.41
7788,0.416,0.416,0.416
7789,0.402,0.402,0.402
7790,0.398,0.398,0.398
7791,0.394,0.394,0.394
7792,0.396,0.396,0.396
7793,0.384,0.384,0.384
7794,0.378,0.378,0.378
7795,0.37,0.37,0.37
7796,0.36,0.36,0.36
7797,0.35,0.35,0.35
7798,0.35,0.35,0.35
7799,0.346,0.346,0.346
7800,0.342,0.342,0.342
7801,0.336,0.336,0.336
7802,0.332,0.332,0.332
7803,0.326,0.326,0.326
7804,0.314,0.296,0.296
7805,0.318,0.282,0.282
7806,0.312,0.268,0.268
7807,0.294,0.24,0.24
7808,0.292,0.224,0.224
7809,0.294,0.218,0.218
7810,0.288,0.184,0.184
7811,0.284,0.182,0.182
7812,0.292,0.17,0.17
7813,0.306,0.166,0.166
7814,0.296,0.152,0.152
7815,0.282,0.148,0.148
7816,0.268,0.12,0.12
7817,0.24,0.116,0.116
7818,0.224,0.102,0.102
7819,0.218,0.066,0.066
7820,0.184,0.042,0.042
7821,0.182,0.036,0.036
7822,0.17,0.02,0.02
7823,0.166,0.018,0.018
7824,0.152,0.016,0.016
7825,0.148,0.016,0.016
7826,0.12,0.01,0.01
7827,0.116,0.01,0.01
7828,0.102,0.004,0.004
7829,0.066,0.004,0.004
7830,0.042,0.004,0.004
7831,0.036,0.004,0.004
7832,0.02,0,0
7833,0.018,0,0
7834,0.016,0,0
7835,0.016,0,0
7836,0.01,0,0
7837,0.01,0,0
7838,0.004,0,0
7839,0.004,0,0
7840,0.004,0,0
7841,0.004,0,0
7842,0,0,0
7843,0,0,0
7844,0,0,0
7845,0,0,0
7846,0,0,0
7847,0,0,0
7848,0,0,0
7849,0,0,0
7850,0,0,0
7851,0,0,0
7852,0,0,0
7853,0,0,0
7854,0,0,0
7855,0,0,0
7856,0,0,0
7857,0,0,0
7858,0,0,0
7859,0,0,0
7860,0,0,0
7861,0,0,0
7862,0,0,0
7863,0,0,0
7864,0,0,0
7865,0,0,0
7866,0,0,0
7867,0,0,0
7868,0,0,0
7869,0,0,0
7870,0,0,0
7871,0,0,0
7872,0,0,0
7873,0,0,0
7874,0,0,0
7875,0,0,0
7876,0,0,0
7877,0,0,0
7878,0,0,0
7879,0,0,0
7880,0,0,0
7881,0,0,0
7882,0,0,0
7883,0,0,0
7884,0,0,0
7885,0,0,0
7886,0,0,0
7887,0,0,0
7888,0,0,0
7889,0,0,0
7890,0,0,0
7891,0,0,0
7892,0.008,0.008,0.008
7893,0,0,0
7894,0,0,0
7895,0,0,0
7896,0,0,0
7897,0,0,0
7898,0,0,0
7899,0,0,0
7900,0,0,0
7901,0,0,0
7902,0,0,0
7903,0,0,0
7904,0,0,0
7905,0,0,0
7906,0,0,0
7907,0,0,0
7908,0,0,0
7909,0,0,0
7910,0,0,0
7911,0,0,0
7912,0,0,0
7913,0,0,0
7914,0,0,0
7915,0,0,0
7916,0,0,0
7917,0,0,0
7918,0,0,0
7919,0,0,0
7920,0,0,0
7921,0,0,0
7922,0.004,0.004,0.004
7923,0,0,0
7924,0,0,0
7925,0,0,0
7926,0,0,0
7927,0,0,0
7928,0,0,0
7929,0,0,0
7930,0,0,0
7931,0,0,0
7932,0,0,0
7933,0,0,0
7934,0.004,0.004,0.004
7935,0.01,0.01,0.01
7936,0.014,0.014,0.014
7937,0.018,0.018,0.018
7938,0.02,0.02,0.02
7939,0.018,0.018,0.018
7940,0.018,0.018,0.018
7941,0.052,0.052,0.052
7942,0.052,0.052,0.052
7943,0.052,0.052,0.052
7944,0.046,0.046,0.046
7945,0.044,0.044,0.044
7946,0.044,0.044,0.044
7947,0.05,0.05,0.05
7948,0.046,0.046,0.046
7949,0.044,0.044,0.044
7950,0.038,0.038,0.038
7951,0.038,0.038,0.038
7952,0.038,0.038,0.038
7953,0.048,0.048,0.048
7954,0.058,0.058,0.058
7955,0.068,0.068,0.068
7956,0.058,0.058,0.058
7957,0.054,0.054,0.054
7958,0.05,0.05,0.05
7959,0.072,0.072,0.072
7960,0.088,0.088,0.088
7961,0.11,0.11,0.11
7962,0.098,0.098,0.098
7963,0.112,0.112,0.112
7964,0.104,0.104,0.104
7965,0.134,0.134,0.134
7966,0.14,0.14,0.14
7967,0.122,0.122,0.122
7968,0.118,0.118,0.118
7969,0.12,0.12,0.12
7970,0.106,0.106,0.106
7971,0.072,0.072,0.072
7972,0.054,0.054,0.054
7973,0.054,0.054,0.054
7974,0.12,0.12,0.12
7975,0.168,0.168,0.168
7976,0.15,0.15,0.15
7977,0.128,0.128,0.128
7978,0.124,0.124,0.124
7979,0.146,0.146,0.146
7980,0.146,0.146,0.146
7981,0.144,0.144,0.144
7982,0.136,0.136,0.136
7983,0.132,0.132,0.132
7984,0.118,0.118,0.118
7985,0.13,0.13,0.13
7986,0.106,0.106,0.106
7987,0.116,0.116,0.116
7988,0.126,0.126,0.126
7989,0.12,0.12,0.12
7990,0.14,0.14,0.14
7991,0.126,0.126,0.126
7992,0.122,0.122,0.122
7993,0.118,0.118,0.118
7994,0.106,0.106,0.106
7995,0.118,0.118,0.118
7996,0.12,0.12,0.12
7997,0.108,0.108,0.108
7998,0.124,0.124,0.124
7999,0.126,0.126,0.126
8000,0.106,0.106,0.106
8001,0.098,0.098,0.098
8002,0.106,0.106,0.106
8003,0.116,0.116,0.116
8004,0.116,0.116,0.116
8005,0.13,0.13,0.13
8006,0.148,0.148,0.148
8007,0.154,0.154,0.154
8008,0.134,0.134,0.134
8009,0.154,0.154,0.154
8010,0.132,0.132,0.132
8011,0.126,0.126,0.126
8012,0.122,0.122,0.122
8013,0.134,0.134,0.134
8014,0.142,0.142,0.142
8015,0.136,0.136,0.136
8016,0.122,0.122,0.122
8017,0.16,0.16,0.16
8018,0.188,0.188,0.188
8019,0.154,0.154,0.154
8020,0.188,0.188,0.188
8021,0.17,0.17,0.17
8022,0.174,0.174,0.174
8023,0.17,0.17,0.17
8024,0.162,0.162,0.162
8025,0.158,0.158,0.158
8026,0.156,0.156,0.156
8027,0.164,0.164,0.164
8028,0.16,0.16,0.16
8029,0.164,0.164,0.164
8030,0.112,0.112,0.112
8031,0.154,0.154,0.154
8032,0.154,0.154,0.154
8033,0.154,0.154,0.154
8034,0.158,0.158,0.158
8035,0.156,0.156,0.156
8036,0.156,0.156,0.156
8037,0.16,0.16,0.16
8038,0.138,0.138,0.138
8039,0.15,0.15,0.15
8040,0.154,0.154,0.154
8041,0.162,0.162,0.162
8042,0.172,0.172,0.172
8043,0.17,0.17,0.17
8044,0.19,0.19,0.19
8045,0.23,0.23,0.23
8046,0.274,0.274,0.274
8047,0.246,0.246,0.246
8048,0.24,0.24,0.24
8049,0.276,0.276,0.276
8050,0.308,0.308,0.308
8051,0.248,0.248,0.248
8052,0.264,0.264,0.264
8053,0.262,0.262,0.262
8054,0.304,0.304,0.304
8055,0.302,0.302,0.302
8056,0.29,0.29,0.29
8057,0.246,0.246,0.246
8058,0.248,0.248,0.248
8059,0.244,0.244,0.244
8060,0.222,0.222,0.222
8061,0.228,0.228,0.228
8062,0.234,0.234,0.234
8063,0.238,0.238,0.238
8064,0.246,0.246,0.246
8065,0.242,0.242,0.242
8066,0.248,0.248,0.248
8067,0.238,0.238,0.238
8068,0.25,0.25,0.25
8069,0.248,0.248,0.248
8070,0.248,0.248,0.248
8071,0.278,0.278,0.278
8072,0.268,0.268,0.268
8073,0.274,0.274,0.274
8074,0.272,0.272,0.272
8075,0.276,0.276,0.276
8076,0.28,0.28,0.28
8077,0.288,0.288,0.288
8078,0.302,0.302,0.302
8079,0.298,0.298,0.298
8080,0.31,0.31,0.31
8081,0.312,0.312,0.312
8082,0.358,0.358,0.358
8083,0.342,0.342,0.342
8084,0.338,0.338,0.338
8085,0.338,0.338,0.338
8086,0.344,0.344,0.344
8087,0.342,0.342,0.342
8088,0.33,0.33,0.33
8089,0.332,0.332,0.332
8090,0.342,0.342,0.342
8091,0.336,0.336,0.336
8092,0.382,0.382,0.382
8093,0.368,0.368,0.368
8094,0.35,0.35,0.35
8095,0.376,0.376,0.376
8096,0.406,0.406,0.406
8097,0.39,0.39,0.39
8098,0.39,0.39,0.39
8099,0.372,0.372,0.372
8100,0.368,0.368,0.368
8101,0.38,0.38,0.38
8102,0.368,0.368,0.368
8103,0.372,0.372,0.372
8104,0.358,0.358,0.358
8105,0.366,0.366,0.366
8106,0.372,0.372,0.372
8107,0.382,0.382,0.382
8108,0.388,0.388,0.388
8109,0.39,0.39,0.39
8110,0.382,0.382,0.382
8111,0.386,0.386,0.386
8112,0.416,0.416,0.416
8113,0.406,0.406,0.406
8114,0.406,0.406,0.406
8115,0.404,0.404,0.404
8116,0.404,0.404,0.404
8117,0.402,0.402,0.402
8118,0.404,0.404,0.404
8119,0.426,0.426,0.426
8120,0.422,0.422,0.422
8121,0.418,0.418,0.418
8122,0.418,0.418,0.418
8123,0.412,0.412,0.412
8124,0.414,0.414,0.414
8125,0.398,0.398,0.398
8126,0.388,0.388,0.388
8127,0.39,0.39,0.39
8128,0.378,0.378,0.378
8129,0.374,0.374,0.374
8130,0.384,0.384,0.384
8131,0.446,0.446,0.446
8132,0.432,0.432,0.432
8133,0.442,0.442,0.442
8134,0.44,0.44,0.44
8135,0.432,0.432,0.432
8136,0.436,0.436,0.436
8137,0.432,0.432,0.432
8138,0.43,0.43,0.43
8139,0.43,0.43,0.43
8140,0.41,0.41,0.41
8141,0.422,0.422,0.422
8142,0.43,0.43,0.43
8143,0.426,0.426,0.426
8144,0.42,0.42,0.42
8145,0.434,0.434,0.434
8146,0.422,0.422,0.422
8147,0.428,0.428,0.428
8148,0.44,0.44,0.44
8149,0.428,0.428,0.428
8150,0.428,0.428,0.428
8151,0.418,0.418,0.418
8152,0.41,0.41,0.41
8153,0.416,0.416,0.416
8154,0.402,0.402,0.402
8155,0.398,0.398,0.398
8156,0.394,0.394,0.394
8157,0.396,0.396,0.396
8158,0.384,0.384,0.384
8159,0.378,0.378,0.378
8160,0.37,0.37,0.37
8161,0.36,0.36,0.36
8162,0.35,0.35,0.35
8163,0.35,0.35,0.35
8164,0.346,0.346,0.346
8165,0.342,0.342,0.342
8166,0.336,0.336,0.336
8167,0.332,0.332,0.332
8168,0.326,0.296,0.296
8169,0.314,0.282,0.282
8170,0.318,0.268,0.268
8171,0.312,0.24,0.24
8172,0.294,0.224,0.224
8173,0.292,0.218,0.218
8174,0.294,0.184,0.184
8175,0.288,0.182,0.182
8176,0.284,0.17,0.17
8177,0.292,0.166,0.166
8178,0.306,0.152,0.152
8179,0.296,0.148,0.148
8180,0.282,0.12,0.12
8181,0.268,0.116,0.116
8182,0.24,0.102,0.102
8183,0.224,0.066,0.066
8184,0.218,0.042,0.042
8185,0.184,0.036,0.036
8186,0.182,0.02,0.02
8187,0.17,0.018,0.018
8188,0.166,0.016,0.016
8189,0.152,0.016,0.016
8190,0.148,0.01,0.01
8191,0.12,0.01,0.01
8192,0.116,0.004,0.004
8193,0.102,0.004,0.004
8194,0.066,0.004,0.004
8195,0.042,0.004,0.004
8196,0.036,0,0
8197,0.02,0,0
8198,0.018,0,0
8199,0.016,0,0
8200,0.016,0,0
8201,0.01,0,0
8202,0.01,0,0
8203,0.004,0,0
8204,0.004,0,0
8205,0.004,0,0
8206,0.004,0,0
8207,0,0,0
8208,0,0,0
8209,0,0,0
8210,0,0,0
8211,0,0,0
8212,0,0,0
8213,0,0,0
8214,0,0,0
8215,0,0,0
8216,0,0,0
8217,0,0,0
8218,0,0,0
8219,0,0,0
8220,0,0,0
8221,0,0,0
8222,0,0,0
8223,0,0,0
8224,0,0,0
8225,0,0,0
8226,0,0,0
8227,0,0,0
8228,0,0,0
8229,0,0,0
8230,0,0,0
8231,0,0,0
8232,0,0,0
8233,0,0,0
8234,0,0,0
8235,0,0,0
8236,0,0,0
8237,0,0,0
8238,0,0,0
8239,0,0,0
8240,0,0,0
8241,0,0,0
8242,0,0,0
8243,0,0,0
8244,0,0,0
8245,0,0,0
8246,0,0,0
8247,0,0,0
8248,0,0,0
8249,0,0,0
8250,0,0,0
8251,0,0,0
8252,0,0,0
8253,0,0,0
8254,0,0,0
8255,0,0,0
8256,0,0,0
8257,0.008,0.008,0.008
8258,0,0,0
8259,0,0,0
8260,0,0,0
8261,0,0,0
8262,0,0,0
8263,0,0,0
8264,0,0,0
8265,0,0,0
8266,0,0,0
8267,0,0,0
8268,0,0,0
8269,0,0,0
8270,0,0,0
8271,0,0,0
8272,0,0,0
8273,0,0,0
8274,0,0,0
8275,0,0,0
8276,0,0,0
8277,0,0,0
8278,0,0,0
8279,0,0,0
8280,0,0,0
8281,0,0,0
8282,0,0,0
8283,0,0,0
8284,0,0,0
8285,0,0,0
8286,0,0,0
8287,0.004,0.004,0.004
8288,0,0,0
8289,0,0,0
8290,0,0,0
8291,0,0,0
8292,0,0,0
8293,0,0,0
8294,0,0,0
8295,0,0,0
8296,0,0,0
8297,0,0,0
8298,0,0,0
8299,0.004,0.004,0.004
8300,0.01,0.01,0.01
8301,0.014,0.014,0.014
8302,0.018,0.018,0.018
8303,0.02,0.02,0.02
8304,0.018,0.018,0.018
8305,0.018,0.018,0.018
8306,0.052,0.052,0.052
8307,0.052,0.052,0.052
8308,0.052,0.052,0.052
8309,0.046,0.046,0.046
8310,0.044,0.044,0.044
8311,0.044,0.044,0.044
8312,0.05,0.05,0.05
8313,0.046,0.046,0.046
8314,0.044,0.044,0.044
8315,0.038,0.038,0.038
8316,0.038,0.038,0.038
8317,0.038,0.038,0.038
8318,0.048,0.048,0.048
8319,0.058,0.058,0.058
8320,0.068,0.068,0.068
8321,0.058,0.058,0.058
8322,0.054,0.054,0.054
8323,0.05,0.05,0.05
8324,0.072,0.072,0.072
8325,0.088,0.088,0.088
8326,0.11,0.11,0.11
8327,0.098,0.098,0.098
8328,0.112,0.112,0.112
8329,0.104,0.104,0.104
8330,0.134,0.134,0.134
8331,0.14,0.14,0.14
8332,0.122,0.122,0.122
8333,0.118,0.118,0.118
8334,0.12,0.12,0.12
8335,0.106,0.106,0.106
8336,0.072,0.072,0.072
8337,0.054,0.054,0.054
8338,0.054,0.054,0.054
8339,0.12,0.12,0.12
8340,0.168,0.168,0.168
8341,0.15,0.15,0.15
8342,0.128,0.128,0.128
8343,0.124,0.124,0.124
8344,0.146,0.146,0.146
8345,0.146,0.146,0.146
8346,0.144,0.144,0.144
8347,0.136,0.136,0.136
8348,0.132,0.132,0.132
8349,0.118,0.118,0.118
8350,0.13,0.13,0.13
8351,0.106,0.106,0.106
8352,0.116,0.116,0.116
8353,0.126,0.126,0.126
8354,0.12,0.12,0.12
8355,0.14,0.14,0.14
8356,0.126,0.126,0.126
8357,0.122,0.122,0.122
8358,0.118,0.118,0.118
8359,0.106,0.106,0.106
8360,0.118,0.118,0.118
8361,0.12,0.12,0.12
8362,0.108,0.108,0.108
8363,0.124,0.124,0.124
8364,0.126,0.126,0.126
8365,0.106,0.106,0.106
8366,0.098,0.098,0.098
8367,0.106,0.106,0.106
8368,0.116,0.116,0.116
8369,0.116,0.116,0.116
8370,0.13,0.13,0.13
8371,0.148,0.148,0.148
8372,0.154,0.154,0.154
8373,0.134,0.134,0.134
8374,0.154,0.154,0.154
8375,0.132,0.132,0.132
8376,0.126,0.126,0.126
8377,0.122,0.122,0.122
8378,0.134,0.134,0.134
8379,0.142,0.142,0.142
8380,0.136,0.136,0.136
8381,0.122,0.122,0.122
8382,0.16,0.16,0.16
8383,0.188,0.188,0.188
8384,0.154,0.154,0.154
8385,0.188,0.188,0.188
8386,0.17,0.17,0.17
8387,0.174,0.174,0.174
8388,0.17,0.17,0.17
8389,0.162,0.162,0.162
8390,0.158,0.158,0.158
8391,0.156,0.156,0.156
8392,0.164,0.164,0.164
8393,0.16,0.16,0.16
8394,0.164,0.164,0.164
8395,0.112,0.112,0.112
8396,0.154,0.154,0.154
8397,0.154,0.154,0.154
8398,0.154,0.154,0.154
8399,0.158,0.158,0.158
8400,0.156,0.156,0.156
8401,0.156,0.156,0.156
8402,0.16,0.16,0.16
8403,0.138,0.138,0.138
8404,0.15,0.15,0.15
8405,0.154,0.154,0.154
8406,0.162,0.162,0.162
8407,0.172,0.172,0.172
8408,0.17,0.17,0.17
8409,0.19,0.19,0.19
8410,0.23,0.23,0.23
8411,0.274,0.274,0.274
8412,0.246,0.246,0.246
8413,0.24,0.24,0.24
8414,0.276,0.276,0.276
8415,0.308,0.308,0.308
8416,0.248,0.248,0.248
8417,0.264,0.264,0.264
8418,0.262,0.262,0.262
8419,0.304,0.304,0.304
8420,0.302,0.302,0.302
8421,0.29,0.29,0.29
8422,0.246,0.246,0.246
8423,0.248,0.248,0.248
8424,0.244,0.244,0.244
8425,0.222,0.222,0.222
8426,0.228,0.228,0.228
8427,0.234,0.234,0.234
8428,0.238,0.238,0.238
8429,0.246,0.246,0.246
8430,0.242,0.242,0.242
8431,0.248,0.248,0.248
8432,0.238,0.238,0.238
8433,0.25,0.25,0.25
8434,0.248,0.248,0.248
8435,0.248,0.248,0.248
8436,0.278,0.278,0.278
8437,0.268,0.268,0.268
8438,0.274,0.274,0.274
8439,0.272,0.272,0.272
8440,0.276,0.276,0.276
8441,0.28,0.28,0.28
8442,0.288,0.288,0.288
8443,0.302,0.302,0.302
8444,0.298,0.298,0.298
8445,0.31,0.31,0.31
8446,0.312,0.312,0.312
8447,0.358,0.358,0.358
8448,0.342,0.342,0.342
8449,0.338,0.338,0.338
8450,0.338,0.338,0.338
8451,0.344,0.344,0.344
8452,0.342,0.342,0.342
8453,0.33,0.33,0.33
8454,0.332,0.332,0.332
8455,0.342,0.342,0.342
8456,0.336,0.336,0.336
8457,0.382,0.382,0.382
8458,0.368,0.368,0.368
8459,0.35,0.35,0.35
8460,0.376,0.376,0.376
8461,0.406,0.406,0.406
8462,0.39,0.39,0.39
8463,0.39,0.39,0.39
8464,0.372,0.372,0.372
8465,0.368,0.368,0.368
8466,0.38,0.38,0.38
8467,0.368,0.368,0.368
8468,0.372,0.372,0.372
8469,0.358,0.358,0.358
8470,0.366,0.366,0.366
8471,0.372,0.372,0.372
8472,0.382,0.382,0.382
8473,0.388,0.388,0.388
8474,0.39,0.39,0.39
8475,0.382,0.382,0.382
8476,0.386,0.386,0.386
8477,0.416,0.416,0.416
8478,0.406,0.406,0.406
8479,0.406,0.406,0.406
8480,0.404,0.404,0.404
8481,0.404,0.404,0.404
8482,0.402,0.402,0.402
8483,0.404,0.404,0.404
8484,0.426,0.426,0.426
8485,0.422,0.422,0.422
8486,0.418,0.418,0.418
8487,0.418,0.418,0.418
8488,0.412,0.412,0.412
8489,0.414,0.414,0.414
8490,0.398,0.398,0.398
8491,0.388,0.388,0.388
8492,0.39,0.39,0.39
8493,0.378,0.378,0.378
8494,0.374,0.374,0.374
8495,0.384,0.384,0.384
8496,0.446,0.446,0.446
8497,0.432,0.432,0.432
8498,0.442,0.442,0.442
8499,0.44,0.44,0.44
8500,0.432,0.432,0.432
8501,0.436,0.436,0.436
8502,0.432,0.432,0.432
8503,0.43,0.43,0.43
8504,0.43,0.43,0.43
8505,0.41,0.41,0.41
8506,0.422,0.422,0.422
8507,0.43,0.43,0.43
8508,0.426,0.426,0.426
8509,0.42,0.42,0.42
8510,0.434,0.434,0.434
8511,0.422,0.422,0.422
8512,0.428,0.428,0.428
8513,0.44,0.44,0.44
8514,0.428,0.428,0.428
8515,0.428,0.428,0.428
8516,0.418,0.418,0.418
8517,0.41,0.41,0.41
8518,0.416,0.416,0.416
8519,0.402,0.402,0.402
8520,0.398,0.398,0.398
8521,0.394,0.394,0.394
8522,0.396,0.396,0.396
8523,0.384,0.384,0.384
8524,0.378,0.378,0.378
8525,0.37,0.37,0.37
8526,0.36,0.36,0.36
8527,0.35,0.35,0.35
8528,0.35,0.35,0.35
8529,0.346,0.346,0.346
8530,0.342,0.342,0.342
8531,0.336,0.336,0.336
8532,0.332,0.332,0.332
8533,0.326,0.296,0.296
8534,0.314,0.282,0.282
8535,0.318,0.268,0.268
8536,0.312,0.24,0.24
8537,0.294,0.224,0.224
8538,0.292,0.218,0.218
8539,0.294,0.184,0.184
8540,0.288,0.182,0.182
8541,0.284,0.17,0.17
8542,0.292,0.166,0.166
8543,0.306,0.152,0.152
8544,0.296,0.148,0.148
8545,0.282,0.12,0.12
8546,0.268,0.116,0.116
8547,0.24,0.102,0.102
8548,0.224,0.066,0.066
8549,0.218,0.042,0.042
8550,0.184,0.036,0.036
8551,0.182,0.02,0.02
8552,0.17,0.018,0.018
8553,0.166,0.016,0.016
8554,0.152,0.016,0.016
8555,0.148,0.01,0.01
8556,0.12,0.01,0.01
8557,0.116,0.004,0.004
8558,0.102,0.004,0.004
8559,0.066,0.004,0.004
8560,0.042,0.004,0.004
8561,0.036,0,0
8562,0.02,0,0
8563,0.018,0,0
8564,0.016,0,0
8565,0.016,0,0
8566,0.01,0,0
8567,0.01,0,0
8568,0.004,0,0
8569,0.004,0,0
8570,0.004,0,0
8571,0.004,0,0
8572,0,0,0
8573,0,0,0
8574,0,0,0
8575,0,0,0
8576,0,0,0
8577,0,0,0
8578,0,0,0
8579,0,0,0
8580,0,0,0
8581,0,0,0
8582,0,0,0
8583,0,0,0
8584,0,0,0
8585,0,0,0
8586,0,0,0
8587,0,0,0
8588,0,0,0
8589,0,0,0
8590,0,0,0
8591,0,0,0
8592,0,0,0
8593,0,0,0
8594,0,0,0
8595,0,0,0
8596,0,0,0
8597,0,0,0
8598,0,0,0
8599,0,0,0
8600,0,0,0
8601,0,0,0
8602,0,0,0
8603,0,0,0
8604,0,0,0
8605,0,0,0
8606,0,0,0
8607,0,0,0
8608,0,0,0
8609,0,0,0
8610,0,0,0
8611,0,0,0
8612,0,0,0
8613,0,0,0
8614,0,0,0
8615,0,0,0
8616,0,0,0
8617,0,0,0
8618,0,0,0
8619,0,0,0
8620,0,0,0
8621,0,0,0
8622,0.008,0.008,0.008
8623,0,0,0
8624,0,0,0
8625,0,0,0
8626,0,0,0
8627,0,0,0
8628,0,0,0
8629,0,0,0
8630,0,0,0
8631,0,0,0
8632,0,0,0
8633,0,0,0
8634,0,0,0
8635,0,0,0
8636,0,0,0
8637,0,0,0
8638,0,0,0
8639,0,0,0
8640,0,0,0
8641,0,0,0
8642,0,0,0
8643,0,0,0
8644,0,0,0
8645,0,0,0
8646,0,0,0
8647,0,0,0
8648,0,0,0
8649,0,0,0
8650,0,0,0
8651,0,0,0
8652,0.004,0.004,0.004
8653,0,0,0
8654,0,0,0
8655,0,0,0
8656,0,0,0
8657,0,0,0
8658,0,0,0
8659,0,0,0
8660,0,0,0
8661,0,0,0
8662,0,0,0
8663,0,0,0
8664,0.004,0.004,0.004
8665,0.01,0.01,0.01
8666,0.014,0.014,0.014
8667,0.018,0.018,0.018
8668,0.02,0.02,0.02
8669,0.018,0.018,0.018
8670,0.018,0.018,0.018
8671,0.052,0.052,0.052
8672,0.052,0.052,0.052
8673,0.052,0.052,0.052
8674,0.046,0.046,0.046
8675,0.044,0.044,0.044
8676,0.044,0.044,0.044
8677,0.05,0.05,0.05
8678,0.046,0.046,0.046
8679,0.044,0.044,0.044
8680,0.038,0.038,0.038
8681,0.038,0.038,0.038
8682,0.038,0.038,0.038
8683,0.048,0.048,0.048
8684,0.058,0.058,0.058
8685,0.068,0.068,0.068
8686,0.058,0.058,0.058
8687,0.054,0.054,0.054
8688,0.05,0.05,0.05
8689,0.072,0.072,0.072
8690,0.088,0.088,0.088
8691,0.11,0.11,0.11
8692,0.098,0.098,0.098
8693,0.112,0.112,0.112
8694,0.104,0.104,0.104
8695,0.134,0.134,0.134
8696,0.14,0.14,0.14
8697,0.122,0.122,0.122
8698,0.118,0.118,0.118
8699,0.12,0.12,0.12
8700,0.106,0.106,0.106
8701,0.072,0.072,0.072
8702,0.054,0.054,0.054
8703,0.054,0.054,0.054
8704,0.12,0.12,0.12
8705,0.168,0.168,0.168
8706,0.15,0.15,0.15
8707,0.128,0.128,0.128
8708,0.124,0.124,0.124
8709,0.146,0.146,0.146
8710,0.146,0.146,0.146
8711,0.144,0.144,0.144
8712,0.136,0.136,0.136
8713,0.132,0.132,0.132
8714,0.118,0.118,0.118
8715,0.13,0.13,0.13
8716,0.106,0.106,0.106
8717,0.116,0.116,0.116
8718,0.126,0.126,0.126
8719,0.12,0.12,0.12
8720,0.14,0.14,0.14
8721,0.126,0.126,0.126
8722,0.122,0.122,0.122
8723,0.118,0.118,0.118
8724,0.106,0.106,0.106
8725,0.118,0.118,0.118
8726,0.12,0.12,0.12
8727,0.108,0.108,0.108
8728,0.124,0.124,0.124
8729,0.126,0.126,0.126
8730,0.106,0.106,0.106
8731,0.098,0.098,0.098
8732,0.106,0.106,0.106
8733,0.116,0.116,0.116
8734,0.116,0.116,0.116
8735,0.13,0.13,0.13
8736,0.148,0.148,0.148
8737,0.154,0.154,0.154
8738,0.134,0.134,0.134
8739,0.154,0.154,0.154
8740,0.132,0.132,0.132
8741,0.126,0.126,0.126
8742,0.122,0.122,0.122
8743,0.134,0.134,0.134
8744,0.142,0.142,0.142
8745,0.136,0.136,0.136
8746,0.122,0.122,0.122
8747,0.16,0.16,0.16
8748,0.188,0.188,0.188
8749,0.154,0.154,0.154
8750,0.188,0.188,0.188
8751,0.17,0.17,0.17
8752,0.174,0.174,0.174
8753,0.17,0.17,0.17
8754,0.162,0.162,0.162
8755,0.158,0.158,0.158
8756,0.156,0.156,0.156
8757,0.164,0.164,0.164
8758,0.16,0.16,0.16
8759,0.164,0.164,0.164
8760,0.112,0.112,0.112
8761,0.154,0.154,0.154
8762,0.154,0.154,0.154
8763,0.154,0.154,0.154
8764,0.158,0.158,0.158
8765,0.156,0.156,0.156
8766,0.156,0.156,0.156
8767,0.16,0.16,0.16
8768,0.138,0.138,0.138
8769,0.15,0.15,0.15
8770,0.154,0.154,0.154
8771,0.162,0.162,0.162
8772,0.172,0.172,0.172
8773,0.17,0.17,0.17
8774,0.19,0.19,0.19
8775,0.23,0.23,0.23
8776,0.274,0.274,0.274
8777,0.246,0.246,0.246
8778,0.24,0.24,0.24
8779,0.276,0.276,0.276
8780,0.308,0.308,0.308
8781,0.248,0.248,0.248
8782,0.264,0.264,0.264
8783,0.262,0.262,0.262
8784,0.304,0.304,0.304
8785,0.302,0.302,0.302
8786,0.29,0.29,0.29
8787,0.246,0.246,0.246
8788,0.248,0.248,0.248
8789,0.244,0.244,0.244
8790,0.222,0.222,0.222
8791,0.228,0.228,0.228
8792,0.234,0.234,0.234
8793,0.238,0.238,0.238
8794,0.246,0.246,0.246
8795,0.242,0.242,0.242
8796,0.248,0.248,0.248
8797,0.238,0.238,0.238
8798,0.25,0.25,0.25
8799,0.248,0.248,0.248
8800,0.248,0.248,0.248
8801,0.278,0.278,0.278
8802,0.268,0.268,0.268
8803,0.274,0.274,0.274
8804,0.272,0.272,0.272
8805,0.276,0.276,0.276
8806,0.28,0.28,0.28
8807,0.288,0.288,0.288
8808,0.302,0.302,0.302
8809,0.298,0.298,0.298
8810,0.31,0.31,0.31
8811,0.312,0.312,0.312
8812,0.358,0.358,0.358
8813,0.342,0.342,0.342
8814,0.338,0.338,0.338
8815,0.338,0.338,0.338
8816,0.344,0.344,0.344
8817,0.342,0.342,0.342
8818,0.33,0.33,0.33
8819,0.332,0.332,0.332
8820,0.342,0.342,0.342
8821,0.336,0.336,0.336
8822,0.382,0.382,0.382
8823,0.368,0.368,0.368
8824,0.35,0.35,0.35
8825,0.376,0.376,0.376
8826,0.406,0.406,0.406
8827,0.39,0.39,0.39
8828,0.39,0.39,0.39
8829,0.372,0.372,0.372
8830,0.368,0.368,0.368
8831,0.38,0.38,0.38
8832,0.368,0.368,0.368
8833,0.372,0.372,0.372
8834,0.358,0.358,0.358
8835,0.366,0.366,0.366
8836,0.372,0.372,0.372
8837,0.382,0.382,0.382
8838,0.388,0.388,0.388
8839,0.39,0.39,0.39
8840,0.382,0.382,0.382
8841,0.386,0.386,0.386
8842,0.416,0.416,0.416
8843,0.406,0.406,0.406
8844,0.406,0.406,0.406
8845,0.404,0.404,0.404
8846,0.404,0.404,0.404
8847,0.402,0.402,0.402
8848,0.404,0.404,0.404
8849,0.426,0.426,0.426
8850,0.422,0.422,0.422
8851,0.418,0.418,0.418
8852,0.418,0.418,0.418
8853,0.412,0.412,0.412
8854,0.414,0.414,0.414
8855,0.398,0.398,0.398
8856,0.388,0.388,0.388
8857,0.39,0.39,0.39
8858,0.378,0.378,0.378
8859,0.374,0.374,0.374
8860,0.384,0.384,0.384
8861,0.446,0.446,0.446
8862,0.432,0.432,0.432
8863,0.442,0.442,0.442
8864,0.44,0.44,0.44
8865,0.432,0.432,0.432
8866,0.436,0.436,0.436
8867,0.432,0.432,0.432
8868,0.43,0.43,0.43
8869,0.43,0.43,0.43
8870,0.41,0.41,0.41
8871,0.422,0.422,0.422
8872,0.43,0.43,0.43
8873,0.426,0.426,0.426
8874,0.42,0.42,0.42
8875,0.434,0.434,0.434
8876,0.422,0.422,0.422
8877,0.428,0.428,0.428
8878,0.44,0.44,0.44
8879,0.428,0.428,0.428
8880,0.428,0.428,0.428
8881,0.418,0.418,0.418
8882,0.41,0.41,0.41
8883,0.416,0.416,0.416
8884,0.402,0.402,0.402
8885,0.398,0.398,0.398
8886,0.394,0.394,0.394
8887,0.396,0.396,0.396
8888,0.384,0.384,0.384
8889,0.378,0.378,0.378
8890,0.37,0.37,0.37
8891,0.36,0.36,0.36
8892,0.35,0.35,0.35
8893,0.35,0.35,0.35
8894,0.346,0.346,0.346
8895,0.342,0.342,0.342
8896,0.336,0.336,0.336
8897,0.332,0.296,0.296
8898,0.326,0.282,0.282
8899,0.314,0.268,0.268
8900,0.318,0.24,0.24
8901,0.312,0.224,0.224
8902,0.294,0.218,0.218
8903,0.292,0.184,0.184
8904,0.294,0.182,0.182
8905,0.288,0.17,0.17
8906,0.284,0.166,0.166
8907,0.292,0.152,0.152
8908,0.306,0.148,0.148
8909,0.296,0.12,0.12
8910,0.282,0.116,0.116
8911,0.268,0.102,0.102
8912,0.24,0.066,0.066
8913,0.224,0.042,0.042
8914,0.218,0.036,0.036
8915,0.184,0.02,0.02
8916,0.182,0.018,0.018
8917,0.17,0.016,0.016
8918,0.166,0.016,0.016
8919,0.152,0.01,0.01
8920,0.148,0.01,0.01
8921,0.12,0.004,0.004
8922,0.116,0.004,0.004
8923,0.102,0.004,0.004
8924,0.066,0.004,0.004
8925,0.042,0,0
8926,0.036,0,0
8927,0.02,0,0
8928,0.018,0,0
8929,0.016,0,0
8930,0.016,0,0
8931,0.01,0,0
8932,0.01,0,0
8933,0.004,0,0
8934,0.004,0,0
8935,0.004,0,0
8936,0.004,0,0
8937,0,0,0
8938,0,0,0
8939,0,0,0
8940,0,0,0
8941,0,0,0
8942,0,0,0
8943,0,0,0
8944,0,0,0
8945,0,0,0
8946,0,0,0
8947,0,0,0
8948,0,0,0
8949,0,0,0
8950,0,0,0
8951,0,0,0
8952,0,0,0
8953,0,0,0
8954,0,0,0
8955,0,0,0
8956,0,0,0
8957,0,0,0
8958,0,0,0
8959,0,0,0
8960,0,0,0
8961,0,0,0
8962,0,0,0
8963,0,0,0
8964,0,0,0
8965,0,0,0
8966,0,0,0
8967,0,0,0
8968,0,0,0
8969,0,0,0
8970,0,0,0
8971,0,0,0
8972,0,0,0
8973,0,0,0
8974,0,0,0
8975,0,0,0
8976,0,0,0
8977,0,0,0
8978,0,0,0
8979,0,0,0
8980,0,0,0
8981,0,0,0
8982,0,0,0
8983,0,0,0
8984,0,0,0
8985,0,0,0
8986,0,0,0
8987,0.008,0.008,0.008
8988,0,0,0
8989,0,0,0
8990,0,0,0
8991,0,0,0
8992,0,0,0
8993,0,0,0
8994,0,0,0
8995,0,0,0
8996,0,0,0
8997,0,0,0
8998,0,0,0
8999,0,0,0
9000,0,0,0
9001,0,0,0
9002,0,0,0
9003,0,0,0
9004,0,0,0
9005,0,0,0
9006,0,0,0
9007,0,0,0
9008,0,0,0
9009,0,0,0
9010,0,0,0
9011,0,0,0
9012,0,0,0
9013,0,0,0
9014,0,0,0
9015,0,0,0
9016,0,0,0
9017,0.004,0.004,0.004
9018,0,0,0
9019,0,0,0
9020,0,0,0
9021,0,0,0
9022,0,0,0
9023,0,0,0
9024,0,0,0
9025,0,0,0
9026,0,0,0
9027,0,0,0
9028,0,0,0
9029,0.004,0.004,0.004
9030,0.01,0.01,0.01
9031,0.014,0.014,0.014
9032,0.018,0.018,0.018
9033,0.02,0.02,0.02
9034,0.018,0.018,0.018
9035,0.018,0.018,0.018
9036,0.052,0.052,0.052
9037,0.052,0.052,0.052
9038,0.052,0.052,0.052
9039,0.046,0.046,0.046
9040,0.044,0.044,0.044
9041,0.044,0.044,0.044
9042,0.05,0.05,0.05
9043,0.046,0.046,0.046
9044,0.044,0.044,0.044
9045,0.038,0.038,0.038
9046,0.038,0.038,0.038
9047,0.038,0.038,0.038
9048,0.048,0.048,0.048
9049,0.058,0.058,0.058
9050,0.068,0.068,0.068
9051,0.058,0.058,0.058
9052,0.054,0.054,0.054
9053,0.05,0.05,0.05
9054,0.072,0.072,0.072
9055,0.088,0.088,0.088
9056,0.11,0.11,0.11
9057,0.098,0.098,0.098
9058,0.112,0.112,0.112
9059,0.104,0.104,0.104
9060,0.134,0.134,0.134
9061,0.14,0.14,0.14
9062,0.122,0.122,0.122
9063,0.118,0.118,0.118
9064,0.12,0.12,0.12
9065,0.106,0.106,0.106
9066,0.072,0.072,0.072
9067,0.054,0.054,0.054
9068,0.054,0.054,0.054
9069,0.12,0.12,0.12
9070,0.168,0.168,0.168
9071,0.15,0.15,0.15
9072,0.128,0.128,0.128
9073,0.124,0.124,0.124
9074,0.146,0.146,0.146
9075,0.146,0.146,0.146
9076,0.144,0.144,0.144
9077,0.136,0.136,0.136
9078,0.132,0.132,0.132
9079,0.118,0.118,0.118
9080,0.13,0.13,0.13
9081,0.106,0.106,0.106
9082,0.116,0.116,0.116
9083,0.126,0.126,0.126
9084,0.12,0.12,0.12
9085,0.14,0.14,0.14
9086,0.126,0.126,0.126
9087,0.122,0.122,0.122
9088,0.118,0.118,0.118
9089,0.106,0.106,0.106
9090,0.118,0.118,0.118
9091,0.12,0.12,0.12
9092,0.108,0.108,0.108
9093,0.124,0.124,0.124
9094,0.126,0.126,0.126
9095,0.106,0.106,0.106
9096,0.098,0.098,0.098
9097,0.106,0.106,0.106
9098,0.116,0.116,0.116
9099,0.116,0.116,0.116
9100,0.13,0.13,0.13
9101,0.148,0.148,0.148
9102,0.154,0.154,0.154
9103,0.134,0.134,0.134
9104,0.154,0.154,0.154
9105,0.132,0.132,0.132
9106,0.126,0.126,0.126
9107,0.122,0.122,0.122
9108,0.134,0.134,0.134
9109,0.142,0.142,0.142
9110,0.136,0.136,0.136
9111,0.122,0.122,0.122
9112,0.16,0.16,0.16
9113,0.188,0.188,0.188
9114,0.154,0.154,0.154
9115,0.188,0.188,0.188
9116,0.17,0.17,0.17
9117,0.174,0.174,0.174
9118,0.17,0.17,0.17
9119,0.162,0.162,0.162
9120,0.158,0.158,0.158
9121,0.156,0.156,0.156
9122,0.164,0.164,0.164
9123,0.16,0.16,0.16
9124,0.164,0.164,0.164
9125,0.112,0.112,0.112
9126,0.154,0.154,0.154
9127,0.154,0.154,0.154
9128,0.154,0.154,0.154
9129,0.158,0.158,0.158
9130,0.156,0.156,0.156
9131,0.156,0.156,0.156
9132,0.16,0.16,0.16
9133,0.138,0.138,0.138
9134,0.15,0.15,0.15
9135,0.154,0.154,0.154
9136,0.162,0.162,0.162
9137,0.172,0.172,0.172
9138,0.17,0.17,0.17
9139,0.19,0.19,0.19
9140,0.23,0.23,0.23
9141,0.274,0.274,0.274
9142,0.246,0.246,0.246
9143,0.24,0.24,0.24
9144,0.276,0.276,0.276
9145,0.308,0.308,0.308
9146,0.248,0.248,0.248
9147,0.264,0.264,0.264
9148,0.262,0.262,0.262
9149,0.304,0.304,0.304
9150,0.302,0.302,0.302
9151,0.29,0.29,0.29
9152,0.246,0.246,0.246
9153,0.248,0.248,0.248
9154,0.244,0.244,0.244
9155,0.222,0.222,0.222
9156,0.228,0.228,0.228
9157,0.234,0.234,0.234
9158,0.238,0.238,0.238
9159,0.246,0.246,0.246
9160,0.242,0.242,0.242
9161,0.248,0.248,0.248
9162,0.238,0.238,0.238
9163,0.25,0.25,0.25
9164,0.248,0.248,0.248
9165,0.248,0.248,0.248
9166,0.278,0.278,0.278
9167,0.268,0.268,0.268
9168,0.274,0.274,0.274
9169,0.272,0.272,0.272
9170,0.276,0.276,0.276
9171,0.28,0.28,0.28
9172,0.288,0.288,0.288
9173,0.302,0.302,0.302
9174,0.298,0.298,0.298
9175,0.31,0.31,0.31
9176,0.312,0.312,0.312
9177,0.358,0.358,0.358
9178,0.342,0.342,0.342
9179,0.338,0.338,0.338
9180,0.338,0.338,0.338
9181,0.344,0.344,0.344
9182,0.342,0.342,0.342
9183,0.33,0.33,0.33
9184,0.332,0.332,0.332
9185,0.342,0.342,0.342
9186,0.336,0.336,0.336
9187,0.382,0.382,0.382
9188,0.368,0.368,0.368
9189,0.35,0.35,0.35
9190,0.376,0.376,0.376
9191,0.406,0.406,0.406
9192,0.39,0.39,0.39
9193,0.39,0.39,0.39
9194,0.372,0.372,0.372
9195,0.368,0.368,0.368
9196,0.38,0.38,0.38
9197,0.368,0.368,0.368
9198,0.372,0.372,0.372
9199,0.358,0.358,0.358
9200,0.366,0.366,0.366
9201,0.372,0.372,0.372
9202,0.382,0.382,0.382
9203,0.388,0.388,0.388
9204,0.39,0.39,0.39
9205,0.382,0.382,0.382
9206,0.386,0.386,0.386
9207,0.416,0.416,0.416
9208,0.406,0.406,0.406
9209,0.406,0.406,0.406
9210,0.404,0.404,0.404
9211,0.404,0.404,0.404
9212,0.402,0.402,0.402
9213,0.404,0.404,0.404
9214,0.426,0.426,0.426
9215,0.422,0.422,0.422
9216,0.418,0.418,0.418
9217,0.418,0.418,0.418
9218,0.412,0.412,0.412
9219,0.414,0.414,0.414
9220,0.398,0.398,0.398
9221,0.388,0.388,0.388
9222,0.39,0.39,0.39
9223,0.378,0.378,0.378
9224,0.374,0.374,0.374
9225,0.384,0.384,0.384
9226,0.446,0.446,0.446
9227,0.432,0.432,0.432
9228,0.442,0.442,0.442
9229,0.44,0.44,0.44
9230,0.432,0.432,0.432
9231,0.436,0.436,0.436
9232,0.432,0.432,0.432
9233,0.43,0.43,0.43
9234,0.43,0.43,0.43
9235,0.41,0.41,0.41
9236,0.422,0.422,0.422
9237,0.43,0.43,0.43
9238,0.426,0.426,0.426
9239,0.42,0.42,0.42
9240,0.434,0.434,0.434
9241,0.422,0.422,0.422
9242,0.428,0.428,0.428
9243,0.44,0.44,0.44
9244,0.428,0.428,0.428
9245,0.428,0.428,0.428
9246,0.418,0.418,0.418
9247,0.41,0.41,0.41
9248,0.416,0.416,0.416
9249,0.402,0.402,0.402
9250,0.398,0.398,0.398
9251,0.394,0.394,0.394
9252,0.396,0.396,0.396
9253,0.384,0.384,0.384
9254,0.378,0.378,0.378
9255,0.37,0.37,0.37
9256,0.36,0.36,0.36
9257,0.35,0.35,0.35
9258,0.35,0.35,0.35
9259,0.346,0.346,0.346
9260,0.342,0.342,0.342
9261,0.336,0.336,0.336
9262,0.332,0.296,0.296
9263,0.326,0.282,0.282
9264,0.314,0.268,0.268
9265,0.318,0.24,0.24
9266,0.312,0.224,0.224
9267,0.294,0.218,0.218
9268,0.292,0.184,0.184
9269,0.294,0.182,0.182
9270,0.288,0.17,0.17
9271,0.284,0.166,0.166
9272,0.292,0.152,0.152
9273,0.306,0.148,0.148
9274,0.296,0.12,0.12
9275,0.282,0.116,0.116
9276,0.268,0.102,0.102
9277,0.24,0.066,0.066
9278,0.224,0.042,0.042
9279,0.218,0.036,0.036
9280,0.184,0.02,0.02
9281,0.182,0.018,0.018
9282,0.17,0.016,0.016
9283,0.166,0.016,0.016
9284,0.152,0.01,0.01
9285,0.148,0.01,0.01
9286,0.12,0.004,0.004
9287,0.116,0.004,0.004
9288,0.102,0.004,0.004
9289,0.066,0.004,0.004
9290,0.042,0,0
9291,0.036,0,0
9292,0.02,0,0
9293,0.018,0,0
9294,0.016,0,0
9295,0.016,0,0
9296,0.01,0,0
9297,0.01,0,0
9298,0.004,0,0
9299,0.004,0,0
9300,0.004,0,0
9301,0.004,0,0
9302,0,0,0
9303,0,0,0
9304,0,0,0
9305,0,0,0
9306,0,0,0
9307,0,0,0
9308,0,0,0
9309,0,0,0
9310,0,0,0
9311,0,0,0
9312,0,0,0
9313,0,0,0
9314,0,0,0
9315,0,0,0
9316,0,0,0
9317,0,0,0
9318,0,0,0
9319,0,0,0
9320,0,0,0
9321,0,0,0
9322,0,0,0
9323,0,0,0
9324,0,0,0
9325,0,0,0
9326,0,0,0
9327,0,0,0
9328,0,0,0
9329,0,0,0
9330,0,0,0
9331,0,0,0
9332,0,0,0
9333,0,0,0
9334,0,0,0
9335,0,0,0
9336,0,0,0
9337,0,0,0
9338,0,0,0
9339,0,0,0
9340,0,0,0
9341,0,0,0
9342,0,0,0
9343,0,0,0
9344,0,0,0
9345,0,0,0
9346,0,0,0
9347,0,0,0
9348,0,0,0
9349,0,0,0
9350,0,0,0
9351,0,0,0
9352,0.008,0.008,0.008
9353,0,0,0
9354,0,0,0
9355,0,0,0
9356,0,0,0
9357,0,0,0
9358,0,0,0
9359,0,0,0
9360,0,0,0
9361,0,0,0
9362,0,0,0
9363,0,0,0
9364,0,0,0
9365,0,0,0
9366,0,0,0
9367,0,0,0
9368,0,0,0
9369,0,0,0
9370,0,0,0
9371,0,0,0
9372,0,0,0
9373,0,0,0
9374,0,0,0
9375,0,0,0
9376,0,0,0
9377,0,0,0
9378,0,0,0
9379,0,0,0
9380,0,0,0
9381,0,0,0
9382,0.004,0.004,0.004
9383,0,0,0
9384,0,0,0
9385,0,0,0
9386,0,0,0
9387,0,0,0
9388,0,0,0
9389,0,0,0
9390,0,0,0
9391,0,0,0
9392,0,0,0
9393,0,0,0
9394,0.004,0.004,0.004
9395,0.01,0.01,0.01
9396,0.014,0.014,0.014
9397,0.018,0.018,0.018
9398,0.02,0.02,0.02
9399,0.018,0.018,0.018
9400,0.018,0.018,0.018
9401,0.052,0.052,0.052
9402,0.052,0.052,0.052
9403,0.052,0.052,0.052
9404,0.046,0.046,0.046
9405,0.044,0.044,0.044
9406,0.044,0.044,0.044
9407,0.05,0.05,0.05
9408,0.046,0.046,0.046
9409,0.044,0.044,0.044
9410,0.038,0.038,0.038
9411,0.038,0.038,0.038
9412,0.038,0.038,0.038
9413,0.048,0.048,0.048
9414,0.058,0.058,0.058
9415,0.068,0.068,0.068
9416,0.058,0.058,0.058
9417,0.054,0.054,0.054
9418,0.05,0.05,0.05
9419,0.072,0.072,0.072
9420,0.088,0.088,0.088
9421,0.11,0.11,0.11
9422,0.098,0.098,0.098
9423,0.112,0.112,0.112
9424,0.104,0.104,0.104
9425,0.134,0.134,0.134
9426,0.14,0.14,0.14
9427,0.122,0.122,0.122
9428,0.118,0.118,0.118
9429,0.12,0.12,0.12
9430,0.106,0.106,0.106
9431,0.072,0.072,0.072
9432,0.054,0.054,0.054
9433,0.054,0.054,0.054
9434,0.12,0.12,0.12
9435,0.168,0.168,0.168
9436,0.15,0.15,0.15
9437,0.128,0.128,0.128
9438,0.124,0.124,0.124
9439,0.146,0.146,0.146
9440,0.146,0.146,0.146
9441,0.144,0.144,0.144
9442,0.136,0.136,0.136
9443,0.132,0.132,0.132
9444,0.118,0.118,0.118
9445,0.13,0.13,0.13
9446,0.106,0.106,0.106
9447,0.116,0.116,0.116
9448,0.126,0.126,0.126
9449,0.12,0.12,0.12
9450,0.14,0.14,0.14
9451,0.126,0.126,0.126
9452,0.122,0.122,0.122
9453,0.118,0.118,0.118
9454,0.106,0.106,0.106
9455,0.118,0.118,0.118
9456,0.12,0.12,0.12
9457,0.108,0.108,0.108
9458,0.124,0.124,0.124
9459,0.126,0.126,0.126
9460,0.106,0.106,0.106
9461,0.098,0.098,0.098
9462,0.106,0.106,0.106
9463,0.116,0.116,0.116
9464,0.116,0.116,0.116
9465,0.13,0.13,0.13
9466,0.148,0.148,0.148
9467,0.154,0.154,0.154
9468,0.134,0.134,0.134
9469,0.154,0.154,0.154
9470,0.132,0.132,0.132
9471,0.126,0.126,0.126
9472,0.122,0.122,0.122
9473,0.134,0.134,0.134
9474,0.142,0.142,0.142
9475,0.136,0.136,0.136
9476,0.122,0.122,0.122
9477,0.16,0.16,0.16
9478,0.188,0.188,0.188
9479,0.154,0.154,0.154
9480,0.188,0.188,0.188
9481,0.17,0.17,0.17
9482,0.174,0.174,0.174
9483,0.17,0.17,0.17
9484,0.162,0.162,0.162
9485,0.158,0.158,0.158
9486,0.156,0.156,0.156
9487,0.164,0.164,0.164
9488,0.16,0.16,0.16
9489,0.164,0.164,0.164
9490,0.112,0.112,0.112
9491,0.154,0.154,0.154
9492,0.154,0.154,0.154
9493,0.154,0.154,0.154
9494,0.158,0.158,0.158
9495,0.156,0.156,0.156
9496,0.156,0.156,0.156
9497,0.16,0.16,0.16
9498,0.138,0.138,0.138
9499,0.15,0.15,0.15
9500,0.154,0.154,0.154
9501,0.162,0.162,0.162
9502,0.172,0.172,0.172
9503,0.17,0.17,0.17
9504,0.19,0.19,0.19
9505,0.23,0.23,0.23
9506,0.274,0.274,0.274
9507,0.246,0.246,0.246
9508,0.24,0.24,0.24
9509,0.276,0.276,0.276
9510,0.308,0.308,0.308
9511,0.248,0.248,0.248
9512,0.264,0.264,0.264
9513,0.262,0.262,0.262
9514,0.304,0.304,0.304
9515,0.302,0.302,0.302
9516,0.29,0.29,0.29
9517,0.246,0.246,0.246
9518,0.248,0.248,0.248
9519,0.244,0.244,0.244
9520,0.222,0.222,0.222
9521,0.228,0.228,0.228
9522,0.234,0.234,0.234
9523,0.238,0.238,0.238
9524,0.246,0.246,0.246
9525,0.242,0.242,0.242
9526,0.248,0.248,0.248
9527,0.238,0.238,0.238
9528,0.25,0.25,0.25
9529,0.248,0.248,0.248
9530,0.248,0.248,0.248
9531,0.278,0.278,0.278
9532,0.268,0.268,0.268
9533,0.274,0.274,0.274
9534,0.272,0.272,0.272
9535,0.276,0.276,0.276
9536,0.28,0.28,0.28
9537,0.288,0.288,0.288
9538,0.302,0.302,0.302
9539,0.298,0.298,0.298
9540,0.31,0.31,0.31
9541,0.312,0.312,0.312
9542,0.358,0.358,0.358
9543,0.342,0.342,0.342
9544,0.338,0.338,0.338
9545,0.338,0.338,0.338
9546,0.344,0.344,0.344
9547,0.342,0.342,0.342
9548,0.33,0.33,0.33
9549,0.332,0.332,0.332
9550,0.342,0.342,0.342
9551,0.336,0.336,0.336
9552,0.382,0.382,0.382
9553,0.368,0.368,0.368
9554,0.35,0.35,0.35
9555,0.376,0.376,0.376
9556,0.406,0.406,0.406
9557,0.39,0.39,0.39
9558,0.39,0.39,0.39
9559,0.372,0.372,0.372
9560,0.368,0.368,0.368
9561,0.38,0.38,0.38
9562,0.368,0.368,0.368
9563,0.372,0.372,0.372
9564,0.358,0.358,0.358
9565,0.366,0.366,0.366
9566,0.372,0.372,0.372
9567,0.382,0.382,0.382
9568,0.388,0.388,0.388
9569,0.39,0.39,0.39
9570,0.382,0.382,0.382
9571,0.386,0.386,0.386
9572,0.416,0.416,0.416
9573,0.406,0.406,0.406
9574,0.406,0.406,0.406
9575,0.404,0.404,0.404
9576,0.404,0.404,0.404
9577,0.402,0.402,0.402
9578,0.404,0.404,0.404
9579,0.426,0.426,0.426
9580,0.422,0.422,0.422
9581,0.418,0.418,0.418
9582,0.418,0.418,0.418
9583,0.412,0.412,0.412
9584,0.414,0.414,0.414
9585,0.398,0.398,0.398
9586,0.388,0.388,0.388
9587,0.39,0.39,0.39
9588,0.378,0.378,0.378
9589,0.374,0.374,0.374
9590,0.384,0.384,0.384
9591,0.446,0.446,0.446
9592,0.432,0.432,0.432
9593,0.442,0.442,0.442
9594,0.44,0.44,0.44
9595,0.432,0.432,0.432
9596,0.436,0.436,0.436
9597,0.432,0.432,0.432
9598,0.43,0.43,0.43
9599,0.43,0.43,0.43
9600,0.41,0.41,0.41
9601,0.422,0.422,0.422
9602,0.43,0.43,0.43
9603,0.426,0.426,0.426
9604,0.42,0.42,0.42
9605,0.434,0.434,0.434
9606,0.422,0.422,0.422
9607,0.428,0.428,0.428
9608,0.44,0.44,0.44
9609,0.428,0.428,0.428
9610,0.428,0.428,0.428
9611,0.418,0.418,0.418
9612,0.41,0.41,0.41
9613,0.416,0.416,0.416
9614,0.402,0.402,0.402
9615,0.398,0.398,0.398
9616,0.394,0.394,0.394
9617,0.396,0.396,0.396
9618,0.384,0.384,0.384
9619,0.378,0.378,0.378
9620,0.37,0.37,0.37
9621,0.36,0.36,0.36
9622,0.35,0.35,0.35
9623,0.35,0.35,0.35
9624,0.346,0.346,0.346
9625,0.342,0.342,0.342
9626,0.336,0.296,0.296
9627,0.332,0.282,0.282
9628,0.326,0.268,0.268
9629,0.314,0.24,0.24
9630,0.318,0.224,0.224
9631,0.312,0.218,0.218
9632,0.294,0.184,0.184
9633,0.292,0.182,0.182
9634,0.294,0.17,0.17
9635,0.288,0.166,0.166
9636,0.284,0.152,0.152
9637,0.292,0.148,0.148
9638,0.306,0.12,0.12
9639,0.296,0.116,0.116
9640,0.282,0.102,0.102
9641,0.268,0.066,0.066
9642,0.24,0.042,0.042
9643,0.224,0.036,0.036
9644,0.218,0.02,0.02
9645,0.184,0.018,0.018
9646,0.182,0.016,0.016
9647,0.17,0.016,0.016
9648,0.166,0.01,0.01
9649,0.152,0.01,0.01
9650,0.148,0.004,0.004
9651,0.12,0.004,0.004
9652,0.116,0.004,0.004
9653,0.102,0.004,0.004
9654,0.066,0,0
9655,0.042,0,0
9656,0.036,0,0
9657,0.02,0,0
9658,0.018,0,0
9659,0.016,0,0
9660,0.016,0,0
9661,0.01,0,0
9662,0.01,0,0
9663,0.004,0,0
9664,0.004,0,0
9665,0.004,0,0
9666,0.004,0,0
9667,0,0,0
9668,0,0,0
9669,0,0,0
9670,0,0,0
9671,0,0,0
9672,0,0,0
9673,0,0,0
9674,0,0,0
9675,0,0,0
9676,0,0,0
9677,0,0,0
9678,0,0,0
9679,0,0,0
9680,0,0,0
9681,0,0,0
9682,0,0,0
9683,0,0,0
9684,0,0,0
9685,0,0,0
9686,0,0,0
9687,0,0,0
9688,0,0,0
9689,0,0,0
9690,0,0,0
9691,0,0,0
9692,0,0,0
9693,0,0,0
9694,0,0,0
9695,0,0,0
9696,0,0,0
9697,0,0,0
9698,0,0,0
9699,0,0,0
9700,0,0,0
9701,0,0,0
9702,0,0,0
9703,0,0,0
9704,0,0,0
9705,0,0,0
9706,0,0,0
9707,0,0,0
9708,0,0,0
9709,0,0,0
9710,0,0,0
9711,0,0,0
9712,0,0,0
9713,0,0,0
9714,0,0,0
9715,0,0,0
9716,0,0,0
9717,0.008,0.008,0.008
9718,0,0,0
9719,0,0,0
9720,0,0,0
9721,0,0,0
9722,0,0,0
9723,0,0,0
9724,0,0,0
9725,0,0,0
9726,0,0,0
9727,0,0,0
9728,0,0,0
9729,0,0,0
9730,0,0,0
9731,0,0,0
9732,0,0,0
9733,0,0,0
9734,0,0,0
9735,0,0,0
9736,0,0,0
9737,0,0,0
9738,0,0,0
9739,0,0,0
9740,0,0,0
9741,0,0,0
9742,0,0,0
9743,0,0,0
9744,0,0,0
9745,0,0,0
9746,0,0,0
9747,0.004,0.004,0.004
9748,0,0,0
9749,0,0,0
9750,0,0,0
9751,0,0,0
9752,0,0,0
9753,0,0,0
9754,0,0,0
9755,0,0,0
9756,0,0,0
9757,0,0,0
9758,0,0,0
9759,0.004,0.004,0.004
9760,0.01,0.01,0.01
9761,0.014,0.014,0.014
9762,0.018,0.018,0.018
9763,0.02,0.02,0.02
9764,0.018,0.018,0.018
9765,0.018,0.018,0.018
9766,0.052,0.052,0.052
9767,0.052,0.052,0.052
9768,0.052,0.052,0.052
9769,0.046,0.046,0.046
9770,0.044,0.044,0.044
9771,0.044,0.044,0.044
9772,0.05,0.05,0.05
9773,0.046,0.046,0.046
9774,0.044,0.044,0.044
9775,0.038,0.038,0.038
9776,0.038,0.038,0.038
9777,0.038,0.038,0.038
9778,0.048,0.048,0.048
9779,0.058,0.058,0.058
9780,0.068,0.068,0.068
9781,0.058,0.058,0.058
9782,0.054,0.054,0.054
9783,0.05,0.05,0.05
9784,0.072,0.072,0.072
9785,0.088,0.088,0.088
9786,0.11,0.11,0.11
9787,0.098,0.098,0.098
9788,0.112,0.112,0.112
9789,0.104,0.104,0.104
9790,0.134,0.134,0.134
9791,0.14,0.14,0.14
9792,0.122,0.122,0.122
9793,0.118,0.118,0.118
9794,0.12,0.12,0.12
9795,0.106,0.106,0.106
9796,0.072,0.072,0.072
9797,0.054,0.054,0.054
9798,0.054,0.054,0.054
9799,0.12,0.12,0.12
9800,0.168,0.168,0.168
9801,0.15,0.15,0.15
9802,0.128,0.128,0.128
9803,0.124,0.124,0.124
9804,0.146,0.146,0.146
9805,0.146,0.146,0.146
9806,0.144,0.144,0.144
9807,0.136,0.136,0.136
9808,0.132,0.132,0.132
9809,0.118,0.118,0.118
9810,0.13,0.13,0.13
9811,0.106,0.106,0.106
9812,0.116,0.116,0.116
9813,0.126,0.126,0.126
9814,0.12,0.12,0.12
9815,0.14,0.14,0.14
9816,0.126,0.126,0.126
9817,0.122,0.122,0.122
9818,0.118,0.118,0.118
9819,0.106,0.106,0.106
9820,0.118,0.118,0.118
9821,0.12,0.12,0.12
9822,0.108,0.108,0.108
9823,0.124,0.124,0.124
9824,0.126,0.126,0.126
9825,0.106,0.106,0.106
9826,0.098,0.098,0.098
9827,0.106,0.106,0.106
9828,0.116,0.116,0.116
9829,0.116,0.116,0.116
9830,0.13,0.13,0.13
9831,0.148,0.148,0.148
9832,0.154,0.154,0.154
9833,0.134,0.134,0.134
9834,0.154,0.154,0.154
9835,0.132,0.132,0.132
9836,0.126,0.126,0.126
9837,0.122,0.122,0.122
9838,0.134,0.134,0.134
9839,0.142,0.142,0.142
9840,0.136,0.136,0.136
9841,0.122,0.122,0.122
9842,0.16,0.16,0.16
9843,0.188,0.188,0.188
9844,0.154,0.154,0.154
9845,0.188,0.188,0.188
9846,0.17,0.17,0.17
9847,0.174,0.174,0.174
9848,0.17,0.17,0.17
9849,0.162,0.162,0.162
9850,0.158,0.158,0.158
9851,0.156,0.156,0.156
9852,0.164,0.164,0.164
9853,0.16,0.16,0.16
9854,0.164,0.164,0.164
9855,0.112,0.112,0.112
9856,0.154,0.154,0.154
9857,0.154,0.154,0.154
9858,0.154,0.154,0.154
9859,0.158,0.158,0.158
9860,0.156,0.156,0.156
9861,0.156,0.156,0.156
9862,0.16,0.16,0.16
9863,0.138,0.138,0.138
9864,0.15,0.15,0.15
9865,0.154,0.154,0.154
9866,0.162,0.162,0.162
9867,0.172,0.172,0.172
9868,0.17,0.17,0.17
9869,0.19,0.19,0.19
9870,0.23,0.23,0.23
9871,0.274,0.274,0.274
9872,0.246,0.246,0.246
9873,0.24,0.24,0.24
9874,0.276,0.276,0.276
9875,0.308,0.308,0.308
9876,0.248,0.248,0.248
9877,0.264,0.264,0.264
9878,0.262,0.262,0.262
9879,0.304,0.304,0.304
9880,0.302,0.302,0.302
9881,0.29,0.29,0.29
9882,0.246,0.246,0.246
9883,0.248,0.248,0.248
9884,0.244,0.244,0.244
9885,0.222,0.222,0.222
9886,0.228,0.228,0.228
9887,0.234,0.234,0.234
9888,0.238,0.238,0.238
9889,0.246,0.246,0.246
9890,0.242,0.242,0.242
9891,0.248,0.248,0.248
9892,0.238,0.238,0.238
9893,0.25,0.25,0.25
9894,0.248,0.248,0.248
9895,0.248,0.248,0.248
9896,0.278,0.278,0.278
9897,0.268,0.268,0.268
9898,0.274,0.274,0.274
9899,0.272,0.272,0.272
9900,0.276,0.276,0.276
9901,0.28,0.28,0.28
9902,0.288,0.288,0.288
9903,0.302,0.302,0.302
9904,0.298,0.298,0.298
9905,0.31,0.31,0.31
9906,0.312,0.312,0.312
9907,0.358,0.358,0.358
9908,0.342,0.342,0.342
9909,0.338,0.338,0.338
9910,0.338,0.338,0.338
9911,0.344,0.344,0.344
9912,0.342,0.342,0.342
9913,0.33,0.33,0.33
9914,0.332,0.332,0.332
9915,0.342,0.342,0.342
9916,0.336,0.336,0.336
9917,0.382,0.382,0.382
9918,0.368,0.368,0.368
9919,0.35,0.35,0.35
9920,0.376,0.376,0.376
9921,0.406,0.406,0.406
9922,0.39,0.39,0.39
9923,0.39,0.39,0.39
9924,0.372,0.372,0.372
9925,0.368,0.368,0.368
9926,0.38,0.38,0.38
9927,0.368,0.368,0.368
9928,0.372,0.372,0.372
9929,0.358,0.358,0.358
9930,0.366,0.366,0.366
9931,0.372,0.372,0.372
9932,0.382,0.382,0.382
9933,0.388,0.388,0.388
9934,0.39,0.39,0.39
9935,0.382,0.382,0.382
9936,0.386,0.386,0.386
9937,0.416,0.416,0.416
9938,0.406,0.406,0.406
9939,0.406,0.406,0.406
9940,0.404,0.404,0.404
9941,0.404,0.404,0.404
9942,0.402,0.402,0.402
9943,0.404,0.404,0.404
9944,0.426,0.426,0.426
9945,0.422,0.422,0.422
9946,0.418,0.418,0.418
9947,0.418,0.418,0.418
9948,0.412,0.412,0.412
9949,0.414,0.414,0.414
9950,0.398,0.398,0.398
9951,0.388,0.388,0.388
9952,0.39,0.39,0.39
9953,0.378,0.378,0.378
9954,0.374,0.374,0.374
9955,0.384,0.384,0.384
9956,0.446,0.446,0.446
9957,0.432,0.432,0.432
9958,0.442,0.442,0.442
9959,0.44,0.44,0.44
9960,0.432,0.432,0.432
9961,0.436,0.436,0.436
9962,0.432,0.432,0.432
9963,0.43,0.43,0.43
9964,0.43,0.43,0.43
9965,0.41,0.41,0.41
9966,0.422,0.422,0.422
9967,0.43,0.43,0.43
9968,0.426,0.426,0.426
9969,0.42,0.42,0.42
9970,0.434,0.434,0.434
9971,0.422,0.422,0.422
9972,0.428,0.428,0.428
9973,0.44,0.44,0.44
9974,0.428,0.428,0.428
9975,0.428,0.428,0.428
9976,0.418,0.418,0.418
9977,0.41,0.41,0.41
9978,0.416,0.416,0.416
9979,0.402,0.402,0.402
9980,0.398,0.398,0.398
9981,0.394,0.394,0.394
9982,0.396,0.396,0.396
9983,0.384,0.384,0.384
9984,0.378,0.378,0.378
9985,0.37,0.37,0.37
9986,0.36,0.36,0.36
9987,0.35,0.35,0.35
9988,0.35,0.35,0.35
9989,0.346,0.346,0.346
9990,0.342,0.342,0.342
9991,0.336,0.296,0.296
9992,0.332,0.282,0.282
9993,0.326,0.268,0.268
9994,0.314,0.24,0.24
9995,0.318,0.224,0.224
9996,0.312,0.218,0.218
9997,0.294,0.184,0.184
9998,0.292,0.182,0.182
9999,0.294,0.17,0.17
10000,0.288,0.166,0.166
10001,0.284,0.152,0.152
10002,0.292,0.148,0.148
10003,0.306,0.12,0.12
10004,0.296,0.116,0.116
10005,0.282,0.102,0.102
10006,0.268,0.066,0.066
10007,0.24,0.042,0.042
10008,0.224,0.036,0.036
10009,0.218,0.02,0.02
10010,0.184,0.018,0.018
10011,0.182,0.016,0.016
10012,0.17,0.016,0.016
10013,0.166,0.01,0.01
10014,0.152,0.01,0.01
10015,0.148,0.004,0.004
10016,0.12,0.004,0.004
10017,0.116,0.004,0.004
10018,0.102,0.004,0.004
10019,0.066,0,0
10020,0.042,0,0
10021,0.036,0,0
10022,0.02,0,0
10023,0.018,0,0
10024,0.016,0,0
10025,0.016,0,0
10026,0.01,0,0
10027,0.01,0,0
10028,0.004,0,0
10029,0.004,0,0
10030,0.004,0,0
10031,0.004,0,0
10032,0,0,0
10033,0,0,0
10034,0,0,0
10035,0,0,0
10036,0,0,0
10037,0,0,0
10038,0,0,0
10039,0,0,0
10040,0,0,0
10041,0,0,0
10042,0,0,0
10043,0,0,0
10044,0,0,0
10045,0,0,0
10046,0,0,0
10047,0,0,0
10048,0,0,0
10049,0,0,0
10050,0,0,0
10051,0,0,0
10052,0,0,0
10053,0,0,0
10054,0,0,0
10055,0,0,0
10056,0,0,0
10057,0,0,0
10058,0,0,0
10059,0,0,0
10060,0,0,0
10061,0,0,0
10062,0,0,0
10063,0,0,0
10064,0,0,0
10065,0,0,0
10066,0,0,0
10067,0,0,0
10068,0,0,0
10069,0,0,0
10070,0,0,0
10071,0,0,0
10072,0,0,0
10073,0,0,0
10074,0,0,0
10075,0,0,0
10076,0,0,0
10077,0,0,0
10078,0,0,0
10079,0,0,0
10080,0,0,0
10081,0,0,0
10082,0.008,0.008,0.008
10083,0,0,0
10084,0,0,0
10085,0,0,0
10086,0,0,0
10087,0,0,0
10088,0,0,0
10089,0,0,0
10090,0,0,0
10091,0,0,0
10092,0,0,0
10093,0,0,0
10094,0,0,0
10095,0,0,0
10096,0,0,0
10097,0,0,0
10098,0,0,0
10099,0,0,0
10100,0,0,0
10101,0,0,0
10102,0,0,0
10103,0,0,0
10104,0,0,0
10105,0,0,0
10106,0,0,0
10107,0,0,0
10108,0,0,0
10109,0,0,0
10110,0,0,0
10111,0,0,0
10112,0.004,0.004,0.004
10113,0,0,0
10114,0,0,0
10115,0,0,0
10116,0,0,0
10117,0,0,0
10118,0,0,0
10119,0,0,0
10120,0,0,0
10121,0,0,0
10122,0,0,0
10123,0,0,0
10124,0.004,0.004,0.004
10125,0.01,0.01,0.01
10126,0.014,0.014,0.014
10127,0.018,0.018,0.018
10128,0.02,0.02,0.02
10129,0.018,0.018,0.018
10130,0.018,0.018,0.018
10131,0.052,0.052,0.052
10132,0.052,0.052,0.052
10133,0.052,0.052,0.052
10134,0.046,0.046,0.046
10135,0.044,0.044,0.044
10136,0.044,0.044,0.044
10137,0.05,0.05,0.05
10138,0.046,0.046,0.046
10139,0.044,0.044,0.044
10140,0.038,0.038,0.038
10141,0.038,0.038,0.038
10142,0.038,0.038,0.038
10143,0.048,0.048,0.048
10144,0.058,0.058,0.058
10145,0.068,0.068,0.068
10146,0.058,0.058,0.058
10147,0.054,0.054,0.054
10148,0.05,0.05,0.05
10149,0.072,0.072,0.072
10150,0.088,0.088,0.088
10151,0.11,0.11,0.11
10152,0.098,0.098,0.098
10153,0.112,0.112,0.112
10154,0.104,0.104,0.104
10155,0.134,0.134,0.134
10156,0.14,0.14,0.14
10157,0.122,0.122,0.122
10158,0.118,0.118,0.118
10159,0.12,0.12,0.12
10160,0.106,0.106,0.106
10161,0.072,0.072,0.072
10162,0.054,0.054,0.054
10163,0.054,0.054,0.054
10164,0.12,0.12,0.12
10165,0.168,0.168,0.168
10166,0.15,0.15,0.15
10167,0.128,0.128,0.128
10168,0.124,0.124,0.124
10169,0.146,0.146,0.146
10170,0.146,0.146,0.146
10171,0.144,0.144,0.144
10172,0.136,0.136,0.136
10173,0.132,0.132,0.132
10174,0.118,0.118,0.118
10175,0.13,0.13,0.13
10176,0.106,0.106,0.106
10177,0.116,0.116,0.116
10178,0.126,0.126,0.126
10179,0.12,0.12,0.12
10180,0.14,0.14,0.14
10181,0.126,0.126,0.126
10182,0.122,0.122,0.122
10183,0.118,0.118,0.118
10184,0.106,0.106,0.106
10185,0.118,0.118,0.118
10186,0.12,0.12,0.12
10187,0.108,0.108,0.108
10188,0.124,0.124,0.124
10189,0.126,0.126,0.126
10190,0.106,0.106,0.106
10191,0.098,0.098,0.098
10192,0.106,0.106,0.106
10193,0.116,0.116,0.116
10194,0.116,0.116,0.116
10195,0.13,0.13,0.13
10196,0.148,0.148,0.148
10197,0.154,0.154,0.154
10198,0.134,0.134,0.134
10199,0.154,0.154,0.154
10200,0.132,0.132,0.132
10201,0.126,0.126,0.126
10202,0.122,0.122,0.122
10203,0.134,0.134,0.134
10204,0.142,0.142,0.142
10205,0.136,0.136,0.136
10206,0.122,0.122,0.122
10207,0.16,0.16,0.16
10208,0.188,0.188,0.188
10209,0.154,0.154,0.154
10210,0.188,0.188,0.188
10211,0.17,0.17,0.17
10212,0.174,0.174,0.174
10213,0.17,0.17,0.17
10214,0.162,0.162,0.162
10215,0.158,0.158,0.158
10216,0.156,0.156,0.156
10217,0.164,0.164,0.164
10218,0.16,0.16,0.16
10219,0.164,0.164,0.164
10220,0.112,0.112,0.112
10221,0.154,0.154,0.154
10222,0.154,0.154,0.154
10223,0.154,0.154,0.154
10224,0.158,0.158,0.158
10225,0.156,0.156,0.156
10226,0.156,0.156,0.156
10227,0.16,0.16,0.16
10228,0.138,0.138,0.138
10229,0.15,0.15,0.15
10230,0.154,0.154,0.154
10231,0.162,0.162,0.162
10232,0.172,0.172,0.172
10233,0.17,0.17,0.17
10234,0.19,0.19,0.19
10235,0.23,0.23,0.23
10236,0.274,0.274,0.274
10237,0.246,0.246,0.246
10238,0.24,0.24,0.24
10239,0.276,0.276,0.276
10240,0.308,0.308,0.308
10241,0.248,0.248,0.248
10242,0.264,0.264,0.264
10243,0.262,0.262,0.262
10244,0.304,0.304,0.304
10245,0.302,0.302,0.302
10246,0.29,0.29,0.29
10247,0.246,0.246,0.246
10248,0.248,0.248,0.248
10249,0.244,0.244,0.244
10250,0.222,0.222,0.222
10251,0.228,0.228,0.228
10252,0.234,0.234,0.234
10253,0.238,0.238,0.238
10254,0.246,0.246,0.246
10255,0.242,0.242,0.242
10256,0.248,0.248,0.248
10257,0.238,0.238,0.238
10258,0.25,0.25,0.25
10259,0.248,0.248,0.248
10260,0.248,0.248,0.248
10261,0.278,0.278,0.278
10262,0.268,0.268,0.268
10263,0.274,0.274,0.274
10264,0.272,0.272,0.272
10265,0.276,0.276,0.276
10266,0.28,0.28,0.28
10267,0.288,0.288,0.288
10268,0.302,0.302,0.302
10269,0.298,0.298,0.298
10270,0.31,0.31,0.31
10271,0.312,0.312,0.312
10272,0.358,0.358,0.358
10273,0.342,0.342,0.342
10274,0.338,0.338,0.338
10275,0.338,0.338,0.338
10276,0.344,0.344,0.344
10277,0.342,0.342,0.342
10278,0.33,0.33,0.33
10279,0.332,0.332,0.332
10280,0.342,0.342,0.342
10281,0.336,0.336,0.336
10282,0.382,0.382,0.382
10283,0.368,0.368,0.368
10284,0.35,0.35,0.35
10285,0.376,0.376,0.376
10286,0.406,0.406,0.406
10287,0.39,0.39,0.39
10288,0.39,0.39,0.39
10289,0.372,0.372,0.372
10290,0.368,0.368,0.368
10291,0.38,0.38,0.38
10292,0.368,0.368,0.368
10293,0.372,0.372,0.372
10294,0.358,0.358,0.358
10295,0.366,0.366,0.366
10296,0.372,0.372,0.372
10297,0.382,0.382,0.382
10298,0.388,0.388,0.388
10299,0.39,0.39,0.39
10300,0.382,0.382,0.382
10301,0.386,0.386,0.386
10302,0.416,0.416,0.416
10303,0.406,0.406,0.406
10304,0.406,0.406,0.406
10305,0.404,0.404,0.404
10306,0.404,0.404,0.404
10307,0.402,0.402,0.402
10308,0.404,0.404,0.404
10309,0.426,0.426,0.426
10310,0.422,0.422,0.422
10311,0.418,0.418,0.418
10312,0.418,0.418,0.418
10313,0.412,0.412,0.412
10314,0.414,0.414,0.414
10315,0.398,0.398,0.398
10316,0.388,0.388,0.388
10317,0.39,0.39,0.39
10318,0.378,0.378,0.378
10319,0.374,0.374,0.374
10320,0.384,0.384,0.384
10321,0.446,0.446,0.446
10322,0.432,0.432,0.432
10323,0.442,0.442,0.442
10324,0.44,0.44,0.44
10325,0.432,0.432,0.432
10326,0.436,0.436,0.436
10327,0.432,0.432,0.432
10328,0.43,0.43,0.43
10329,0.43,0.43,0.43
10330,0.41,0.41,0.41
10331,0.422,0.422,0.422
10332,0.43,0.43,0.43
10333,0.426,0.426,0.426
10334,0.42,0.42,0.42
10335,0.434,0.434,0.434
10336,0.422,0.422,0.422
10337,0.428,0.428,0.428
10338,0.44,0.44,0.44
10339,0.428,0.428,0.428
10340,0.428,0.428,0.428
10341,0.418,0.418,0.418
10342,0.41,0.41,0.41
10343,0.416,0.416,0.416
10344,0.402,0.402,0.402
10345,0.398,0.398,0.398
10346,0.394,0.394,0.394
10347,0.396,0.396,0.396
10348,0.384,0.384,0.384
10349,0.378,0.378,0.378
10350,0.37,0.37,0.37
10351,0.36,0.36,0.36
10352,0.35,0.35,0.35
10353,0.35,0.35,0.35
10354,0.346,0.346,0.346
10355,0.342,0.296,0.296
10356,0.336,0.282,0.282
10357,0.332,0.268,0.268
10358,0.326,0.24,0.24
10359,0.314,0.224,0.224
10360,0.318,0.218,0.218
10361,0.312,0.184,0.184
10362,0.294,0.182,0.182
10363,0.292,0.17,0.17
10364,0.294,0.166,0.166
10365,0.288,0.152,0.152
10366,0.284,0.148,0.148
10367,0.292,0.12,0.12
10368,0.306,0.116,0.116
10369,0.296,0.102,0.102
10370,0.282,0.066,0.066
10371,0.268,0.042,0.042
10372,0.24,0.036,0.036
10373,0.224,0.02,0.02
10374,0.218,0.018,0.018
10375,0.184,0.016,0.016
10376,0.182,0.016,0.016
10377,0.17,0.01,0.01
10378,0.166,0.01,0.01
10379,0.152,0.004,0.004
10380,0.148,0.004,0.004
10381,0.12,0.004,0.004
10382,0.116,0.004,0.004
10383,0.102,0,0
10384,0.066,0,0
10385,0.042,0,0
10386,0.036,0,0
10387,0.02,0,0
10388,0.018,0,0
10389,0.016,0,0
10390,0.016,0,0
10391,0.01,0,0
10392,0.01,0,0
10393,0.004,0,0
10394,0.004,0,0
10395,0.004,0,0
10396,0.004,0,0
10397,0,0,0
10398,0,0,0
10399,0,0,0
10400,0,0,0
10401,0,0,0
10402,0,0,0
10403,0,0,0
10404,0,0,0
10405,0,0,0
10406,0,0,0
10407,0,0,0
10408,0,0,0
10409,0,0,0
10410,0,0,0
10411,0,0,0
10412,0,0,0
10413,0,0,0
10414,0,0,0
10415,0,0,0
10416,0,0,0
10417,0,0,0
10418,0,0,0
10419,0,0,0
10420,0,0,0
10421,0,0,0
10422,0,0,0
10423,0,0,0
10424,0,0,0
10425,0,0,0
10426,0,0,0
10427,0,0,0
10428,0,0,0
10429,0,0,0
10430,0,0,0
10431,0,0,0
10432,0,0,0
10433,0,0,0
10434,0,0,0
10435,0,0,0
10436,0,0,0
10437,0,0,0
10438,0,0,0
10439,0,0,0
10440,0,0,0
10441,0,0,0
10442,0,0,0
10443,0,0,0
10444,0,0,0
10445,0,0,0
10446,0,0,0
10447,0.008,0.008,0.008
10448,0,0,0
10449,0,0,0
10450,0,0,0
10451,0,0,0
10452,0,0,0
10453,0,0,0
10454,0,0,0
10455,0,0,0
10456,0,0,0
10457,0,0,0
10458,0,0,0
10459,0,0,0
10460,0,0,0
10461,0,0,0
10462,0,0,0
10463,0,0,0
10464,0,0,0
10465,0,0,0
10466,0,0,0
10467,0,0,0
10468,0,0,0
10469,0,0,0
10470,0,0,0
10471,0,0,0
10472,0,0,0
10473,0,0,0
10474,0,0,0
10475,0,0,0
10476,0,0,0
10477,0.004,0.004,0.004
10478,0,0,0
10479,0,0,0
10480,0,0,0
10481,0,0,0
10482,0,0,0
10483,0,0,0
10484,0,0,0
10485,0,0,0
10486,0,0,0
10487,0,0,0
10488,0,0,0
10489,0.004,0.004,0.004
10490,0.01,0.01,0.01
10491,0.014,0.014,0.014
10492,0.018,0.018,0.018
10493,0.02,0.02,0.02
10494,0.018,0.018,0.018
10495,0.018,0.018,0.018
10496,0.052,0.052,0.052
10497,0.052,0.052,0.052
10498,0.052,0.052,0.052
10499,0.046,0.046,0.046
10500,0.044,0.044,0.044
10501,0.044,0.044,0.044
10502,0.05,0.05,0.05
10503,0.046,0.046,0.046
10504,0.044,0.044,0.044
10505,0.038,0.038,0.038
10506,0.038,0.038,0.038
10507,0.038,0.038,0.038
10508,0.048,0.048,0.048
10509,0.058,0.058,0.058
10510,0.068,0.068,0.068
10511,0.058,0.058,0.058
10512,0.054,0.054,0.054
10513,0.05,0.05,0.05
10514,0.072,0.072,0.072
10515,0.088,0.088,0.088
10516,0.11,0.11,0.11
10517,0.098,0.098,0.098
10518,0.112,0.112,0.112
10519,0.104,0.104,0.104
10520,0.134,0.134,0.134
10521,0.14,0.14,0.14
10522,0.122,0.122,0.122
10523,0.118,0.118,0.118
10524,0.12,0.12,0.12
10525,0.106,0.106,0.106
10526,0.072,0.072,0.072
10527,0.054,0.054,0.054
10528,0.054,0.054,0.054
10529,0.12,0.12,0.12
10530,0.168,0.168,0.168
10531,0.15,0.15,0.15
10532,0.128,0.128,0.128
10533,0.124,0.124,0.124
10534,0.146,0.146,0.146
10535,0.146,0.146,0.146
10536,0.144,0.144,0.144
10537,0.136,0.136,0.136
10538,0.132,0.132,0.132
10539,0.118,0.118,0.118
10540,0.13,0.13,0.13
10541,0.106,0.106,0.106
10542,0.116,0.116,0.116
10543,0.126,0.126,0.126
10544,0.12,0.12,0.12
10545,0.14,0.14,0.14
10546,0.126,0.126,0.126
10547,0.122,0.122,0.122
10548,0.118,0.118,0.118
10549,0.106,0.106,0.106
10550,0.118,0.118,0.118
10551,0.12,0.12,0.12
10552,0.108,0.108,0.108
10553,0.124,0.124,0.124
10554,0.126,0.126,0.126
10555,0.106,0.106,0.106
10556,0.098,0.098,0.098
10557,0.106,0.106,0.106
10558,0.116,0.116,0.116
10559,0.116,0.116,0.116
10560,0.13,0.13,0.13
10561,0.148,0.148,0.148
10562,0.154,0.154,0.154
10563,0.134,0.134,0.134
10564,0.154,0.154,0.154
10565,0.132,0.132,0.132
10566,0.126,0.126,0.126
10567,0.122,0.122,0.122
10568,0.134,0.134,0.134
10569,0.142,0.142,0.142
10570,0.136,0.136,0.136
10571,0.122,0.122,0.122
10572,0.16,0.16,0.16
10573,0.188,0.188,0.188
10574,0.154,0.154,0.154
10575,0.188,0.188,0.188
10576,0.17,0.17,0.17
10577,0.174,0.174,0.174
10578,0.17,0.17,0.17
10579,0.162,0.162,0.162
10580,0.158,0.158,0.158
10581,0.156,0.156,0.156
10582,0.164,0.164,0.164
10583,0.16,0.16,0.16
10584,0.164,0.164,0.164
10585,0.112,0.112,0.112
10586,0.154,0.154,0.154
10587,0.154,0.154,0.154
10588,0.154,0.154,0.154
10589,0.158,0.158,0.158
10590,0.156,0.156,0.156
10591,0.156,0.156,0.156
10592,0.16,0.16,0.16
10593,0.138,0.138,0.138
10594,0.15,0.15,0.15
10595,0.154,0.154,0.154
10596,0.162,0.162,0.162
10597,0.172,0.172,0.172
10598,0.17,0.17,0.17
10599,0.19,0.19,0.19
10600,0.23,0.23,0.23
10601,0.274,0.274,0.274
10602,0.246,0.246,0.246
10603,0.24,0.24,0.24
10604,0.276,0.276,0.276
10605,0.308,0.308,0.308
10606,0.248,0.248,0.248
10607,0.264,0.264,0.264
10608,0.262,0.262,0.262
10609,0.304,0.304,0.304
10610,0.302,0.302,0.302
10611,0.29,0.29,0.29
10612,0.246,0.246,0.246
10613,0.248,0.248,0.248
10614,0.244,0.244,0.244
10615,0.222,0.222,0.222
10616,0.228,0.228,0.228
10617,0.234,0.234,0.234
10618,0.238,0.238,0.238
10619,0.246,0.246,0.246
10620,0.242,0.242,0.242
10621,0.248,0.248,0.248
10622,0.238,0.238,0.238
10623,0.25,0.25,0.25
10624,0.248,0.248,0.248
10625,0.248,0.248,0.248
10626,0.278,0.278,0.278
10627,0.268,0.268,0.268
10628,0.274,0.274,0.274
10629,0.272,0.272,0.272
10630,0.276,0.276,0.276
10631,0.28,0.28,0.28
10632,0.288,0.288,0.288
10633,0.302,0.302,0.302
10634,0.298,0.298,0.298
10635,0.31,0.31,0.31
10636,0.312,0.312,0.312
10637,0.358,0.358,0.358
10638,0.342,0.342,0.342
10639,0.338,0.338,0.338
10640,0.338,0.338,0.338
10641,0.344,0.344,0.344
10642,0.342,0.342,0.342
10643,0.33,0.33,0.33
10644,0.332,0.332,0.332
10645,0.342,0.342,0.342
10646,0.336,0.336,0.336
10647,0.382,0.382,0.382
10648,0.368,0.368,0.368
10649,0.35,0.35,0.35
10650,0.376,0.376,0.376
10651,0.406,0.406,0.406
10652,0.39,0.39,0.39
10653,0.39,0.39,0.39
10654,0.372,0.372,0.372
10655,0.368,0.368,0.368
10656,0.38,0.38,0.38
10657,0.368,0.368,0.368
10658,0.372,0.372,0.372
10659,0.358,0.358,0.358
10660,0.366,0.366,0.366
10661,0.372,0.372,0.372
10662,0.382,0.382,0.382
10663,0.388,0.388,0.388
10664,0.39,0.39,0.39
10665,0.382,0.382,0.382
10666,0.386,0.386,0.386
10667,0.416,0.416,0.416
10668,0.406,0.406,0.406
10669,0.406,0.406,0.406
10670,0.404,0.404,0.404
10671,0.404,0.404,0.404
10672,0.402,0.402,0.402
10673,0.404,0.404,0.404
10674,0.426,0.426,0.426
10675,0.422,0.422,0.422
10676,0.418,0.418,0.418
10677,0.418,0.418,0.418
10678,0.412,0.412,0.412
10679,0.414,0.414,0.414
10680,0.398,0.398,0.398
10681,0.388,0.388,0.388
10682,0.39,0.39,0.39
10683,0.378,0.378,0.378
10684,0.374,0.374,0.374
10685,0.384,0.384,0.384
10686,0.446,0.446,0.446
10687,0.432,0.432,0.432
10688,0.442,0.442,0.442
10689,0.44,0.44,0.44
10690,0.432,0.432,0.432
10691,0.436,0.436,0.436
10692,0.432,0.432,0.432
10693,0.43,0.43,0.43
10694,0.43,0.43,0.43
10695,0.41,0.41,0.41
10696,0.422,0.422,0.422
10697,0.43,0.43,0.43
10698,0.426,0.426,0.426
10699,0.42,0.42,0.42
10700,0.434,0.434,0.434
10701,0.422,0.422,0.422
10702,0.428,0.428,0.428
10703,0.44,0.44,0.44
10704,0.428,0.428,0.428
10705,0.428,0.428,0.428
10706,0.418,0.418,0.418
10707,0.41,0.41,0.41
10708,0.416,0.416,0.416
10709,0.402,0.402,0.402
10710,0.398,0.398,0.398
10711,0.394,0.394,0.394
10712,0.396,0.396,0.396
10713,0.384,0.384,0.384
10714,0.378,0.378,0.378
10715,0.37,0.37,0.37
10716,0.36,0.36,0.36
10717,0.35,0.35,0.35
10718,0.35,0.35,0.35
10719,0.346,0.346,0.346
10720,0.342,0.296,0.296
10721,0.336,0.282,0.282
10722,0.332,0.268,0.268
10723,0.326,0.24,0.24
10724,0.314,0.224,0.224
10725,0.318,0.218,0.218
10726,0.312,0.184,0.184
10727,0.294,0.182,0.182
10728,0.292,0.17,0.17
10729,0.294,0.166,0.166
10730,0.288,0.152,0.152
10731,0.284,0.148,0.148
10732,0.292,0.12,0.12
10733,0.306,0.116,0.116
10734,0.296,0.102,0.102
10735,0.282,0.066,0.066
10736,0.268,0.042,0.042
10737,0.24,0.036,0.036
10738,0.224,0.02,0.02
10739,0.218,0.018,0.018
10740,0.184,0.016,0.016
10741,0.182,0.016,0.016
10742,0.17,0.01,0.01
10743,0.166,0.01,0.01
10744,0.152,0.004,0.004
10745,0.148,0.004,0.004
10746,0.12,0.004,0.004
10747,0.116,0.004,0.004
10748,0.102,0,0
10749,0.066,0,0
10750,0.042,0,0
10751,0.036,0,0
10752,0.02,0,0
10753,0.018,0,0
10754,0.016,0,0
10755,0.016,0,0
10756,0.01,0,0
10757,0.01,0,0
10758,0.004,0,0
10759,0.004,0,0
10760,0.004,0,0
10761,0.004,0,0
10762,0,0,0
10763,0,0,0
10764,0,0,0
10765,0,0,0
10766,0,0,0
10767,0,0,0
10768,0,0,0
10769,0,0,0
10770,0,0,0
10771,0,0,0
10772,0,0,0
10773,0,0,0
10774,0,0,0
10775,0,0,0
10776,0,0,0
10777,0,0,0
10778,0,0,0
10779,0,0,0
10780,0,0,0
10781,0,0,0
10782,0,0,0
10783,0,0,0
10784,0,0,0
10785,0,0,0
10786,0,0,0
10787,0,0,0
10788,0,0,0
10789,0,0,0
10790,0,0,0
10791,0,0,0
10792,0,0,0
10793,0,0,0
10794,0,0,0
10795,0,0,0
10796,0,0,0
10797,0,0,0
10798,0,0,0
10799,0,0,0
10800,0,0,0
10801,0,0,0
10802,0,0,0
10803,0,0,0
10804,0,0,0
10805,0,0,0
10806,0,0,0
10807,0,0,0
10808,0,0,0
10809,0,0,0
10810,0,0,0
10811,0,0,0
10812,0.008,0.008,0.008
10813,0,0,0
10814,0,0,0
10815,0,0,0
10816,0,0,0
10817,0,0,0
10818,0,0,0
10819,0,0,0
10820,0,0,0
10821,0,0,0
10822,0,0,0
10823,0,0,0
10824,0,0,0
10825,0,0,0
10826,0,0,0
10827,0,0,0
10828,0,0,0
10829,0,0,0
10830,0,0,0
10831,0,0,0
10832,0,0,0
10833,0,0,0
10834,0,0,0
10835,0,0,0
10836,0,0,0
10837,0,0,0
10838,0,0,0
10839,0,0,0
10840,0,0,0
10841,0,0,0
10842,0.004,0.004,0.004
10843,0,0,0
10844,0,0,0
10845,0,0,0
10846,0,0,0
10847,0,0,0
10848,0,0,0
10849,0,0,0
10850,0,0,0
10851,0,0,0
10852,0,0,0
10853,0,0,0
10854,0.004,0.004,0.004
10855,0.01,0.01,0.01
10856,0.014,0.014,0.014
10857,0.018,0.018,0.018
10858,0.02,0.02,0.02
10859,0.018,0.018,0.018
10860,0.018,0.018,0.018
10861,0.052,0.052,0.052
10862,0.052,0.052,0.052
10863,0.052,0.052,0.052
10864,0.046,0.046,0.046
10865,0.044,0.044,0.044
10866,0.044,0.044,0.044
10867,0.05,0.05,0.05
10868,0.046,0.046,0.046
10869,0.044,0.044,0.044
10870,0.038,0.038,0.038
10871,0.038,0.038,0.038
10872,0.038,0.038,0.038
10873,0.048,0.048,0.048
10874,0.058,0.058,0.058
10875,0.068,0.068,0.068
10876,0.058,0.058,0.058
10877,0.054,0.054,0.054
10878,0.05,0.05,0.05
10879,0.072,0.072,0.072
10880,0.088,0.088,0.088
10881,0.11,0.11,0.11
10882,0.098,0.098,0.098
10883,0.112,0.112,0.112
10884,0.104,0.104,0.104
10885,0.134,0.134,0.134
10886,0.14,0.14,0.14
10887,0.122,0.122,0.122
10888,0.118,0.118,0.118
10889,0.12,0.12,0.12
10890,0.106,0.106,0.106
10891,0.072,0.072,0.072
10892,0.054,0.054,0.054
10893,0.054,0.054,0.054
10894,0.12,0.12,0.12
10895,0.168,0.168,0.168
10896,0.15,0.15,0.15
10897,0.128,0.128,0.128
10898,0.124,0.124,0.124
10899,0.146,0.146,0.146
10900,0.146,0.146,0.146
10901,0.144,0.144,0.144
10902,0.136,0.136,0.136
10903,0.132,0.132,0.132
10904,0.118,0.118,0.118
10905,0.13,0.13,0.13
10906,0.106,0.106,0.106
10907,0.116,0.116,0.116
10908,0.126,0.126,0.126
10909,0.12,0.12,0.12
10910,0.14,0.14,0.14
10911,0.126,0.126,0.126
10912,0.122,0.122,0.122
10913,0.118,0.118,0.118
10914,0.106,0.106,0.106
10915,0.118,0.118,0.118
10916,0.12,0.12,0.12
10917,0.108,0.108,0.108
10918,0.124,0.124,0.124
10919,0.126,0.126,0.126
10920,0.106,0.106,0.106
10921,0.098,0.098,0.098
10922,0.106,0.106,0.106
10923,0.116,0.116,0.116
10924,0.116,0.116,0.116
10925,0.13,0.13,0.13
10926,0.148,0.148,0.148
10927,0.154,0.154,0.154
10928,0.134,0.134,0.134
10929,0.154,0.154,0.154
10930,0.132,0.132,0.132
10931,0.126,0.126,0.126
10932,0.122,0.122,0.122
10933,0.134,0.134,0.134
10934,0.142,0.142,0.142
10935,0.136,0.136,0.136
10936,0.122,0.122,0.122
10937,0.16,0.16,0.16
10938,0.188,0.188,0.188
10939,0.154,0.154,0.154
10940,0.188,0.188,0.188
10941,0.17,0.17,0.17
10942,0.174,0.174,0.174
10943,0.17,0.17,0.17
10944,0.162,0.162,0.162
10945,0.158,0.158,0.158
10946,0.156,0.156,0.156
10947,0.164,0.164,0.164
10948,0.16,0.16,0.16
10949,0.164,0.164,0.164
10950,0.112,0.112,0.112
10951,0.154,0.154,0.154
10952,0.154,0.154,0.154
10953,0.154,0.154,0.154
10954,0.158,0.158,0.158
10955,0.156,0.156,0.156
10956,0.156,0.156,0.156
10957,0.16,0.16,0.16
10958,0.138,0.138,0.138
10959,0.15,0.15,0.15
10960,0.154,0.154,0.154
10961,0.162,0.162,0.162
10962,0.172,0.172,0.172
10963,0.17,0.17,0.17
10964,0.19,0.19,0.19
10965,0.23,0.23,0.23
10966,0.274,0.274,0.274
10967,0.246,0.246,0.246
10968,0.24,0.24,0.24
10969,0.276,0.276,0.276
10970,0.308,0.308,0.308
10971,0.248,0.248,0.248
10972,0.264,0.264,0.264
10973,0.262,0.262,0.262
10974,0.304,0.304,0.304
10975,0.302,0.302,0.302
10976,0.29,0.29,0.29
10977,0.246,0.246,0.246
10978,0.248,0.248,0.248
10979,0.244,0.244,0.244
10980,0.222,0.222,0.222
10981,0.228,0.228,0.228
10982,0.234,0.234,0.234
10983,0.238,0.238,0.238
10984,0.246,0.246,0.246
10985,0.242,0.242,0.242
10986,0.248,0.248,0.248
10987,0.238,0.238,0.238
10988,0.25,0.25,0.25
10989,0.248,0.248,0.248
10990,0.248,0.248,0.248
10991,0.278,0.278,0.278
10992,0.268,0.268,0.268
10993,0.274,0.274,0.274
10994,0.272,0.272,0.272
10995,0.276,0.276,0.276
10996,0.28,0.28,0.28
10997,0.288,0.288,0.288
10998,0.302,0.302,0.302
10999,0.298,0.298,0.298
11000,0.31,0.31,0.31
11001,0.312,0.312,0.312
11002,0.358,0.358,0.358
11003,0.342,0.342,0.342
11004,0.338,0.338,0.338
11005,0.338,0.338,0.338
11006,0.344,0.344,0.344
11007,0.342,0.342,0.342
11008,0.33,0.33,0.33
11009,0.332,0.332,0.332
11010,0.342,0.342,0.342
11011,0.336,0.336,0.336
11012,0.382,0.382,0.382
11013,0.368,0.368,0.368
11014,0.35,0.35,0.35
11015,0.376,0.376,0.376
11016,0.406,0.406,0.406
11017,0.39,0.39,0.39
11018,0.39,0.39,0.39
11019,0.372,0.372,0.372
11020,0.368,0.368,0.368
11021,0.38,0.38,0.38
11022,0.368,0.368,0.368
11023,0.372,0.372,0.372
11024,0.358,0.358,0.358
11025,0.366,0.366,0.366
11026,0.372,0.372,0.372
11027,0.382,0.382,0.382
11028,0.388,0.388,0.388
11029,0.39,0.39,0.39
11030,0.382,0.382,0.382
11031,0.386,0.386,0.386
11032,0.416,0.416,0.416
11033,0.406,0.406,0.406
11034,0.406,0.406,0.406
11035,0.404,0.404,0.404
11036,0.404,0.404,0.404
11037,0.402,0.402,0.402
11038,0.404,0.404,0.404
11039,0.426,0.426,0.426
11040,0.422,0.422,0.422
11041,0.418,0.418,0.418
11042,0.418,0.418,0.418
11043,0.412,0.412,0.412
11044,0.414,0.414,0.414
11045,0.398,0.398,0.398
11046,0.388,0.388,0.388
11047,0.39,0.39,0.39
11048,0.378,0.378,0.378
11049,0.374,0.374,0.374
11050,0.384,0.384,0.384
11051,0.446,0.446,0.446
11052,0.432,0.432,0.432
11053,0.442,0.442,0.442
11054,0.44,0.44,0.44
11055,0.432,0.432,0.432
11056,0.436,0.436,0.436
11057,0.432,0.432,0.432
11058,0.43,0.43,0.43
11059,0.43,0.43,0.43
11060,0.41,0.41,0.41
11061,0.422,0.422,0.422
11062,0.43,0.43,0.43
11063,0.426,0.426,0.426
11064,0.42,0.42,0.42
11065,0.434,0.434,0.434
11066,0.422,0.422,0.422
11067,0.428,0.428,0.428
11068,0.44,0.44,0.44
11069,0.428,0.428,0.428
11070,0.428,0.428,0.428
11071,0.418,0.418,0.418
11072,0.41,0.41,0.41
11073,0.416,0.416,0.416
11074,0.402,0.402,0.402
11075,0.398,0.398,0.398
11076,0.394,0.394,0.394
11077,0.396,0.396,0.396
11078,0.384,0.384,0.384
11079,0.378,0.378,0.378
11080,0.37,0.37,0.37
11081,0.36,0.36,0.36
11082,0.35,0.35,0.35
11083,0.35,0.35,0.35
11084,0.346,0.296,0.296
11085,0.342,0.282,0.282
11086,0.336,0.268,0.268
11087,0.332,0.24,0.24
11088,0.326,0.224,0.224
11089,0.314,0.218,0.218
11090,0.318,0.184,0.184
11091,0.312,0.182,0.182
11092,0.294,0.17,0.17
11093,0.292,0.166,0.166
11094,0.294,0.152,0.152
11095,0.288,0.148,0.148
11096,0.284,0.12,0.12
11097,0.292,0.116,0.116
11098,0.306,0.102,0.102
11099,0.296,0.066,0.066
11100,0.282,0.042,0.042
11101,0.268,0.036,0.036
11102,0.24,0.02,0.02
11103,0.224,0.018,0.018
11104,0.218,0.016,0.016
11105,0.184,0.016,0.016
11106,0.182,0.01,0.01
11107,0.17,0.01,0.01
11108,0.166,0.004,0.004
11109,0.152,0.004,0.004
11110,0.148,0.004,0.004
11111,0.12,0.004,0.004
11112,0.116,0,0
11113,0.102,0,0
11114,0.066,0,0
11115,0.042,0,0
11116,0.036,0,0
11117,0.02,0,0
11118,0.018,0,0
11119,0.016,0,0
11120,0.016,0,0
11121,0.01,0,0
11122,0.01,0,0
11123,0.004,0,0
11124,0.004,0,0
11125,0.004,0,0
11126,0.004,0,0
11127,0,0,0
11128,0,0,0
11129,0,0,0
11130,0,0,0
11131,0,0,0
11132,0,0,0
11133,0,0,0
11134,0,0,0
11135,0,0,0
11136,0,0,0
11137,0,0,0
11138,0,0,0
11139,0,0,0
11140,0,0,0
11141,0,0,0
11142,0,0,0
11143,0,0,0
11144,0,0,0
11145,0,0,0
11146,0,0,0
11147,0,0,0
11148,0,0,0
11149,0,0,0
11150,0,0,0
11151,0,0,0
11152,0,0,0
11153,0,0,0
11154,0,0,0
11155,0,0,0
11156,0,0,0
11157,0,0,0
11158,0,0,0
11159,0,0,0
11160,0,0,0
11161,0,0,0
11162,0,0,0
11163,0,0,0
11164,0,0,0
11165,0,0,0
11166,0,0,0
11167,0,0,0
11168,0,0,0
11169,0,0,0
11170,0,0,0
11171,0,0,0
11172,0,0,0
11173,0,0,0
11174,0,0,0
11175,0,0,0
11176,0,0,0
11177,0.008,0.008,0.008
11178,0,0,0
11179,0,0,0
11180,0,0,0
11181,0,0,0
11182,0,0,0
11183,0,0,0
11184,0,0,0
11185,0,0,0
11186,0,0,0
11187,0,0,0
11188,0,0,0
11189,0,0,0
11190,0,0,0
11191,0,0,0
11192,0,0,0
11193,0,0,0
11194,0,0,0
11195,0,0,0
11196,0,0,0
11197,0,0,0
11198,0,0,0
11199,0,0,0
11200,0,0,0
11201,0,0,0
11202,0,0,0
11203,0,0,0
11204,0,0,0
11205,0,0,0
11206,0,0,0
11207,0.004,0.004,0.004
11208,0,0,0
11209,0,0,0
11210,0,0,0
11211,0,0,0
11212,0,0,0
11213,0,0,0
11214,0,0,0
11215,0,0,0
11216,0,0,0
11217,0,0,0
11218,0,0,0
11219,0.004,0.004,0.004
11220,0.01,0.01,0.01
11221,0.014,0.014,0.014
11222,0.018,0.018,0.018
11223,0.02,0.02,0.02
11224,0.018,0.018,0.018
11225,0.018,0.018,0.018
11226,0.052,0.052,0.052
11227,0.052,0.052,0.052
11228,0.052,0.052,0.052
11229,0.046,0.046,0.046
11230,0.044,0.044,0.044
11231,0.044,0.044,0.044
11232,0.05,0.05,0.05
11233,0.046,0.046,0.046
11234,0.044,0.044,0.044
11235,0.038,0.038,0.038
11236,0.038,0.038,0.038
11237,0.038,0.038,0.038
11238,0.048,0.048,0.048
11239,0.058,0.058,0.058
11240,0.068,0.068,0.068
11241,0.058,0.058,0.058
11242,0.054,0.054,0.054
11243,0.05,0.05,0.05
11244,0.072,0.072,0.072
11245,0.088,0.088,0.088
11246,0.11,0.11,0.11
11247,0.098,0.098,0.098
11248,0.112,0.112,0.112
11249,0.104,0.104,0.104
11250,0.134,0.134,0.134
11251,0.14,0.14,0.14
11252,0.122,0.122,0.122
11253,0.118,0.118,0.118
11254,0.12,0.12,0.12
11255,0.106,0.106,0.106
11256,0.072,0.072,0.072
11257,0.054,0.054,0.054
11258,0.054,0.054,0.054
11259,0.12,0.12,0.12
11260,0.168,0.168,0.168
11261,0.15,0.15,0.15
11262,0.128,0.128,0.128
11263,0.124,0.124,0.124
11264,0.146,0.146,0.146
11265,0.146,0.146,0.146
11266,0.144,0.144,0.144
11267,0.136,0.136,0.136
11268,0.132,0.132,0.132
11269,0.118,0.118,0.118
11270,0.13,0.13,0.13
11271,0.106,0.106,0.106
11272,0.116,0.116,0.116
11273,0.126,0.126,0.126
11274,0.12,0.12,0.12
11275,0.14,0.14,0.14
11276,0.126,0.126,0.126
11277,0.122,0.122,0.122
11278,0.118,0.118,0.118
11279,0.106,0.106,0.106
11280,0.118,0.118,0.118
11281,0.12,0.12,0.12
11282,0.108,0.108,0.108
11283,0.124,0.124,0.124
11284,0.126,0.126,0.126
11285,0.106,0.106,0.106
11286,0.098,0.098,0.098
11287,0.106,0.106,0.106
11288,0.116,0.116,0.116
11289,0.116,0.116,0.116
11290,0.13,0.13,0.13
11291,0.148,0.148,0.148
11292,0.154,0.154,0.154
11293,0.134,0.134,0.134
11294,0.154,0.154,0.154
11295,0.132,0.132,0.132
11296,0.126,0.126,0.126
11297,0.122,0.122,0.122
11298,0.134,0.134,0.134
11299,0.142,0.142,0.142
11300,0.136,0.136,0.136
11301,0.122,0.122,0.122
11302,0.16,0.16,0.16
11303,0.188,0.188,0.188
11304,0.154,0.154,0.154
11305,0.188,0.188,0.188
11306,0.17,0.17,0.17
11307,0.174,0.174,0.174
11308,0.17,0.17,0.17
11309,0.162,0.162,0.162
11310,0.158,0.158,0.158
11311,0.156,0.156,0.156
11312,0.164,0.164,0.164
11313,0.16,0.16,0.16
11314,0.164,0.164,0.164
11315,0.112,0.112,0.112
11316,0.154,0.154,0.154
11317,0.154,0.154,0.154
11318,0.154,0.154,0.154
11319,0.158,0.158,0.158
11320,0.156,0.156,0.156
11321,0.156,0.156,0.156
11322,0.16,0.16,0.16
11323,0.138,0.138,0.138
11324,0.15,0.15,0.15
11325,0.154,0.154,0.154
11326,0.162,0.162,0.162
11327,0.172,0.172,0.172
11328,0.17,0.17,0.17
11329,0.19,0.19,0.19
11330,0.23,0.23,0.23
11331,0.274,0.274,0.274
11332,0.246,0.246,0.246
11333,0.24,0.24,0.24
11334,0.276,0.276,0.276
11335,0.308,0.308,0.308
11336,0.248,0.248,0.248
11337,0.264,0.264,0.264
11338,0.262,0.262,0.262
11339,0.304,0.304,0.304
11340,0.302,0.302,0.302
11341,0.29,0.29,0.29
11342,0.246,0.246,0.246
11343,0.248,0.248,0.248
11344,0.244,0.244,0.244
11345,0.222,0.222,0.222
11346,0.228,0.228,0.228
11347,0.234,0.234,0.234
11348,0.238,0.238,0.238
11349,0.246,0.246,0.246
11350,0.242,0.242,0.242
11351,0.248,0.248,0.248
11352,0.238,0.238,0.238
11353,0.25,0.25,0.25
11354,0.248,0.248,0.248
11355,0.248,0.248,0.248
11356,0.278,0.278,0.278
11357,0.268,0.268,0.268
11358,0.274,0.274,0.274
11359,0.272,0.272,0.272
11360,0.276,0.276,0.276
11361,0.28,0.28,0.28
11362,0.288,0.288,0.288
11363,0.302,0.302,0.302
11364,0.298,0.298,0.298
11365,0.31,0.31,0.31
11366,0.312,0.312,0.312
11367,0.358,0.358,0.358
11368,0.342,0.342,0.342
11369,0.338,0.338,0.338
11370,0.338,0.338,0.338
11371,0.344,0.344,0.344
11372,0.342,0.342,0.342
11373,0.33,0.33,0.33
11374,0.332,0.332,0.332
11375,0.342,0.342,0.342
11376,0.336,0.336,0.336
11377,0.382,0.382,0.382
11378,0.368,0.368,0.368
11379,0.35,0.35,0.35
11380,0.376,0.376,0.376
11381,0.406,0.406,0.406
11382,0.39,0.39,0.39
11383,0.39,0.39,0.39
11384,0.372,0.372,0.372
11385,0.368,0.368,0.368
11386,0.38,0.38,0.38
11387,0.368,0.368,0.368
11388,0.372,0.372,0.372
11389,0.358,0.358,0.358
11390,0.366,0.366,0.366
11391,0.372,0.372,0.372
11392,0.382,0.382,0.382
11393,0.388,0.388,0.388
11394,0.39,0.39,0.39
11395,0.382,0.382,0.382
11396,0.386,0.386,0.386
11397,0.416,0.416,0.416
11398,0.406,0.406,0.406
11399,0.406,0.406,0.406
11400,0.404,0.404,0.404
11401,0.404,0.404,0.404
11402,0.402,0.402,0.402
11403,0.404,0.404,0.404
11404,0.426,0.426,0.426
11405,0.422,0.422,0.422
11406,0.418,0.418,0.418
11407,0.418,0.418,0.418
11408,0.412,0.412,0.412
11409,0.414,0.414,0.414
11410,0.398,0.398,0.398
11411,0.388,0.388,0.388
11412,0.39,0.39,0.39
11413,0.378,0.378,0.378
11414,0.374,0.374,0.374
11415,0.384,0.384,0.384
11416,0.446,0.446,0.446
11417,0.432,0.432,0.432
11418,0.442,0.442,0.442
11419,0.44,0.44,0.44
11420,0.432,0.432,0.432
11421,0.436,0.436,0.436
11422,0.432,0.432,0.432
11423,0.43,0.43,0.43
11424,0.43,0.43,0.43
11425,0.41,0.41,0.41
11426,0.422,0.422,0.422
11427,0.43,0.43,0.43
11428,0.426,0.426,0.426
11429,0.42,0.42,0.42
11430,0.434,0.434,0.434
11431,0.422,0.422,0.422
11432,0.428,0.428,0.428
11433,0.44,0.44,0.44
11434,0.428,0.428,0.428
11435,0.428,0.428,0.428
11436,0.418,0.418,0.418
11437,0.41,0.41,0.41
11438,0.416,0.416,0.416
11439,0.402,0.402,0.402
11440,0.398,0.398,0.398
11441,0.394,0.394,0.394
11442,0.396,0.396,0.396
11443,0.384,0.384,0.384
11444,0.378,0.378,0.378
11445,0.37,0.37,0.37
11446,0.36,0.36,0.36
11447,0.35,0.35,0.35
11448,0.35,0.35,0.35
11449,0.346,0.296,0.296
11450,0.342,0.282,0.282
11451,0.336,0.268,0.268
11452,0.332,0.24,0.24
11453,0.326,0.224,0.224
11454,0.314,0.218,0.218
11455,0.318,0.184,0.184
11456,0.312,0.182,0.182
11457,0.294,0.17,0.17
11458,0.292,0.166,0.166
11459,0.294,0.152,0.152
11460,0.288,0.148,0.148
11461,0.284,0.12,0.12
11462,0.292,0.116,0.116
11463,0.306,0.102,0.102
11464,0.296,0.066,0.066
11465,0.282,0.042,0.042
11466,0.268,0.036,0.036
11467,0.24,0.02,0.02
11468,0.224,0.018,0.018
11469,0.218,0.016,0.016
11470,0.184,0.016,0.016
11471,0.182,0.01,0.01
11472,0.17,0.01,0.01
11473,0.166,0.004,0.004
11474,0.152,0.004,0.004
11475,0.148,0.004,0.004
11476,0.12,0.004,0.004
11477,0.116,0,0
11478,0.102,0,0
11479,0.066,0,0
11480,0.042,0,0
11481,0.036,0,0
11482,0.02,0,0
11483,0.018,0,0
11484,0.016,0,0
11485,0.016,0,0
11486,0.01,0,0
11487,0.01,0,0
11488,0.004,0,0
11489,0.004,0,0
11490,0.004,0,0
11491,0.004,0,0
11492,0,0,0
11493,0,0,0
11494,0,0,0
11495,0,0,0
11496,0,0,0
11497,0,0,0
11498,0,0,0
11499,0,0,0
11500,0,0,0
11501,0,0,0
11502,0,0,0
11503,0,0,0
11504,0,0,0
11505,0,0,0
11506,0,0,0
11507,0,0,0
11508,0,0,0
11509,0,0,0
11510,0,0,0
11511,0,0,0
11512,0,0,0
11513,0,0,0
11514,0,0,0
11515,0,0,0
11516,0,0,0
11517,0,0,0
11518,0,0,0
11519,0,0,0
11520,0,0,0
11521,0,0,0
11522,0,0,0
11523,0,0,0
11524,0,0,0
11525,0,0,0
11526,0,0,0
11527,0,0,0
11528,0,0,0
11529,0,0,0
11530,0,0,0
11531,0,0,0
11532,0,0,0
11533,0,0,0
11534,0,0,0
11535,0,0,0
11536,0,0,0
11537,0,0,0
11538,0,0,0
11539,0,0,0
11540,0,0,0
11541,0,0,0
11542,0.008,0.008,0.008
11543,0,0,0
11544,0,0,0
11545,0,0,0
11546,0,0,0
11547,0,0,0
11548,0,0,0
11549,0,0,0
11550,0,0,0
11551,0,0,0
11552,0,0,0
11553,0,0,0
11554,0,0,0
11555,0,0,0
11556,0,0,0
11557,0,0,0
11558,0,0,0
11559,0,0,0
11560,0,0,0
11561,0,0,0
11562,0,0,0
11563,0,0,0
11564,0,0,0
11565,0,0,0
11566,0,0,0
11567,0,0,0
11568,0,0,0
11569,0,0,0
11570,0,0,0
11571,0,0,0
11572,0.004,0.004,0.004
11573,0,0,0
11574,0,0,0
11575,0,0,0
11576,0,0,0
11577,0,0,0
11578,0,0,0
11579,0,0,0
11580,0,0,0
11581,0,0,0
11582,0,0,0
11583,0,0,0
11584,0.004,0.004,0.004
11585,0.01,0.01,0.01
11586,0.014,0.014,0.014
11587,0.018,0.018,0.018
11588,0.02,0.02,0.02
11589,0.018,0.018,0.018
11590,0.018,0.018,0.018
11591,0.052,0.052,0.052
11592,0.052,0.052,0.052
11593,0.052,0.052,0.052
11594,0.046,0.046,0.046
11595,0.044,0.044,0.044
11596,0.044,0.044,0.044
11597,0.05,0.05,0.05
11598,0.046,0.046,0.046
11599,0.044,0.044,0.044
11600,0.038,0.038,0.038
11601,0.038,0.038,0.038
11602,0.038,0.038,0.038
11603,0.048,0.048,0.048
11604,0.058,0.058,0.058
11605,0.068,0.068,0.068
11606,0.058,0.058,0.058
11607,0.054,0.054,0.054
11608,0.05,0.05,0.05
11609,0.072,0.072,0.072
11610,0.088,0.088,0.088
11611,0.11,0.11,0.11
11612,0.098,0.098,0.098
11613,0.112,0.112,0.112
11614,0.104,0.104,0.104
11615,0.134,0.134,0.134
11616,0.14,0.14,0.14
11617,0.122,0.122,0.122
11618,0.118,0.118,0.118
11619,0.12,0.12,0.12
11620,0.106,0.106,0.106
11621,0.072,0.072,0.072
11622,0.054,0.054,0.054
11623,0.054,0.054,0.054
11624,0.12,0.12,0.12
11625,0.168,0.168,0.168
11626,0.15,0.15,0.15
11627,0.128,0.128,0.128
11628,0.124,0.124,0.124
11629,0.146,0.146,0.146
11630,0.146,0.146,0.146
11631,0.144,0.144,0.144
11632,0.136,0.136,0.136
11633,0.132,0.132,0.132
11634,0.118,0.118,0.118
11635,0.13,0.13,0.13
11636,0.106,0.106,0.106
11637,0.116,0.116,0.116
11638,0.126,0.126,0.126
11639,0.12,0.12,0.12
11640,0.14,0.14,0.14
11641,0.126,0.126,0.126
11642,0.122,0.122,0.122
11643,0.118,0.118,0.118
11644,0.106,0.106,0.106
11645,0.118,0.118,0.118
11646,0.12,0.12,0.12
11647,0.108,0.108,0.108
11648,0.124,0.124,0.124
11649,0.126,0.126,0.126
11650,0.106,0.106,0.106
11651,0.098,0.098,0.098
11652,0.106,0.106,0.106
11653,0.116,0.116,0.116
11654,0.116,0.116,0.116
11655,0.13,0.13,0.13
11656,0.148,0.148,0.148
11657,0.154,0.154,0.154
11658,0.134,0.134,0.134
11659,0.154,0.154,0.154
11660,0.132,0.132,0.132
11661,0.126,0.126,0.126
11662,0.122,0.122,0.122
11663,0.134,0.134,0.134
11664,0.142,0.142,0.142
11665,0.136,0.136,0.136
11666,0.122,0.122,0.122
11667,0.16,0.16,0.16
11668,0.188,0.188,0.188
11669,0.154,0.154,0.154
11670,0.188,0.188,0.188
11671,0.17,0.17,0.17
11672,0.174,0.174,0.174
11673,0.17,0.17,0.17
11674,0.162,0.162,0.162
11675,0.158,0.158,0.158
11676,0.156,0.156,0.156
11677,0.164,0.164,0.164
11678,0.16,0.16,0.16
11679,0.164,0.164,0.164
11680,0.112,0.112,0.112
11681,0.154,0.154,0.154
11682,0.154,0.154,0.154
11683,0.154,0.154,0.154
11684,0.158,0.158,0.158
11685,0.156,0.156,0.156
11686,0.156,0.156,0.156
11687,0.16,0.16,0.16
11688,0.138,0.138,0.138
11689,0.15,0.15,0.15
11690,0.154,0.154,0.154
11691,0.162,0.162,0.162
11692,0.172,0.172,0.172
11693,0.17,0.17,0.17
11694,0.19,0.19,0.19
11695,0.23,0.23,0.23
11696,0.274,0.274,0.274
11697,0.246,0.246,0.246
11698,0.24,0.24,0.24
11699,0.276,0.276,0.276
11700,0.308,0.308,0.308
11701,0.248,0.248,0.248
11702,0.264,0.264,0.264
11703,0.262,0.262,0.262
11704,0.304,0.304,0.304
11705,0.302,0.302,0.302
11706,0.29,0.29,0.29
11707,0.246,0.246,0.246
11708,0.248,0.248,0.248
11709,0.244,0.244,0.244
11710,0.222,0.222,0.222
11711,0.228,0.228,0.228
11712,0.234,0.234,0.234
11713,0.238,0.238,0.238
11714,0.246,0.246,0.246
11715,0.242,0.242,0.242
11716,0.248,0.248,0.248
11717,0.238,0.238,0.238
11718,0.25,0.25,0.25
11719,0.248,0.248,0.248
11720,0.248,0.248,0.248
11721,0.278,0.278,0.278
11722,0.268,0.268,0.268
11723,0.274,0.274,0.274
11724,0.272,0.272,0.272
11725,0.276,0.276,0.276
11726,0.28,0.28,0.28
11727,0.288,0.288,0.288
11728,0.302,0.302,0.302
11729,0.298,0.298,0.298
11730,0.31,0.31,0.31
11731,0.312,0.312,0.312
11732,0.358,0.358,0.358
11733,0.342,0.342,0.342
11734,0.338,0.338,0.338
11735,0.338,0.338,0.338
11736,0.344,0.344,0.344
11737,0.342,0.342,0.342
11738,0.33,0.33,0.33
11739,0.332,0.332,0.332
11740,0.342,0.342,0.342
11741,0.336,0.336,0.336
11742,0.382,0.382,0.382
11743,0.368,0.368,0.368
11744,0.35,0.35,0.35
11745,0.376,0.376,0.376
11746,0.406,0.406,0.406
11747,0.39,0.39,0.39
11748,0.39,0.39,0.39
11749,0.372,0.372,0.372
11750,0.368,0.368,0.368
11751,0.38,0.38,0.38
11752,0.368,0.368,0.368
11753,0.372,0.372,0.372
11754,0.358,0.358,0.358
11755,0.366,0.366,0.366
11756,0.372,0.372,0.372
11757,0.382,0.382,0.382
11758,0.388,0.388,0.388
11759,0.39,0.39,0.39
11760,0.382,0.382,0.382
11761,0.386,0.386,0.386
11762,0.416,0.416,0.416
11763,0.406,0.406,0.406
11764,0.406,0.406,0.406
11765,0.404,0.404,0.404
11766,0.404,0.404,0.404
11767,0.402,0.402,0.402
11768,0.404,0.404,0.404
11769,0.426,0.426,0.426
11770,0.422,0.422,0.422
11771,0.418,0.418,0.418
11772,0.418,0.418,0.418
11773,0.412,0.412,0.412
11774,0.414,0.414,0.414
11775,0.398,0.398,0.398
11776,0.388,0.388,0.388
11777,0.39,0.39,0.39
11778,0.378,0.378,0.378
11779,0.374,0.374,0.374
11780,0.384,0.384,0.384
11781,0.446,0.446,0.446
11782,0.432,0.432,0.432
11783,0.442,0.442,0.442
11784,0.44,0.44,0.44
11785,0.432,0.432,0.432
11786,0.436,0.436,0.436
11787,0.432,0.432,0.432
11788,0.43,0.43,0.43
11789,0.43,0.43,0.43
11790,0.41,0.41,0.41
11791,0.422,0.422,0.422
11792,0.43,0.43,0.43
11793,0.426,0.426,0.426
11794,0.42,0.42,0.42
11795,0.434,0.434,0.434
11796,0.422,0.422,0.422
11797,0.428,0.428,0.428
11798,0.44,0.44,0.44
11799,0.428,0.428,0.428
11800,0.428,0.428,0.428
11801,0.418,0.418,0.418
11802,0.41,0.41,0.41
11803,0.416,0.416,0.416
11804,0.402,0.402,0.402
11805,0.398,0.398,0.398
11806,0.394,0.394,0.394
11807,0.396,0.396,0.396
11808,0.384,0.384,0.384
11809,0.378,0.378,0.378
11810,0.37,0.37,0.37
11811,0.36,0.36,0.36
11812,0.35,0.35,0.35
11813,0.35,0.296,0.296
11814,0.346,0.282,0.282
11815,0.342,0.268,0.268
11816,0.336,0.24,0.24
11817,0.332,0.224,0.224
11818,0.326,0.218,0.218
11819,0.314,0.184,0.184
11820,0.318,0.182,0.182
11821,0.312,0.17,0.17
11822,0.294,0.166,0.166
11823,0.292,0.152,0.152
11824,0.294,0.148,0.148
11825,0.288,0.12,0.12
11826,0.284,0.116,0.116
11827,0.292,0.102,0.102
11828,0.306,0.066,0.066
11829,0.296,0.042,0.042
11830,0.282,0.036,0.036
11831,0.268,0.02,0.02
11832,0.24,0.018,0.018
11833,0.224,0.016,0.016
11834,0.218,0.016,0.016
11835,0.184,0.01,0.01
11836,0.182,0.01,0.01
11837,0.17,0.004,0.004
11838,0.166,0.004,0.004
11839,0.152,0.004,0.004
11840,0.148,0.004,0.004
11841,0.12,0,0
11842,0.116,0,0
11843,0.102,0,0
11844,0.066,0,0
11845,0.042,0,0
11846,0.036,0,0
11847,0.02,0,0
11848,0.018,0,0
11849,0.016,0,0
11850,0.016,0,0
11851,0.01,0,0
11852,0.01,0,0
11853,0.004,0,0
11854,0.004,0,0
11855,0.004,0,0
11856,0.004,0,0
11857,0,0,0
11858,0,0,0
11859,0,0,0
11860,0,0,0
11861,0,0,0
11862,0,0,0
11863,0,0,0
11864,0,0,0
11865,0,0,0
11866,0,0,0
11867,0,0,0
11868,0,0,0
11869,0,0,0
11870,0,0,0
11871,0,0,0
11872,0,0,0
11873,0,0,0
11874,0,0,0
11875,0,0,0
11876,0,0,0
11877,0,0,0
11878,0,0,0
11879,0,0,0
11880,0,0,0
11881,0,0,0
11882,0,0,0
11883,0,0,0
11884,0,0,0
11885,0,0,0
11886,0,0,0
11887,0,0,0
11888,0,0,0
11889,0,0,0
11890,0,0,0
11891,0,0,0
11892,0,0,0
11893,0,0,0
11894,0,0,0
11895,0,0,0
11896,0,0,0
11897,0,0,0
11898,0,0,0
11899,0,0,0
11900,0,0,0
11901,0,0,0
11902,0,0,0
11903,0,0,0
11904,0,0,0
11905,0,0,0
11906,0,0,0
11907,0.008,0.008,0.008
11908,0,0,0
11909,0,0,0
11910,0,0,0
11911,0,0,0
11912,0,0,0
11913,0,0,0
11914,0,0,0
11915,0,0,0
11916,0,0,0
11917,0,0,0
11918,0,0,0
11919,0,0,0
11920,0,0,0
11921,0,0,0
11922,0,0,0
11923,0,0,0
11924,0,0,0
11925,0,0,0
11926,0,0,0
11927,0,0,0
11928,0,0,0
11929,0,0,0
11930,0,0,0
11931,0,0,0
11932,0,0,0
11933,0,0,0
11934,0,0,0
11935,0,0,0
11936,0,0,0
11937,0.004,0.004,0.004
11938,0,0,0
11939,0,0,0
11940,0,0,0
11941,0,0,0
11942,0,0,0
11943,0,0,0
11944,0,0,0
11945,0,0,0
11946,0,0,0
11947,0,0,0
11948,0,0,0
11949,0.004,0.004,0.004
11950,0.01,0.01,0.01
11951,0.014,0.014,0.014
11952,0.018,0.018,0.018
11953,0.02,0.02,0.02
11954,0.018,0.018,0.018
11955,0.018,0.018,0.018
11956,0.052,0.052,0.052
11957,0.052,0.052,0.052
11958,0.052,0.052,0.052
11959,0.046,0.046,0.046
11960,0.044,0.044,0.044
11961,0.044,0.044,0.044
11962,0.05,0.05,0.05
11963,0.046,0.046,0.046
11964,0.044,0.044,0.044
11965,0.038,0.038,0.038
11966,0.038,0.038,0.038
11967,0.038,0.038,0.038
11968,0.048,0.048,0.048
11969,0.058,0.058,0.058
11970,0.068,0.068,0.068
11971,0.058,0.058,0.058
11972,0.054,0.054,0.054
11973,0.05,0.05,0.05
11974,0.072,0.072,0.072
11975,0.088,0.088,0.088
11976,0.11,0.11,0.11
11977,0.098,0.098,0.098
11978,0.112,0.112,0.112
11979,0.104,0.104,0.104
11980,0.134,0.134,0.134
11981,0.14,0.14,0.14
11982,0.122,0.122,0.122
11983,0.118,0.118,0.118
11984,0.12,0.12,0.12
11985,0.106,0.106,0.106
11986,0.072,0.072,0.072
11987,0.054,0.054,0.054
11988,0.054,0.054,0.054
11989,0.12,0.12,0.12
11990,0.168,0.168,0.168
11991,0.15,0.15,0.15
11992,0.128,0.128,0.128
11993,0.124,0.124,0.124
11994,0.146,0.146,0.146
11995,0.146,0.146,0.146
11996,0.144,0.144,0.144
11997,0.136,0.136,0.136
11998,0.132,0.132,0.132
11999,0.118,0.118,0.118
12000,0.13,0.13,0.13
12001,0.106,0.106,0.106
12002,0.116,0.116,0.116
12003,0.126,0.126,0.126
12004,0.12,0.12,0.12
12005,0.14,0.14,0.14
12006,0.126,0.126,0.126
12007,0.122,0.122,0.122
12008,0.118,0.118,0.118
12009,0.106,0.106,0.106
12010,0.118,0.118,0.118
12011,0.12,0.12,0.12
12012,0.108,0.108,0.108
12013,0.124,0.124,0.124
12014,0.126,0.126,0.126
12015,0.106,0.106,0.106
12016,0.098,0.098,0.098
12017,0.106,0.106,0.106
12018,0.116,0.116,0.116
12019,0.116,0.116,0.116
12020,0.13,0.13,0.13
12021,0.148,0.148,0.148
12022,0.154,0.154,0.154
12023,0.134,0.134,0.134
12024,0.154,0.154,0.154
12025,0.132,0.132,0.132
12026,0.126,0.126,0.126
12027,0.122,0.122,0.122
12028,0.134,0.134,0.134
12029,0.142,0.142,0.142
12030,0.136,0.136,0.136
12031,0.122,0.122,0.122
12032,0.16,0.16,0.16
12033,0.188,0.188,0.188
12034,0.154,0.154,0.154
12035,0.188,0.188,0.188
12036,0.17,0.17,0.17
12037,0.174,0.174,0.174
12038,0.17,0.17,0.17
12039,0.162,0.162,0.162
12040,0.158,0.158,0.158
12041,0.156,0.156,0.156
12042,0.164,0.164,0.164
12043,0.16,0.16,0.16
12044,0.164,0.164,0.164
12045,0.112,0.112,0.112
12046,0.154,0.154,0.154
12047,0.154,0.154,0.154
12048,0.154,0.154,0.154
12049,0.158,0.158,0.158
12050,0.156,0.156,0.156
12051,0.156,0.156,0.156
12052,0.16,0.16,0.16
12053,0.138,0.138,0.138
12054,0.15,0.15,0.15
12055,0.154,0.154,0.154
12056,0.162,0.162,0.162
12057,0.172,0.172,0.172
12058,0.17,0.17,0.17
12059,0.19,0.19,0.19
12060,0.23,0.23,0.23
12061,0.274,0.274,0.274
12062,0.246,0.246,0.246
12063,0.24,0.24,0.24
12064,0.276,0.276,0.276
12065,0.308,0.308,0.308
12066,0.248,0.248,0.248
12067,0.264,0.264,0.264
12068,0.262,0.262,0.262
12069,0.304,0.304,0.304
12070,0.302,0.302,0.302
12071,0.29,0.29,0.29
12072,0.246,0.246,0.246
12073,0.248,0.248,0.248
12074,0.244,0.244,0.244
12075,0.222,0.222,0.222
12076,0.228,0.228,0.228
12077,0.234,0.234,0.234
12078,0.238,0.238,0.238
12079,0.246,0.246,0.246
12080,0.242,0.242,0.242
12081,0.248,0.248,0.248
12082,0.238,0.238,0.238
12083,0.25,0.25,0.25
12084,0.248,0.248,0.248
12085,0.248,0.248,0.248
12086,0.278,0.278,0.278
12087,0.268,0.268,0.268
12088,0.274,0.274,0.274
12089,0.272,0.272,0.272
12090,0.276,0.276,0.276
12091,0.28,0.28,0.28
12092,0.288,0.288,0.288
12093,0.302,0.302,0.302
12094,0.298,0.298,0.298
12095,0.31,0.31,0.31
12096,0.312,0.312,0.312
12097,0.358,0.358,0.358
12098,0.342,0.342,0.342
12099,0.338,0.338,0.338
12100,0.338,0.338,0.338
12101,0.344,0.344,0.344
12102,0.342,0.342,0.342
12103,0.33,0.33,0.33
12104,0.332,0.332,0.332
12105,0.342,0.342,0.342
12106,0.336,0.336,0.336
12107,0.382,0.382,0.382
12108,0.368,0.368,0.368
12109,0.35,0.35,0.35
12110,0.376,0.376,0.376
12111,0.406,0.406,0.406
12112,0.39,0.39,0.39
12113,0.39,0.39,0.39
12114,0.372,0.372,0.372
12115,0.368,0.368,0.368
12116,0.38,0.38,0.38
12117,0.368,0.368,0.368
12118,0.372,0.372,0.372
12119,0.358,0.358,0.358
12120,0.366,0.366,0.366
12121,0.372,0.372,0.372
12122,0.382,0.382,0.382
12123,0.388,0.388,0.388
12124,0.39,0.39,0.39
12125,0.382,0.382,0.382
12126,0.386,0.386,0.386
12127,0.416,0.416,0.416
12128,0.406,0.406,0.406
12129,0.406,0.406,0.406
12130,0.404,0.404,0.404
12131,0.404,0.404,0.404
12132,0.402,0.402,0.402
12133,0.404,0.404,0.404
12134,0.426,0.426,0.426
12135,0.422,0.422,0.422
12136,0.418,0.418,0.418
12137,0.418,0.418,0.418
12138,0.412,0.412,0.412
12139,0.414,0.414,0.414
12140,0.398,0.398,0.398
12141,0.388,0.388,0.388
12142,0.39,0.39,0.39
12143,0.378,0.378,0.378
12144,0.374,0.374,0.374
12145,0.384,0.384,0.384
12146,0.446,0.446,0.446
12147,0.432,0.432,0.432
12148,0.442,0.442,0.442
12149,0.44,0.44,0.44
12150,0.432,0.432,0.432
12151,0.436,0.436,0.436
12152,0.432,0.432,0.432
12153,0.43,0.43,0.43
12154,0.43,0.43,0.43
12155,0.41,0.41,0.41
12156,0.422,0.422,0.422
12157,0.43,0.43,0.43
12158,0.426,0.426,0.426
12159,0.42,0.42,0.42
12160,0.434,0.434,0.434
12161,0.422,0.422,0.422
12162,0.428,0.428,0.428
12163,0.44,0.44,0.44
12164,0.428,0.428,0.428
12165,0.428,0.428,0.428
12166,0.418,0.418,0.418
12167,0.41,0.41,0.41
12168,0.416,0.416,0.416
12169,0.402,0.402,0.402
12170,0.398,0.398,0.398
12171,0.394,0.394,0.394
12172,0.396,0.396,0.396
12173,0.384,0.384,0.384
12174,0.378,0.378,0.378
12175,0.37,0.37,0.37
12176,0.36,0.36,0.36
12177,0.35,0.35,0.35
12178,0.35,0.296,0.296
12179,0.346,0.282,0.282
12180,0.342,0.268,0.268
12181,0.336,0.24,0.24
12182,0.332,0.224,0.224
12183,0.326,0.218,0.218
12184,0.314,0.184,0.184
12185,0.318,0.182,0.182
12186,0.312,0.17,0.17
12187,0.294,0.166,0.166
12188,0.292,0.152,0.152
12189,0.294,0.148,0.148
12190,0.288,0.12,0.12
12191,0.284,0.116,0.116
12192,0.292,0.102,0.102
12193,0.306,0.066,0.066
12194,0.296,0.042,0.042
12195,0.282,0.036,0.036
12196,0.268,0.02,0.02
12197,0.24,0.018,0.018
12198,0.224,0.016,0.016
12199,0.218,0.016,0.016
12200,0.184,0.01,0.01
12201,0.182,0.01,0.01
12202,0.17,0.004,0.004
12203,0.166,0.004,0.004
12204,0.152,0.004,0.004
12205,0.148,0.004,0.004
12206,0.12,0,0
12207,0.116,0,0
12208,0.102,0,0
12209,0.066,0,0
12210,0.042,0,0
12211,0.036,0,0
12212,0.02,0,0
12213,0.018,0,0
12214,0.016,0,0
12215,0.016,0,0
12216,0.01,0,0
12217,0.01,0,0
12218,0.004,0,0
12219,0.004,0,0
12220,0.004,0,0
12221,0.004,0,0
12222,0,0,0
12223,0,0,0
12224,0,0,0
12225,0,0,0
12226,0,0,0
12227,0,0,0
12228,0,0,0
12229,0,0,0
12230,0,0,0
12231,0,0,0
12232,0,0,0
12233,0,0,0
12234,0,0,0
12235,0,0,0
12236,0,0,0
12237,0,0,0
12238,0,0,0
12239,0,0,0
12240,0,0,0
12241,0,0,0
12242,0,0,0
12243,0,0,0
12244,0,0,0
12245,0,0,0
12246,0,0,0
12247,0,0,0
12248,0,0,0
12249,0,0,0
12250,0,0,0
12251,0,0,0
12252,0,0,0
12253,0,0,0
12254,0,0,0
12255,0,0,0
12256,0,0,0
12257,0,0,0
12258,0,0,0
12259,0,0,0
12260,0,0,0
12261,0,0,0
12262,0,0,0
12263,0,0,0
12264,0,0,0
12265,0,0,0
12266,0,0,0
12267,0,0,0
12268,0,0,0
12269,0,0,0
12270,0,0,0
12271,0,0,0
12272,0.008,0.008,0.008
12273,0,0,0
12274,0,0,0
12275,0,0,0
12276,0,0,0
12277,0,0,0
12278,0,0,0
12279,0,0,0
12280,0,0,0
12281,0,0,0
12282,0,0,0
12283,0,0,0
12284,0,0,0
12285,0,0,0
12286,0,0,0
12287,0,0,0
12288,0,0,0
12289,0,0,0
12290,0,0,0
12291,0,0,0
12292,0,0,0
12293,0,0,0
12294,0,0,0
12295,0,0,0
12296,0,0,0
12297,0,0,0
12298,0,0,0
12299,0,0,0
12300,0,0,0
12301,0,0,0
12302,0.004,0.004,0.004
12303,0,0,0
12304,0,0,0
12305,0,0,0
12306,0,0,0
12307,0,0,0
12308,0,0,0
12309,0,0,0
12310,0,0,0
12311,0,0,0
12312,0,0,0
12313,0,0,0
12314,0.004,0.004,0.004
12315,0.01,0.01,0.01
12316,0.014,0.014,0.014
12317,0.018,0.018,0.018
12318,0.02,0.02,0.02
12319,0.018,0.018,0.018
12320,0.018,0.018,0.018
12321,0.052,0.052,0.052
12322,0.052,0.052,0.052
12323,0.052,0.052,0.052
12324,0.046,0.046,0.046
12325,0.044,0.044,0.044
12326,0.044,0.044,0.044
12327,0.05,0.05,0.05
12328,0.046,0.046,0.046
12329,0.044,0.044,0.044
12330,0.038,0.038,0.038
12331,0.038,0.038,0.038
12332,0.038,0.038,0.038
12333,0.048,0.048,0.048
12334,0.058,0.058,0.058
12335,0.068,0.068,0.068
12336,0.058,0.058,0.058
12337,0.054,0.054,0.054
12338,0.05,0.05,0.05
12339,0.072,0.072,0.072
12340,0.088,0.088,0.088
12341,0.11,0.11,0.11
12342,0.098,0.098,0.098
12343,0.112,0.112,0.112
12344,0.104,0.104,0.104
12345,0.134,0.134,0.134
12346,0.14,0.14,0.14
12347,0.122,0.122,0.122
12348,0.118,0.118,0.118
12349,0.12,0.12,0.12
12350,0.106,0.106,0.106
12351,0.072,0.072,0.072
12352,0.054,0.054,0.054
12353,0.054,0.054,0.054
12354,0.12,0.12,0.12
12355,0.168,0.168,0.168
12356,0.15,0.15,0.15
12357,0.128,0.128,0.128
12358,0.124,0.124,0.124
12359,0.146,0.146,0.146
12360,0.146,0.146,0.146
12361,0.144,0.144,0.144
12362,0.136,0.136,0.136
12363,0.132,0.132,0.132
12364,0.118,0.118,0.118
12365,0.13,0.13,0.13
12366,0.106,0.106,0.106
12367,0.116,0.116,0.116
12368,0.126,0.126,0.126
12369,0.12,0.12,0.12
12370,0.14,0.14,0.14
12371,0.126,0.126,0.126
12372,0.122,0.122,0.122
12373,0.118,0.118,0.118
12374,0.106,0.106,0.106
12375,0.118,0.118,0.118
12376,0.12,0.12,0.12
12377,0.108,0.108,0.108
12378,0.124,0.124,0.124
12379,0.126,0.126,0.126
12380,0.106,0.106,0.106
12381,0.098,0.098,0.098
12382,0.106,0.106,0.106
12383,0.116,0.116,0.116
12384,0.116,0.116,0.116
12385,0.13,0.13,0.13
12386,0.148,0.148,0.148
12387,0.154,0.154,0.154
12388,0.134,0.134,0.134
12389,0.154,0.154,0.154
12390,0.132,0.132,0.132
12391,0.126,0.126,0.126
12392,0.122,0.122,0.122
12393,0.134,0.134,0.134
12394,0.142,0.142,0.142
12395,0.136,0.136,0.136
12396,0.122,0.122,0.122
12397,0.16,0.16,0.16
12398,0.188,0.188,0.188
12399,0.154,0.154,0.154
12400,0.188,0.188,0.188
12401,0.17,0.17,0.17
12402,0.174,0.174,0.174
12403,0.17,0.17,0.17
12404,0.162,0.162,0.162
12405,0.158,0.158,0.158
12406,0.156,0.156,0.156
12407,0.164,0.164,0.164
12408,0.16,0.16,0.16
12409,0.164,0.164,0.164
12410,0.112,0.112,0.112
12411,0.154,0.154,0.154
12412,0.154,0.154,0.154
12413,0.154,0.154,0.154
12414,0.158,0.158,0.158
12415,0.156,0.156,0.156
12416,0.156,0.156,0.156
12417,0.16,0.16,0.16
12418,0.138,0.138,0.138
12419,0.15,0.15,0.15
12420,0.154,0.154,0.154
12421,0.162,0.162,0.162
12422,0.172,0.172,0.172
12423,0.17,0.17,0.17
12424,0.19,0.19,0.19
12425,0.23,0.23,0.23
12426,0.274,0.274,0.274
12427,0.246,0.246,0.246
12428,0.24,0.24,0.24
12429,0.276,0.276,0.276
12430,0.308,0.308,0.308
12431,0.248,0.248,0.248
12432,0.264,0.264,0.264
12433,0.262,0.262,0.262
12434,0.304,0.304,0.304
12435,0.302,0.302,0.302
12436,0.29,0.29,0.29
12437,0.246,0.246,0.246
12438,0.248,0.248,0.248
12439,0.244,0.244,0.244
12440,0.222,0.222,0.222
12441,0.228,0.228,0.228
12442,0.234,0.234,0.234
12443,0.238,0.238,0.238
12444,0.246,0.246,0.246
12445,0.242,0.242,0.242
12446,0.248,0.248,0.248
12447,0.238,0.238,0.238
12448,0.25,0.25,0.25
12449,0.248,0.248,0.248
12450,0.248,0.248,0.248
12451,0.278,0.278,0.278
12452,0.268,0.268,0.268
12453,0.274,0.274,0.274
12454,0.272,0.272,0.272
12455,0.276,0.276,0.276
12456,0.28,0.28,0.28
12457,0.288,0.288,0.288
12458,0.302,0.302,0.302
12459,0.298,0.298,0.298
12460,0.31,0.31,0.31
12461,0.312,0.312,0.312
12462,0.358,0.358,0.358
12463,0.342,0.342,0.342
12464,0.338,0.338,0.338
12465,0.338,0.338,0.338
12466,0.344,0.344,0.344
12467,0.342,0.342,0.342
12468,0.33,0.33,0.33
12469,0.332,0.332,0.332
12470,0.342,0.342,0.342
12471,0.336,0.336,0.336
12472,0.382,0.382,0.382
12473,0.368,0.368,0.368
12474,0.35,0.35,0.35
12475,0.376,0.376,0.376
12476,0.406,0.406,0.406
12477,0.39,0.39,0.39
12478,0.39,0.39,0.39
12479,0.372,0.372,0.372
12480,0.368,0.368,0.368
12481,0.38,0.38,0.38
12482,0.368,0.368,0.368
12483,0.372,0.372,0.372
12484,0.358,0.358,0.358
12485,0.366,0.366,0.366
12486,0.372,0.372,0.372
12487,0.382,0.382,0.382
12488,0.388,0.388,0.388
12489,0.39,0.39,0.39
12490,0.382,0.382,0.382
12491,0.386,0.386,0.386
12492,0.416,0.416,0.416
12493,0.406,0.406,0.406
12494,0.406,0.406,0.406
12495,0.404,0.404,0.404
12496,0.404,0.404,0.404
12497,0.402,0.402,0.402
12498,0.404,0.404,0.404
12499,0.426,0.426,0.426
12500,0.422,0.422,0.422
12501,0.418,0.418,0.418
12502,0.418,0.418,0.418
12503,0.412,0.412,0.412
12504,0.414,0.414,0.414
12505,0.398,0.398,0.398
12506,0.388,0.388,0.388
12507,0.39,0.39,0.39
12508,0.378,0.378,0.378
12509,0.374,0.374,0.374
12510,0.384,0.384,0.384
12511,0.446,0.446,0.446
12512,0.432,0.432,0.432
12513,0.442,0.442,0.442
12514,0.44,0.44,0.44
12515,0.432,0.432,0.432
12516,0.436,0.436,0.436
12517,0.432,0.432,0.432
12518,0.43,0.43,0.43
12519,0.43,0.43,0.43
12520,0.41,0.41,0.41
12521,0.422,0.422,0.422
12522,0.43,0.43,0.43
12523,0.426,0.426,0.426
12524,0.42,0.42,0.42
12525,0.434,0.434,0.434
12526,0.422,0.422,0.422
12527,0.428,0.428,0.428
12528,0.44,0.44,0.44
12529,0.428,0.428,0.428
12530,0.428,0.428,0.428
12531,0.418,0.418,0.418
12532,0.41,0.41,0.41
12533,0.416,0.416,0.416
12534,0.402,0.402,0.402
12535,0.398,0.398,0.398
12536,0.394,0.394,0.394
12537,0.396,0.396,0.396
12538,0.384,0.384,0.384
12539,0.378,0.378,0.378
12540,0.37,0.37,0.37
12541,0.36,0.36,0.36
12542,0.35,0.296,0.296
12543,0.35,0.282,0.282
12544,0.346,0.268,0.268
12545,0.342,0.24,0.24
12546,0.336,0.224,0.224
12547,0.332,0.218,0.218
12548,0.326,0.184,0.184
12549,0.314,0.182,0.182
12550,0.318,0.17,0.17
12551,0.312,0.166,0.166
12552,0.294,0.152,0.152
12553,0.292,0.148,0.148
12554,0.294,0.12,0.12
12555,0.288,0.116,0.116
12556,0.284,0.102,0.102
12557,0.292,0.066,0.066
12558,0.306,0.042,0.042
12559,0.296,0.036,0.036
12560,0.282,0.02,0.02
12561,0.268,0.018,0.018
12562,0.24,0.016,0.016
12563,0.224,0.016,0.016
12564,0.218,0.01,0.01
12565,0.184,0.01,0.01
12566,0.182,0.004,0.004
12567,0.17,0.004,0.004
12568,0.166,0.004,0.004
12569,0.152,0.004,0.004
12570,0.148,0,0
12571,0.12,0,0
12572,0.116,0,0
12573,0.102,0,0
12574,0.066,0,0
12575,0.042,0,0
12576,0.036,0,0
12577,0.02,0,0
12578,0.018,0,0
12579,0.016,0,0
12580,0.016,0,0
12581,0.01,0,0
12582,0.01,0,0
12583,0.004,0,0
12584,0.004,0,0
12585,0.004,0,0
12586,0.004,0,0
12587,0,0,0
12588,0,0,0
12589,0,0,0
12590,0,0,0
12591,0,0,0
12592,0,0,0
12593,0,0,0
12594,0,0,0
12595,0,0,0
12596,0,0,0
12597,0,0,0
12598,0,0,0
12599,0,0,0
12600,0,0,0
12601,0,0,0
12602,0,0,0
12603,0,0,0
12604,0,0,0
12605,0,0,0
12606,0,0,0
12607,0,0,0
12608,0,0,0
12609,0,0,0
12610,0,0,0
12611,0,0,0
12612,0,0,0
12613,0,0,0
12614,0,0,0
12615,0,0,0
12616,0,0,0
12617,0,0,0
12618,0,0,0
12619,0,0,0
12620,0,0,0
12621,0,0,0
12622,0,0,0
12623,0,0,0
12624,0,0,0
12625,0,0,0
12626,0,0,0
12627,0,0,0
12628,0,0,0
12629,0,0,0
12630,0,0,0
12631,0,0,0
12632,0,0,0
12633,0,0,0
12634,0,0,0
12635,0,0,0
12636,0,0,0
12637,0.008,0.008,0.008
12638,0,0,0
12639,0,0,0
12640,0,0,0
12641,0,0,0
12642,0,0,0
12643,0,0,0
12644,0,0,0
12645,0,0,0
12646,0,0,0
12647,0,0,0
12648,0,0,0
12649,0,0,0
12650,0,0,0
12651,0,0,0
12652,0,0,0
12653,0,0,0
12654,0,0,0
12655,0,0,0
12656,0,0,0
12657,0,0,0
12658,0,0,0
12659,0,0,0
12660,0,0,0
12661,0,0,0
12662,0,0,0
12663,0,0,0
12664,0,0,0
12665,0,0,0
12666,0,0,0
12667,0.004,0.004,0.004
12668,0,0,0
12669,0,0,0
12670,0,0,0
12671,0,0,0
12672,0,0,0
12673,0,0,0
12674,0,0,0
12675,0,0,0
12676,0,0,0
12677,0,0,0
12678,0,0,0
12679,0.004,0.004,0.004
12680,0.01,0.01,0.01
12681,0.014,0.014,0.014
12682,0.018,0.018,0.018
12683,0.02,0.02,0.02
12684,0.018,0.018,0.018
12685,0.018,0.018,0.018
12686,0.052,0.052,0.052
12687,0.052,0.052,0.052
12688,0.052,0.052,0.052
12689,0.046,0.046,0.046
12690,0.044,0.044,0.044
12691,0.044,0.044,0.044
12692,0.05,0.05,0.05
12693,0.046,0.046,0.046
12694,0.044,0.044,0.044
12695,0.038,0.038,0.038
12696,0.038,0.038,0.038
12697,0.038,0.038,0.038
12698,0.048,0.048,0.048
12699,0.058,0.058,0.058
12700,0.068,0.068,0.068
12701,0.058,0.058,0.058
12702,0.054,0.054,0.054
12703,0.05,0.05,0.05
12704,0.072,0.072,0.072
12705,0.088,0.088,0.088
12706,0.11,0.11,0.11
12707,0.098,0.098,0.098
12708,0.112,0.112,0.112
12709,0.104,0.104,0.104
12710,0.134,0.134,0.134
12711,0.14,0.14,0.14
12712,0.122,0.122,0.122
12713,0.118,0.118,0.118
12714,0.12,0.12,0.12
12715,0.106,0.106,0.106
12716,0.072,0.072,0.072
12717,0.054,0.054,0.054
12718,0.054,0.054,0.054
12719,0.12,0.12,0.12
12720,0.168,0.168,0.168
12721,0.15,0.15,0.15
12722,0.128,0.128,0.128
12723,0.124,0.124,0.124
12724,0.146,0.146,0.146
12725,0.146,0.146,0.146
12726,0.144,0.144,0.144
12727,0.136,0.136,0.136
12728,0.132,0.132,0.132
12729,0.118,0.118,0.118
12730,0.13,0.13,0.13
12731,0.106,0.106,0.106
12732,0.116,0.116,0.116
12733,0.126,0.126,0.126
12734,0.12,0.12,0.12
12735,0.14,0.14,0.14
12736,0.126,0.126,0.126
12737,0.122,0.122,0.122
12738,0.118,0.118,0.118
12739,0.106,0.106,0.106
12740,0.118,0.118,0.118
12741,0.12,0.12,0.12
12742,0.108,0.108,0.108
12743,0.124,0.124,0.124
12744,0.126,0.126,0.126
12745,0.106,0.106,0.106
12746,0.098,0.098,0.098
12747,0.106,0.106,0.106
12748,0.116,0.116,0.116
12749,0.116,0.116,0.116
12750,0.13,0.13,0.13
12751,0.148,0.148,0.148
12752,0.154,0.154,0.154
12753,0.134,0.134,0.134
12754,0.154,0.154,0.154
12755,0.132,0.132,0.132
12756,0.126,0.126,0.126
12757,0.122,0.122,0.122
12758,0.134,0.134,0.134
12759,0.142,0.142,0.142
12760,0.136,0.136,0.136
12761,0.122,0.122,0.122
12762,0.16,0.16,0.16
12763,0.188,0.188,0.188
12764,0.154,0.154,0.154
12765,0.188,0.188,0.188
12766,0.17,0.17,0.17
12767,0.174,0.174,0.174
12768,0.17,0.17,0.17
12769,0.162,0.162,0.162
12770,0.158,0.158,0.158
12771,0.156,0.156,0.156
12772,0.164,0.164,0.164
12773,0.16,0.16,0.16
12774,0.164,0.164,0.164
12775,0.112,0.112,0.112
12776,0.154,0.154,0.154
12777,0.154,0.154,0.154
12778,0.154,0.154,0.154
12779,0.158,0.158,0.158
12780,0.156,0.156,0.156
12781,0.156,0.156,0.156
12782,0.16,0.16,0.16
12783,0.138,0.138,0.138
12784,0.15,0.15,0.15
12785,0.154,0.154,0.154
12786,0.162,0.162,0.162
12787,0.172,0.172,0.172
12788,0.17,0.17,0.17
12789,0.19,0.19,0.19
12790,0.23,0.23,0.23
12791,0.274,0.274,0.274
12792,0.246,0.246,0.246
12793,0.24,0.24,0.24
12794,0.276,0.276,0.276
12795,0.308,0.308,0.308
12796,0.248,0.248,0.248
12797,0.264,0.264,0.264
12798,0.262,0.262,0.262
12799,0.304,0.304,0.304
12800,0.302,0.302,0.302
12801,0.29,0.29,0.29
12802,0.246,0.246,0.246
12803,0.248,0.248,0.248
12804,0.244,0.244,0.244
12805,0.222,0.222,0.222
12806,0.228,0.228,0.228
12807,0.234,0.234,0.234
12808,0.238,0.238,0.238
12809,0.246,0.246,0.246
12810,0.242,0.242,0.242
12811,0.248,0.248,0.248
12812,0.238,0.238,0.238
12813,0.25,0.25,0.25
12814,0.248,0.248,0.248
12815,0.248,0.248,0.248
12816,0.278,0.278,0.278
12817,0.268,0.268,0.268
12818,0.274,0.274,0.274
12819,0.272,0.272,0.272
12820,0.276,0.276,0.276
12821,0.28,0.28,0.28
12822,0.288,0.288,0.288
12823,0.302,0.302,0.302
12824,0.298,0.298,0.298
12825,0.31,0.31,0.31
12826,0.312,0.312,0.312
12827,0.358,0.358,0.358
12828,0.342,0.342,0.342
12829,0.338,0.338,0.338
12830,0.338,0.338,0.338
12831,0.344,0.344,0.344
12832,0.342,0.342,0.342
12833,0.33,0.33,0.33
12834,0.332,0.332,0.332
12835,0.342,0.342,0.342
12836,0.336,0.336,0.336
12837,0.382,0.382,0.382
12838,0.368,0.368,0.368
12839,0.35,0.35,0.35
12840,0.376,0.376,0.376
12841,0.406,0.406,0.406
12842,0.39,0.39,0.39
12843,0.39,0.39,0.39
12844,0.372,0.372,0.372
12845,0.368,0.368,0.368
12846,0.38,0.38,0.38
12847,0.368,0.368,0.368
12848,0.372,0.372,0.372
12849,0.358,0.358,0.358
12850,0.366,0.366,0.366
12851,0.372,0.372,0.372
12852,0.382,0.382,0.382
12853,0.388,0.388,0.388
12854,0.39,0.39,0.39
12855,0.382,0.382,0.382
12856,0.386,0.386,0.386
12857,0.416,0.416,0.416
12858,0.406,0.406,0.406
12859,0.406,0.406,0.406
12860,0.404,0.404,0.404
12861,0.404,0.404,0.404
12862,0.402,0.402,0.402
12863,0.404,0.404,0.404
12864,0.426,0.426,0.426
12865,0.422,0.422,0.422
12866,0.418,0.418,0.418
12867,0.418,0.418,0.418
12868,0.412,0.412,0.412
12869,0.414,0.414,0.414
12870,0.398,0.398,0.398
12871,0.388,0.388,0.388
12872,0.39,0.39,0.39
12873,0.378,0.378,0.378
12874,0.374,0.374,0.374
12875,0.384,0.384,0.384
12876,0.446,0.446,0.446
12877,0.432,0.432,0.432
12878,0.442,0.442,0.442
12879,0.44,0.44,0.44
12880,0.432,0.432,0.432
12881,0.436,0.436,0.436
12882,0.432,0.432,0.432
12883,0.43,0.43,0.43
12884,0.43,0.43,0.43
12885,0.41,0.41,0.41
12886,0.422,0.422,0.422
12887,0.43,0.43,0.43
12888,0.426,0.426,0.426
12889,0.42,0.42,0.42
12890,0.434,0.434,0.434
12891,0.422,0.422,0.422
12892,0.428,0.428,0.428
12893,0.44,0.44,0.44
12894,0.428,0.428,0.428
12895,0.428,0.428,0.428
12896,0.418,0.418,0.418
12897,0.41,0.41,0.41
12898,0.416,0.416,0.416
12899,0.402,0.402,0.402
12900,0.398,0.398,0.398
12901,0.394,0.394,0.394
12902,0.396,0.396,0.396
12903,0.384,0.384,0.384
12904,0.378,0.378,0.378
12905,0.37,0.37,0.37
12906,0.36,0.36,0.36
12907,0.35,0.296,0.296
12908,0.35,0.282,0.282
12909,0.346,0.268,0.268
12910,0.342,0.24,0.24
12911,0.336,0.224,0.224
12912,0.332,0.218,0.218
12913,0.326,0.184,0.184
12914,0.314,0.182,0.182
12915,0.318,0.17,0.17
12916,0.312,0.166,0.166
12917,0.294,0.152,0.152
12918,0.292,0.148,0.148
12919,0.294,0.12,0.12
12920,0.288,0.116,0.116
12921,0.284,0.102,0.102
12922,0.292,0.066,0.066
12923,0.306,0.042,0.042
12924,0.296,0.036,0.036
12925,0.282,0.02,0.02
12926,0.268,0.018,0.018
12927,0.24,0.016,0.016
12928,0.224,0.016,0.016
12929,0.218,0.01,0.01
12930,0.184,0.01,0.01
12931,0.182,0.004,0.004
12932,0.17,0.004,0.004
12933,0.166,0.004,0.004
12934,0.152,0.004,0.004
12935,0.148,0,0
12936,0.12,0,0
12937,0.116,0,0
12938,0.102,0,0
12939,0.066,0,0
12940,0.042,0,0
12941,0.036,0,0
12942,0.02,0,0
12943,0.018,0,0
12944,0.016,0,0
12945,0.016,0,0
12946,0.01,0,0
12947,0.01,0,0
12948,0.004,0,0
12949,0.004,0,0
12950,0.004,0,0
12951,0.004,0,0
12952,0,0,0
12953,0,0,0
12954,0,0,0
12955,0,0,0
12956,0,0,0
12957,0,0,0
12958,0,0,0
12959,0,0,0
12960,0,0,0
12961,0,0,0
12962,0,0,0
12963,0,0,0
12964,0,0,0
12965,0,0,0
12966,0,0,0
12967,0,0,0
12968,0,0,0
12969,0,0,0
12970,0,0,0
12971,0,0,0
12972,0,0,0
12973,0,0,0
12974,0,0,0
12975,0,0,0
12976,0,0,0
12977,0,0,0
12978,0,0,0
12979,0,0,0
12980,0,0,0
12981,0,0,0
12982,0,0,0
12983,0,0,0
12984,0,0,0
12985,0,0,0
12986,0,0,0
12987,0,0,0
12988,0,0,0
12989,0,0,0
12990,0,0,0
12991,0,0,0
12992,0,0,0
12993,0,0,0
12994,0,0,0
12995,0,0,0
12996,0,0,0
12997,0,0,0
12998,0,0,0
12999,0,0,0
13000,0,0,0
13001,0,0,0
13002,0.008,0.008,0.008
13003,0,0,0
13004,0,0,0
13005,0,0,0
13006,0,0,0
13007,0,0,0
13008,0,0,0
13009,0,0,0
13010,0,0,0
13011,0,0,0
13012,0,0,0
13013,0,0,0
13014,0,0,0
13015,0,0,0
13016,0,0,0
13017,0,0,0
13018,0,0,0
13019,0,0,0
13020,0,0,0
13021,0,0,0
13022,0,0,0
13023,0,0,0
13024,0,0,0
13025,0,0,0
13026,0,0,0
13027,0,0,0
13028,0,0,0
13029,0,0,0
13030,0,0,0
13031,0,0,0
13032,0.004,0.004,0.004
13033,0,0,0
13034,0,0,0
13035,0,0,0
13036,0,0,0
13037,0,0,0
13038,0,0,0
13039,0,0,0
13040,0,0,0
13041,0,0,0
13042,0,0,0
13043,0,0,0
13044,0.004,0.004,0.004
13045,0.01,0.01,0.01
13046,0.014,0.014,0.014
13047,0.018,0.018,0.018
13048,0.02,0.02,0.02
13049,0.018,0.018,0.018
13050,0.018,0.018,0.018
13051,0.052,0.052,0.052
13052,0.052,0.052,0.052
13053,0.052,0.052,0.052
13054,0.046,0.046,0.046
13055,0.044,0.044,0.044
13056,0.044,0.044,0.044
13057,0.05,0.05,0.05
13058,0.046,0.046,0.046
13059,0.044,0.044,0.044
13060,0.038,0.038,0.038
13061,0.038,0.038,0.038
13062,0.038,0.038,0.038
13063,0.048,0.048,0.048
13064,0.058,0.058,0.058
13065,0.068,0.068,0.068
13066,0.058,0.058,0.058
13067,0.054,0.054,0.054
13068,0.05,0.05,0.05
13069,0.072,0.072,0.072
13070,0.088,0.088,0.088
13071,0.11,0.11,0.11
13072,0.098,0.098,0.098
13073,0.112,0.112,0.112
13074,0.104,0.104,0.104
13075,0.134,0.134,0.134
13076,0.14,0.14,0.14
13077,0.122,0.122,0.122
13078,0.118,0.118,0.118
13079,0.12,0.12,0.12
13080,0.106,0.106,0.106
13081,0.072,0.072,0.072
13082,0.054,0.054,0.054
13083,0.054,0.054,0.054
13084,0.12,0.12,0.12
13085,0.168,0.168,0.168
13086,0.15,0.15,0.15
13087,0.128,0.128,0.128
13088,0.124,0.124,0.124
13089,0.146,0.146,0.146
13090,0.146,0.146,0.146
13091,0.144,0.144,0.144
13092,0.136,0.136,0.136
13093,0.132,0.132,0.132
13094,0.118,0.118,0.118
13095,0.13,0.13,0.13
13096,0.106,0.106,0.106
13097,0.116,0.116,0.116
13098,0.126,0.126,0.126
13099,0.12,0.12,0.12
13100,0.14,0.14,0.14
13101,0.126,0.126,0.126
13102,0.122,0.122,0.122
13103,0.118,0.118,0.118
13104,0.106,0.106,0.106
13105,0.118,0.118,0.118
13106,0.12,0.12,0.12
13107,0.108,0.108,0.108
13108,0.124,0.124,0.124
13109,0.126,0.126,0.126
13110,0.106,0.106,0.106
13111,0.098,0.098,0.098
13112,0.106,0.106,0.106
13113,0.116,0.116,0.116
13114,0.116,0.116,0.116
13115,0.13,0.13,0.13
13116,0.148,0.148,0.148
13117,0.154,0.154,0.154
13118,0.134,0.134,0.134
13119,0.154,0.154,0.154
13120,0.132,0.132,0.132
13121,0.126,0.126,0.126
13122,0.122,0.122,0.122
13123,0.134,0.134,0.134
13124,0.142,0.142,0.142
13125,0.136,0.136,0.136
13126,0.122,0.122,0.122
13127,0.16,0.16,0.16
13128,0.188,0.188,0.188
13129,0.154,0.154,0.154
13130,0.188,0.188,0.188
13131,0.17,0.17,0.17
13132,0.174,0.174,0.174
13133,0.17,0.17,0.17
13134,0.162,0.162,0.162
13135,0.158,0.158,0.158
13136,0.156,0.156,0.156
13137,0.164,0.164,0.164
13138,0.16,0.16,0.16
13139,0.164,0.164,0.164
13140,0.112,0.112,0.112
13141,0.154,0.154,0.154
13142,0.154,0.154,0.154
13143,0.154,0.154,0.154
13144,0.158,0.158,0.158
13145,0.156,0.156,0.156
13146,0.156,0.156,0.156
13147,0.16,0.16,0.16
13148,0.138,0.138,0.138
13149,0.15,0.15,0.15
13150,0.154,0.154,0.154
13151,0.162,0.162,0.162
13152,0.172,0.172,0.172
13153,0.17,0.17,0.17
13154,0.19,0.19,0.19
13155,0.23,0.23,0.23
13156,0.274,0.274,0.274
13157,0.246,0.246,0.246
13158,0.24,0.24,0.24
13159,0.276,0.276,0.276
13160,0.308,0.308,0.308
13161,0.248,0.248,0.248
13162,0.264,0.264,0.264
13163,0.262,0.262,0.262
13164,0.304,0.304,0.304
13165,0.302,0.302,0.302
13166,0.29,0.29,0.29
13167,0.246,0.246,0.246
13168,0.248,0.248,0.248
13169,0.244,0.244,0.244
13170,0.222,0.222,0.222
13171,0.228,0.228,0.228
13172,0.234,0.234,0.234
13173,0.238,0.238,0.238
13174,0.246,0.246,0.246
13175,0.242,0.242,0.242
13176,0.248,0.248,0.248
13177,0.238,0.238,0.238
13178,0.25,0.25,0.25
13179,0.248,0.248,0.248
13180,0.248,0.248,0.248
13181,0.278,0.278,0.278
13182,0.268,0.268,0.268
13183,0.274,0.274,0.274
13184,0.272,0.272,0.272
13185,0.276,0.276,0.276
13186,0.28,0.28,0.28
13187,0.288,0.288,0.288
13188,0.302,0.302,0.302
13189,0.298,0.298,0.298
13190,0.31,0.31,0.31
13191,0.312,0.312,0.312
13192,0.358,0.358,0.358
13193,0.342,0.342,0.342
13194,0.338,0.338,0.338
13195,0.338,0.338,0.338
13196,0.344,0.344,0.344
13197,0.342,0.342,0.342
13198,0.33,0.33,0.33
13199,0.332,0.332,0.332
13200,0.342,0.342,0.342
13201,0.336,0.336,0.336
13202,0.382,0.382,0.382
13203,0.368,0.368,0.368
13204,0.35,0.35,0.35
13205,0.376,0.376,0.376
13206,0.406,0.406,0.406
13207,0.39,0.39,0.39
13208,0.39,0.39,0.39
13209,0.372,0.372,0.372
13210,0.368,0.368,0.368
13211,0.38,0.38,0.38
13212,0.368,0.368,0.368
13213,0.372,0.372,0.372
13214,0.358,0.358,0.358
13215,0.366,0.366,0.366
13216,0.372,0.372,0.372
13217,0.382,0.382,0.382
13218,0.388,0.388,0.388
13219,0.39,0.39,0.39
13220,0.382,0.382,0.382
13221,0.386,0.386,0.386
13222,0.416,0.416,0.416
13223,0.406,0.406,0.406
13224,0.406,0.406,0.406
13225,0.404,0.404,0.404
13226,0.404,0.404,0.404
13227,0.402,0.402,0.402
13228,0.404,0.404,0.404
13229,0.426,0.426,0.426
13230,0.422,0.422,0.422
13231,0.418,0.418,0.418
13232,0.418,0.418,0.418
13233,0.412,0.412,0.412
13234,0.414,0.414,0.414
13235,0.398,0.398,0.398
13236,0.388,0.388,0.388
13237,0.39,0.39,0.39
13238,0.378,0.378,0.378
13239,0.374,0.374,0.374
13240,0.384,0.384,0.384
13241,0.446,0.446,0.446
13242,0.432,0.432,0.432
13243,0.442,0.442,0.442
13244,0.44,0.44,0.44
13245,0.432,0.432,0.432
13246,0.436,0.436,0.436
13247,0.432,0.432,0.432
13248,0.43,0.43,0.43
13249,0.43,0.43,0.43
13250,0.41,0.41,0.41
13251,0.422,0.422,0.422
13252,0.43,0.43,0.43
13253,0.426,0.426,0.426
13254,0.42,0.42,0.42
13255,0.434,0.434,0.434
13256,0.422,0.422,0.422
13257,0.428,0.428,0.428
13258,0.44,0.44,0.44
13259,0.428,0.428,0.428
13260,0.428,0.428,0.428
13261,0.418,0.418,0.418
13262,0.41,0.41,0.41
13263,0.416,0.416,0.416
13264,0.402,0.402,0.402
13265,0.398,0.398,0.398
13266,0.394,0.394,0.394
13267,0.396,0.396,0.396
13268,0.384,0.384,0.384
13269,0.378,0.378,0.378
13270,0.37,0.37,0.37
13271,0.36,0.296,0.296
13272,0.35,0.282,0.282
13273,0.35,0.268,0.268
13274,0.346,0.24,0.24
13275,0.342,0.224,0.224
13276,0.336,0.218,0.218
13277,0.332,0.184,0.184
13278,0.326,0.182,0.182
13279,0.314,0.17,0.17
13280,0.318,0.166,0.166
13281,0.312,0.152,0.152
13282,0.294,0.148,0.148
13283,0.292,0.12,0.12
13284,0.294,0.116,0.116
13285,0.288,0.102,0.102
13286,0.284,0.066,0.066
13287,0.292,0.042,0.042
13288,0.306,0.036,0.036
13289,0.296,0.02,0.02
13290,0.282,0.018,0.018
13291,0.268,0.016,0.016
13292,0.24,0.016,0.016
13293,0.224,0.01,0.01
13294,0.218,0.01,0.01
13295,0.184,0.004,0.004
13296,0.182,0.004,0.004
13297,0.17,0.004,0.004
13298,0.166,0.004,0.004
13299,0.152,0,0
13300,0.148,0,0
13301,0.12,0,0
13302,0.116,0,0
13303,0.102,0,0
13304,0.066,0,0
13305,0.042,0,0
13306,0.036,0,0
13307,0.02,0,0
13308,0.018,0,0
13309,0.016,0,0
13310,0.016,0,0
13311,0.01,0,0
13312,0.01,0,0
13313,0.004,0,0
13314,0.004,0,0
13315,0.004,0,0
13316,0.004,0,0
13317,0,0,0
13318,0,0,0
13319,0,0,0
13320,0,0,0
13321,0,0,0
13322,0,0,0
13323,0,0,0
13324,0,0,0
13325,0,0,0
13326,0,0,0
13327,0,0,0
13328,0,0,0
13329,0,0,0
13330,0,0,0
13331,0,0,0
13332,0,0,0
13333,0,0,0
13334,0,0,0
13335,0,0,0
13336,0,0,0
13337,0,0,0
13338,0,0,0
13339,0,0,0
13340,0,0,0
13341,0,0,0
13342,0,0,0
13343,0,0,0
13344,0,0,0
13345,0,0,0
13346,0,0,0
13347,0,0,0
13348,0,0,0
13349,0,0,0
13350,0,0,0
13351,0,0,0
13352,0,0,0
13353,0,0,0
13354,0,0,0
13355,0,0,0
13356,0,0,0
13357,0,0,0
13358,0,0,0
13359,0,0,0
13360,0,0,0
13361,0,0,0
13362,0,0,0
13363,0,0,0
13364,0,0,0
13365,0,0,0
13366,0,0,0
13367,0.008,0.008,0.008
13368,0,0,0
13369,0,0,0
13370,0,0,0
13371,0,0,0
13372,0,0,0
13373,0,0,0
13374,0,0,0
13375,0,0,0
13376,0,0,0
13377,0,0,0
13378,0,0,0
13379,0,0,0
13380,0,0,0
13381,0,0,0
13382,0,0,0
13383,0,0,0
13384,0,0,0
13385,0,0,0
13386,0,0,0
13387,0,0,0
13388,0,0,0
13389,0,0,0
13390,0,0,0
13391,0,0,0
13392,0,0,0
13393,0,0,0
13394,0,0,0
13395,0,0,0
13396,0,0,0
13397,0.004,0.004,0.004
13398,0,0,0
13399,0,0,0
13400,0,0,0
13401,0,0,0
13402,0,0,0
13403,0,0,0
13404,0,0,0
13405,0,0,0
13406,0,0,0
13407,0,0,0
13408,0,0,0
13409,0.004,0.004,0.004
13410,0.01,0.01,0.01
13411,0.014,0.014,0.014
13412,0.018,0.018,0.018
13413,0.02,0.02,0.02
13414,0.018,0.018,0.018
13415,0.018,0.018,0.018
13416,0.052,0.052,0.052
13417,0.052,0.052,0.052
13418,0.052,0.052,0.052
13419,0.046,0.046,0.046
13420,0.044,0.044,0.044
13421,0.044,0.044,0.044
13422,0.05,0.05,0.05
13423,0.046,0.046,0.046
13424,0.044,0.044,0.044
13425,0.038,0.038,0.038
13426,0.038,0.038,0.038
13427,0.038,0.038,0.038
13428,0.048,0.048,0.048
13429,0.058,0.058,0.058
13430,0.068,0.068,0.068
13431,0.058,0.058,0.058
13432,0.054,0.054,0.054
13433,0.05,0.05,0.05
13434,0.072,0.072,0.072
13435,0.088,0.088,0.088
13436,0.11,0.11,0.11
13437,0.098,0.098,0.098
13438,0.112,0.112,0.112
13439,0.104,0.104,0.104
13440,0.134,0.134,0.134
13441,0.14,0.14,0.14
13442,0.122,0.122,0.122
13443,0.118,0.118,0.118
13444,0.12,0.12,0.12
13445,0.106,0.106,0.106
13446,0.072,0.072,0.072
13447,0.054,0.054,0.054
13448,0.054,0.054,0.054
13449,0.12,0.12,0.12
13450,0.168,0.168,0.168
13451,0.15,0.15,0.15
13452,0.128,0.128,0.128
13453,0.124,0.124,0.124
13454,0.146,0.146,0.146
13455,0.146,0.146,0.146
13456,0.144,0.144,0.144
13457,0.136,0.136,0.136
13458,0.132,0.132,0.132
13459,0.118,0.118,0.118
13460,0.13,0.13,0.13
13461,0.106,0.106,0.106
13462,0.116,0.116,0.116
13463,0.126,0.126,0.126
13464,0.12,0.12,0.12
13465,0.14,0.14,0.14
13466,0.126,0.126,0.126
13467,0.122,0.122,0.122
13468,0.118,0.118,0.118
13469,0.106,0.106,0.106
13470,0.118,0.118,0.118
13471,0.12,0.12,0.12
13472,0.108,0.108,0.108
13473,0.124,0.124,0.124
13474,0.126,0.126,0.126
13475,0.106,0.106,0.106
13476,0.098,0.098,0.098
13477,0.106,0.106,0.106
13478,0.116,0.116,0.116
13479,0.116,0.116,0.116
13480,0.13,0.13,0.13
13481,0.148,0.148,0.148
13482,0.154,0.154,0.154
13483,0.134,0.134,0.134
13484,0.154,0.154,0.154
13485,0.132,0.132,0.132
13486,0.126,0.126,0.126
13487,0.122,0.122,0.122
13488,0.134,0.134,0.134
13489,0.142,0.142,0.142
13490,0.136,0.136,0.136
13491,0.122,0.122,0.122
13492,0.16,0.16,0.16
13493,0.188,0.188,0.188
13494,0.154,0.154,0.154
13495,0.188,0.188,0.188
13496,0.17,0.17,0.17
13497,0.174,0.174,0.174
13498,0.17,0.17,0.17
13499,0.162,0.162,0.162
13500,0.158,0.158,0.158
13501,0.156,0.156,0.156
13502,0.164,0.164,0.164
13503,0.16,0.16,0.16
13504,0.164,0.164,0.164
13505,0.112,0.112,0.112
13506,0.154,0.154,0.154
13507,0.154,0.154,0.154
13508,0.154,0.154,0.154
13509,0.158,0.158,0.158
13510,0.156,0.156,0.156
13511,0.156,0.156,0.156
13512,0.16,0.16,0.16
13513,0.138,0.138,0.138
13514,0.15,0.15,0.15
13515,0.154,0.154,0.154
13516,0.162,0.162,0.162
13517,0.172,0.172,0.172
13518,0.17,0.17,0.17
13519,0.19,0.19,0.19
13520,0.23,0.23,0.23
13521,0.274,0.274,0.274
13522,0.246,0.246,0.246
13523,0.24,0.24,0.24
13524,0.276,0.276,0.276
13525,0.308,0.308,0.308
13526,0.248,0.248,0.248
13527,0.264,0.264,0.264
13528,0.262,0.262,0.262
13529,0.304,0.304,0.304
13530,0.302,0.302,0.302
13531,0.29,0.29,0.29
13532,0.246,0.246,0.246
13533,0.248,0.248,0.248
13534,0.244,0.244,0.244
13535,0.222,0.222,0.222
13536,0.228,0.228,0.228
13537,0.234,0.234,0.234
13538,0.238,0.238,0.238
13539,0.246,0.246,0.246
13540,0.242,0.242,0.242
13541,0.248,0.248,0.248
13542,0.238,0.238,0.238
13543,0.25,0.25,0.25
13544,0.248,0.248,0.248
13545,0.248,0.248,0.248
13546,0.278,0.278,0.278
13547,0.268,0.268,0.268
13548,0.274,0.274,0.274
13549,0.272,0.272,0.272
13550,0.276,0.276,0.276
13551,0.28,0.28,0.28
13552,0.288,0.288,0.288
13553,0.302,0.302,0.302
13554,0.298,0.298,0.298
13555,0.31,0.31,0.31
13556,0.312,0.312,0.312
13557,0.358,0.358,0.358
13558,0.342,0.342,0.342
13559,0.338,0.338,0.338
13560,0.338,0.338,0.338
13561,0.344,0.344,0.344
13562,0.342,0.342,0.342
13563,0.33,0.33,0.33
13564,0.332,0.332,0.332
13565,0.342,0.342,0.342
13566,0.336,0.336,0.336
13567,0.382,0.382,0.382
13568,0.368,0.368,0.368
13569,0.35,0.35,0.35
13570,0.376,0.376,0.376
13571,0.406,0.406,0.406
13572,0.39,0.39,0.39
13573,0.39,0.39,0.39
13574,0.372,0.372,0.372
13575,0.368,0.368,0.368
13576,0.38,0.38,0.38
13577,0.368,0.368,0.368
13578,0.372,0.372,0.372
13579,0.358,0.358,0.358
13580,0.366,0.366,0.366
13581,0.372,0.372,0.372
13582,0.382,0.382,0.382
13583,0.388,0.388,0.388
13584,0.39,0.39,0.39
13585,0.382,0.382,0.382
13586,0.386,0.386,0.386
13587,0.416,0.416,0.416
13588,0.406,0.406,0.406
13589,0.406,0.406,0.406
13590,0.404,0.404,0.404
13591,0.404,0.404,0.404
13592,0.402,0.402,0.402
13593,0.404,0.404,0.404
13594,0.426,0.426,0.426
13595,0.422,0.422,0.422
13596,0.418,0.418,0.418
13597,0.418,0.418,0.418
13598,0.412,0.412,0.412
13599,0.414,0.414,0.414
13600,0.398,0.398,0.398
13601,0.388,0.388,0.388
13602,0.39,0.39,0.39
13603,0.378,0.378,0.378
13604,0.374,0.374,0.374
13605,0.384,0.384,0.384
13606,0.446,0.446,0.446
13607,0.432,0.432,0.432
13608,0.442,0.442,0.442
13609,0.44,0.44,0.44
13610,0.432,0.432,0.432
13611,0.436,0.436,0.436
13612,0.432,0.432,0.432
13613,0.43,0.43,0.43
13614,0.43,0.43,0.43
13615,0.41,0.41,0.41
13616,0.422,0.422,0.422
13617,0.43,0.43,0.43
13618,0.426,0.426,0.426
13619,0.42,0.42,0.42
13620,0.434,0.434,0.434
13621,0.422,0.422,0.422
13622,0.428,0.428,0.428
13623,0.44,0.44,0.44
13624,0.428,0.428,0.428
13625,0.428,0.428,0.428
13626,0.418,0.418,0.418
13627,0.41,0.41,0.41
13628,0.416,0.416,0.416
13629,0.402,0.402,0.402
13630,0.398,0.398,0.398
13631,0.394,0.394,0.394
13632,0.396,0.396,0.396
13633,0.384,0.384,0.384
13634,0.378,0.378,0.378
13635,0.37,0.37,0.37
13636,0.36,0.296,0.296
13637,0.35,0.282,0.282
13638,0.35,0.268,0.268
13639,0.346,0.24,0.24
13640,0.342,0.224,0.224
13641,0.336,0.218,0.218
13642,0.332,0.184,0.184
13643,0.326,0.182,0.182
13644,0.314,0.17,0.17
13645,0.318,0.166,0.166
13646,0.312,0.152,0.152
13647,0.294,0.148,0.148
13648,0.292,0.12,0.12
13649,0.294,0.116,0.116
13650,0.288,0.102,0.102
13651,0.284,0.066,0.066
13652,0.292,0.042,0.042
13653,0.306,0.036,0.036
13654,0.296,0.02,0.02
13655,0.282,0.018,0.018
13656,0.268,0.016,0.016
13657,0.24,0.016,0.016
13658,0.224,0.01,0.01
13659,0.218,0.01,0.01
13660,0.184,0.004,0.004
13661,0.182,0.004,0.004
13662,0.17,0.004,0.004
13663,0.166,0.004,0.004
13664,0.152,0,0
13665,0.148,0,0
13666,0.12,0,0
13667,0.116,0,0
13668,0.102,0,0
13669,0.066,0,0
13670,0.042,0,0
13671,0.036,0,0
13672,0.02,0,0
13673,0.018,0,0
13674,0.016,0,0
13675,0.016,0,0
13676,0.01,0,0
13677,0.01,0,0
13678,0.004,0,0
13679,0.004,0,0
13680,0.004,0,0
13681,0.004,0,0
13682,0,0,0
13683,0,0,0
13684,0,0,0
13685,0,0,0
13686,0,0,0
13687,0,0,0
13688,0,0,0
13689,0,0,0
13690,0,0,0
13691,0,0,0
13692,0,0,0
13693,0,0,0
13694,0,0,0
13695,0,0,0
13696,0,0,0
13697,0,0,0
13698,0,0,0
13699,0,0,0
13700,0,0,0
13701,0,0,0
13702,0,0,0
13703,0,0,0
13704,0,0,0
13705,0,0,0
13706,0,0,0
13707,0,0,0
13708,0,0,0
13709,0,0,0
13710,0,0,0
13711,0,0,0
13712,0,0,0
13713,0,0,0
13714,0,0,0
13715,0,0,0
13716,0,0,0
13717,0,0,0
13718,0,0,0
13719,0,0,0
13720,0,0,0
13721,0,0,0
13722,0,0,0
13723,0,0,0
13724,0,0,0
13725,0,0,0
13726,0,0,0
13727,0,0,0
13728,0,0,0
13729,0,0,0
13730,0,0,0
13731,0,0,0
13732,0.008,0.008,0.008
13733,0,0,0
13734,0,0,0
13735,0,0,0
13736,0,0,0
13737,0,0,0
13738,0,0,0
13739,0,0,0
13740,0,0,0
13741,0,0,0
13742,0,0,0
13743,0,0,0
13744,0,0,0
13745,0,0,0
13746,0,0,0
13747,0,0,0
13748,0,0,0
13749,0,0,0
13750,0,0,0
13751,0,0,0
13752,0,0,0
13753,0,0,0
13754,0,0,0
13755,0,0,0
13756,0,0,0
13757,0,0,0
13758,0,0,0
13759,0,0,0
13760,0,0,0
13761,0,0,0
13762,0.004,0.004,0.004
13763,0,0,0
13764,0,0,0
13765,0,0,0
13766,0,0,0
13767,0,0,0
13768,0,0,0
13769,0,0,0
13770,0,0,0
13771,0,0,0
13772,0,0,0
13773,0,0,0
13774,0.004,0.004,0.004
13775,0.01,0.01,0.01
13776,0.014,0.014,0.014
13777,0.018,0.018,0.018
13778,0.02,0.02,0.02
13779,0.018,0.018,0.018
13780,0.018,0.018,0.018
13781,0.052,0.052,0.052
13782,0.052,0.052,0.052
13783,0.052,0.052,0.052
13784,0.046,0.046,0.046
13785,0.044,0.044,0.044
13786,0.044,0.044,0.044
13787,0.05,0.05,0.05
13788,0.046,0.046,0.046
13789,0.044,0.044,0.044
13790,0.038,0.038,0.038
13791,0.038,0.038,0.038
13792,0.038,0.038,0.038
13793,0.048,0.048,0.048
13794,0.058,0.058,0.058
13795,0.068,0.068,0.068
13796,0.058,0.058,0.058
13797,0.054,0.054,0.054
13798,0.05,0.05,0.05
13799,0.072,0.072,0.072
13800,0.088,0.088,0.088
13801,0.11,0.11,0.11
13802,0.098,0.098,0.098
13803,0.112,0.112,0.112
13804,0.104,0.104,0.104
13805,0.134,0.134,0.134
13806,0.14,0.14,0.14
13807,0.122,0.122,0.122
13808,0.118,0.118,0.118
13809,0.12,0.12,0.12
13810,0.106,0.106,0.106
13811,0.072,0.072,0.072
13812,0.054,0.054,0.054
13813,0.054,0.054,0.054
13814,0.12,0.12,0.12
13815,0.168,0.168,0.168
13816,0.15,0.15,0.15
13817,0.128,0.128,0.128
13818,0.124,0.124,0.124
13819,0.146,0.146,0.146
13820,0.146,0.146,0.146
13821,0.144,0.144,0.144
13822,0.136,0.136,0.136
13823,0.132,0.132,0.132
13824,0.118,0.118,0.118
13825,0.13,0.13,0.13
13826,0.106,0.106,0.106
13827,0.116,0.116,0.116
13828,0.126,0.126,0.126
13829,0.12,0.12,0.12
13830,0.14,0.14,0.14
13831,0.126,0.126,0.126
13832,0.122,0.122,0.122
13833,0.118,0.118,0.118
13834,0.106,0.106,0.106
13835,0.118,0.118,0.118
13836,0.12,0.12,0.12
13837,0.108,0.108,0.108
13838,0.124,0.124,0.124
13839,0.126,0.126,0.126
13840,0.106,0.106,0.106
13841,0.098,0.098,0.098
13842,0.106,0.106,0.106
13843,0.116,0.116,0.116
13844,0.116,0.116,0.116
13845,0.13,0.13,0.13
13846,0.148,0.148,0.148
13847,0.154,0.154,0.154
13848,0.134,0.134,0.134
13849,0.154,0.154,0.154
13850,0.132,0.132,0.132
13851,0.126,0.126,0.126
13852,0.122,0.122,0.122
13853,0.134,0.134,0.134
13854,0.142,0.142,0.142
13855,0.136,0.136,0.136
13856,0.122,0.122,0.122
13857,0.16,0.16,0.16
13858,0.188,0.188,0.188
13859,0.154,0.154,0.154
13860,0.188,0.188,0.188
13861,0.17,0.17,0.17
13862,0.174,0.174,0.174
13863,0.17,0.17,0.17
13864,0.162,0.162,0.162
13865,0.158,0.158,0.158
13866,0.156,0.156,0.156
13867,0.164,0.164,0.164
13868,0.16,0.16,0.16
13869,0.164,0.164,0.164
13870,0.112,0.112,0.112
13871,0.154,0.154,0.154
13872,0.154,0.154,0.154
13873,0.154,0.154,0.154
13874,0.158,0.158,0.158
13875,0.156,0.156,0.156
13876,0.156,0.156,0.156
13877,0.16,0.16,0.16
13878,0.138,0.138,0.138
13879,0.15,0.15,0.15
13880,0.154,0.154,0.154
13881,0.162,0.162,0.162
13882,0.172,0.172,0.172
13883,0.17,0.17,0.17
13884,0.19,0.19,0.19
13885,0.23,0.23,0.23
13886,0.274,0.274,0.274
13887,0.246,0.246,0.246
13888,0.24,0.24,0.24
13889,0.276,0.276,0.276
13890,0.308,0.308,0.308
13891,0.248,0.248,0.248
13892,0.264,0.264,0.264
13893,0.262,0.262,0.262
13894,0.304,0.304,0.304
13895,0.302,0.302,0.302
13896,0.29,0.29,0.29
13897,0.246,0.246,0.246
13898,0.248,0.248,0.248
13899,0.244,0.244,0.244
13900,0.222,0.222,0.222
13901,0.228,0.228,0.228
13902,0.234,0.234,0.234
13903,0.238,0.238,0.238
13904,0.246,0.246,0.246
13905,0.242,0.242,0.242
13906,0.248,0.248,0.248
13907,0.238,0.238,0.238
13908,0.25,0.25,0.25
13909,0.248,0.248,0.248
13910,0.248,0.248,0.248
13911,0.278,0.278,0.278
13912,0.268,0.268,0.268
13913,0.274,0.274,0.274
13914,0.272,0.272,0.272
13915,0.276,0.276,0.276
13916,0.28,0.28,0.28
13917,0.288,0.288,0.288
13918,0.302,0.302,0.302
13919,0.298,0.298,0.298
13920,0.31,0.31,0.31
13921,0.312,0.312,0.312
13922,0.358,0.358,0.358
13923,0.342,0.342,0.342
13924,0.338,0.338,0.338
13925,0.338,0.338,0.338
13926,0.344,0.344,0.344
13927,0.342,0.342,0.342
13928,0.33,0.33,0.33
13929,0.332,0.332,0.332
13930,0.342,0.342,0.342
13931,0.336,0.336,0.336
13932,0.382,0.382,0.382
13933,0.368,0.368,0.368
13934,0.35,0.35,0.35
13935,0.376,0.376,0.376
13936,0.406,0.406,0.406
13937,0.39,0.39,0.39
13938,0.39,0.39,0.39
13939,0.372,0.372,0.372
13940,0.368,0.368,0.368
13941,0.38,0.38,0.38
13942,0.368,0.368,0.368
13943,0.372,0.372,0.372
13944,0.358,0.358,0.358
13945,0.366,0.366,0.366
13946,0.372,0.372,0.372
13947,0.382,0.382,0.382
13948,0.388,0.388,0.388
13949,0.39,0.39,0.39
13950,0.382,0.382,0.382
13951,0.386,0.386,0.386
13952,0.416,0.416,0.416
13953,0.406,0.406,0.406
13954,0.406,0.406,0.406
13955,0.404,0.404,0.404
13956,0.404,0.404,0.404
13957,0.402,0.402,0.402
13958,0.404,0.404,0.404
13959,0.426,0.426,0.426
13960,0.422,0.422,0.422
13961,0.418,0.418,0.418
13962,0.418,0.418,0.418
13963,0.412,0.412,0.412
13964,0.414,0.414,0.414
13965,0.398,0.398,0.398
13966,0.388,0.388,0.388
13967,0.39,0.39,0.39
13968,0.378,0.378,0.378
13969,0.374,0.374,0.374
13970,0.384,0.384,0.384
13971,0.446,0.446,0.446
13972,0.432,0.432,0.432
13973,0.442,0.442,0.442
13974,0.44,0.44,0.44
13975,0.432,0.432,0.432
13976,0.436,0.436,0.436
13977,0.432,0.432,0.432
13978,0.43,0.43,0.43
13979,0.43,0.43,0.43
13980,0.41,0.41,0.41
13981,0.422,0.422,0.422
13982,0.43,0.43,0.43
13983,0.426,0.426,0.426
13984,0.42,0.42,0.42
13985,0.434,0.434,0.434
13986,0.422,0.422,0.422
13987,0.428,0.428,0.428
13988,0.44,0.44,0.44
13989,0.428,0.428,0.428
13990,0.428,0.428,0.428
13991,0.418,0.418,0.418
13992,0.41,0.41,0.41
13993,0.416,0.416,0.416
13994,0.402,0.402,0.402
13995,0.398,0.398,0.398
13996,0.394,0.394,0.394
13997,0.396,0.396,0.396
13998,0.384,0.384,0.384
13999,0.378,0.378,0.378
14000,0.37,0.296,0.296
14001,0.36,0.282,0.282
14002,0.35,0.268,0.268
14003,0.35,0.24,0.24
14004,0.346,0.224,0.224
14005,0.342,0.218,0.218
14006,0.336,0.184,0.184
14007,0.332,0.182,0.182
14008,0.326,0.17,0.17
14009,0.314,0.166,0.166
14010,0.318,0.152,0.152
14011,0.312,0.148,0.148
14012,0.294,0.12,0.12
14013,0.292,0.116,0.116
14014,0.294,0.102,0.102
14015,0.288,0.066,0.066
14016,0.284,0.042,0.042
14017,0.292,0.036,0.036
14018,0.306,0.02,0.02
14019,0.296,0.018,0.018
14020,0.282,0.016,0.016
14021,0.268,0.016,0.016
14022,0.24,0.01,0.01
14023,0.224,0.01,0.01
14024,0.218,0.004,0.004
14025,0.184,0.004,0.004
14026,0.182,0.004,0.004
14027,0.17,0.004,0.004
14028,0.166,0,0
14029,0.152,0,0
14030,0.148,0,0
14031,0.12,0,0
14032,0.116,0,0
14033,0.102,0,0
14034,0.066,0,0
14035,0.042,0,0
14036,0.036,0,0
14037,0.02,0,0
14038,0.018,0,0
14039,0.016,0,0
14040,0.016,0,0
14041,0.01,0,0
14042,0.01,0,0
14043,0.004,0,0
14044,0.004,0,0
14045,0.004,0,0
14046,0.004,0,0
14047,0,0,0
14048,0,0,0
14049,0,0,0
14050,0,0,0
14051,0,0,0
14052,0,0,0
14053,0,0,0
14054,0,0,0
14055,0,0,0
14056,0,0,0
14057,0,0,0
14058,0,0,0
14059,0,0,0
14060,0,0,0
14061,0,0,0
14062,0,0,0
14063,0,0,0
14064,0,0,0
14065,0,0,0
14066,0,0,0
14067,0,0,0
14068,0,0,0
14069,0,0,0
14070,0,0,0
14071,0,0,0
14072,0,0,0
14073,0,0,0
14074,0,0,0
14075,0,0,0
14076,0,0,0
14077,0,0,0
14078,0,0,0
14079,0,0,0
14080,0,0,0
14081,0,0,0
14082,0,0,0
14083,0,0,0
14084,0,0,0
14085,0,0,0
14086,0,0,0
14087,0,0,0
14088,0,0,0
14089,0,0,0
14090,0,0,0
14091,0,0,0
14092,0,0,0
14093,0,0,0
14094,0,0,0
14095,0,0,0
14096,0,0,0
14097,0.008,0.008,0.008
14098,0,0,0
14099,0,0,0
14100,0,0,0
14101,0,0,0
14102,0,0,0
14103,0,0,0
14104,0,0,0
14105,0,0,0
14106,0,0,0
14107,0,0,0
14108,0,0,0
14109,0,0,0
14110,0,0,0
14111,0,0,0
14112,0,0,0
14113,0,0,0
14114,0,0,0
14115,0,0,0
14116,0,0,0
14117,0,0,0
14118,0,0,0
14119,0,0,0
14120,0,0,0
14121,0,0,0
14122,0,0,0
14123,0,0,0
14124,0,0,0
14125,0,0,0
14126,0,0,0
14127,0.004,0.004,0.004
14128,0,0,0
14129,0,0,0
14130,0,0,0
14131,0,0,0
14132,0,0,0
14133,0,0,0
14134,0,0,0
14135,0,0,0
14136,0,0,0
14137,0,0,0
14138,0,0,0
14139,0.004,0.004,0.004
14140,0.01,0.01,0.01
14141,0.014,0.014,0.014
14142,0.018,0.018,0.018
14143,0.02,0.02,0.02
14144,0.018,0.018,0.018
14145,0.018,0.018,0.018
14146,0.052,0.052,0.052
14147,0.052,0.052,0.052
14148,0.052,0.052,0.052
14149,0.046,0.046,0.046
14150,0.044,0.044,0.044
14151,0.044,0.044,0.044
14152,0.05,0.05,0.05
14153,0.046,0.046,0.046
14154,0.044,0.044,0.044
14155,0.038,0.038,0.038
14156,0.038,0.038,0.038
14157,0.038,0.038,0.038
14158,0.048,0.048,0.048
14159,0.058,0.058,0.058
14160,0.068,0.068,0.068
14161,0.058,0.058,0.058
14162,0.054,0.054,0.054
14163,0.05,0.05,0.05
14164,0.072,0.072,0.072
14165,0.088,0.088,0.088
14166,0.11,0.11,0.11
14167,0.098,0.098,0.098
14168,0.112,0.112,0.112
14169,0.104,0.104,0.104
14170,0.134,0.134,0.134
14171,0.14,0.14,0.14
14172,0.122,0.122,0.122
14173,0.118,0.118,0.118
14174,0.12,0.12,0.12
14175,0.106,0.106,0.106
14176,0.072,0.072,0.072
14177,0.054,0.054,0.054
14178,0.054,0.054,0.054
14179,0.12,0.12,0.12
14180,0.168,0.168,0.168
14181,0.15,0.15,0.15
14182,0.128,0.128,0.128
14183,0.124,0.124,0.124
14184,0.146,0.146,0.146
14185,0.146,0.146,0.146
14186,0.144,0.144,0.144
14187,0.136,0.136,0.136
14188,0.132,0.132,0.132
14189,0.118,0.118,0.118
14190,0.13,0.13,0.13
14191,0.106,0.106,0.106
14192,0.116,0.116,0.116
14193,0.126,0.126,0.126
14194,0.12,0.12,0.12
14195,0.14,0.14,0.14
14196,0.126,0.126,0.126
14197,0.122,0.122,0.122
14198,0.118,0.118,0.118
14199,0.106,0.106,0.106
14200,0.118,0.118,0.118
14201,0.12,0.12,0.12
14202,0.108,0.108,0.108
14203,0.124,0.124,0.124
14204,0.126,0.126,0.126
14205,0.106,0.106,0.106
14206,0.098,0.098,0.098
14207,0.106,0.106,0.106
14208,0.116,0.116,0.116
14209,0.116,0.116,0.116
14210,0.13,0.13,0.13
14211,0.148,0.148,0.148
14212,0.154,0.154,0.154
14213,0.134,0.134,0.134
14214,0.154,0.154,0.154
14215,0.132,0.132,0.132
14216,0.126,0.126,0.126
14217,0.122,0.122,0.122
14218,0.134,0.134,0.134
14219,0.142,0.142,0.142
14220,0.136,0.136,0.136
14221,0.122,0.122,0.122
14222,0.16,0.16,0.16
14223,0.188,0.188,0.188
14224,0.154,0.154,0.154
14225,0.188,0.188,0.188
14226,0.17,0.17,0.17
14227,0.174,0.174,0.174
14228,0.17,0.17,0.17
14229,0.162,0.162,0.162
14230,0.158,0.158,0.158
14231,0.156,0.156,0.156
14232,0.164,0.164,0.164
14233,0.16,0.16,0.16
14234,0.164,0.164,0.164
14235,0.112,0.112,0.112
14236,0.154,0.154,0.154
14237,0.154,0.154,0.154
14238,0.154,0.154,0.154
14239,0.158,0.158,0.158
14240,0.156,0.156,0.156
14241,0.156,0.156,0.156
14242,0.16,0.16,0.16
14243,0.138,0.138,0.138
14244,0.15,0.15,0.15
14245,0.154,0.154,0.154
14246,0.162,0.162,0.162
14247,0.172,0.172,0.172
14248,0.17,0.17,0.17
14249,0.19,0.19,0.19
14250,0.23,0.23,0.23
14251,0.274,0.274,0.274
14252,0.246,0.246,0.246
14253,0.24,0.24,0.24
14254,0.276,0.276,0.276
14255,0.308,0.308,0.308
14256,0.248,0.248,0.248
14257,0.264,0.264,0.264
14258,0.262,0.262,0.262
14259,0.304,0.304,0.304
14260,0.302,0.302,0.302
14261,0.29,0.29,0.29
14262,0.246,0.246,0.246
14263,0.248,0.248,0.248
14264,0.244,0.244,0.244
14265,0.222,0.222,0.222
14266,0.228,0.228,0.228
14267,0.234,0.234,0.234
14268,0.238,0.238,0.238
14269,0.246,0.246,0.246
14270,0.242,0.242,0.242
14271,0.248,0.248,0.248
14272,0.238,0.238,0.238
14273,0.25,0.25,0.25
14274,0.248,0.248,0.248
14275,0.248,0.248,0.248
14276,0.278,0.278,0.278
14277,0.268,0.268,0.268
14278,0.274,0.274,0.274
14279,0.272,0.272,0.272
14280,0.276,0.276,0.276
14281,0.28,0.28,0.28
14282,0.288,0.288,0.288
14283,0.302,0.302,0.302
14284,0.298,0.298,0.298
14285,0.31,0.31,0.31
14286,0.312,0.312,0.312
14287,0.358,0.358,0.358
14288,0.342,0.342,0.342
14289,0.338,0.338,0.338
14290,0.338,0.338,0.338
14291,0.344,0.344,0.344
14292,0.342,0.342,0.342
14293,0.33,0.33,0.33
14294,0.332,0.332,0.332
14295,0.342,0.342,0.342
14296,0.336,0.336,0.336
14297,0.382,0.382,0.382
14298,0.368,0.368,0.368
14299,0.35,0.35,0.35
14300,0.376,0.376,0.376
14301,0.406,0.406,0.406
14302,0.39,0.39,0.39
14303,0.39,0.39,0.39
14304,0.372,0.372,0.372
14305,0.368,0.368,0.368
14306,0.38,0.38,0.38
14307,0.368,0.368,0.368
14308,0.372,0.372,0.372
14309,0.358,0.358,0.358
14310,0.366,0.366,0.366
14311,0.372,0.372,0.372
14312,0.382,0.382,0.382
14313,0.388,0.388,0.388
14314,0.39,0.39,0.39
14315,0.382,0.382,0.382
14316,0.386,0.386,0.386
14317,0.416,0.416,0.416
14318,0.406,0.406,0.406
14319,0.406,0.406,0.406
14320,0.404,0.404,0.404
14321,0.404,0.404,0.404
14322,0.402,0.402,0.402
14323,0.404,0.404,0.404
14324,0.426,0.426,0.426
14325,0.422,0.422,0.422
14326,0.418,0.418,0.418
14327,0.418,0.418,0.418
14328,0.412,0.412,0.412
14329,0.414,0.414,0.414
14330,0.398,0.398,0.398
14331,0.388,0.388,0.388
14332,0.39,0.39,0.39
14333,0.378,0.378,0.378
14334,0.374,0.374,0.374
14335,0.384,0.384,0.384
14336,0.446,0.446,0.446
14337,0.432,0.432,0.432
14338,0.442,0.442,0.442
14339,0.44,0.44,0.44
14340,0.432,0.432,0.432
14341,0.436,0.436,0.436
14342,0.432,0.432,0.432
14343,0.43,0.43,0.43
14344,0.43,0.43,0.43
14345,0.41,0.41,0.41
14346,0.422,0.422,0.422
14347,0.43,0.43,0.43
14348,0.426,0.426,0.426
14349,0.42,0.42,0.42
14350,0.434,0.434,0.434
14351,0.422,0.422,0.422
14352,0.428,0.428,0.428
14353,0.44,0.44,0.44
14354,0.428,0.428,0.428
14355,0.428,0.428,0.428
14356,0.418,0.418,0.418
14357,0.41,0.41,0.41
14358,0.416,0.416,0.416
14359,0.402,0.402,0.402
14360,0.398,0.398,0.398
14361,0.394,0.394,0.394
14362,0.396,0.396,0.396
14363,0.384,0.384,0.384
14364,0.378,0.378,0.378
14365,0.37,0.296,0.296
14366,0.36,0.282,0.282
14367,0.35,0.268,0.268
14368,0.35,0.24,0.24
14369,0.346,0.224,0.224
14370,0.342,0.218,0.218
14371,0.336,0.184,0.184
14372,0.332,0.182,0.182
14373,0.326,0.17,0.17
14374,0.314,0.166,0.166
14375,0.318,0.152,0.152
14376,0.312,0.148,0.148
14377,0.294,0.12,0.12
14378,0.292,0.116,0.116
14379,0.294,0.102,0.102
14380,0.288,0.066,0.066
14381,0.284,0.042,0.042
14382,0.292,0.036,0.036
14383,0.306,0.02,0.02
14384,0.296,0.018,0.018
14385,0.282,0.016,0.016
14386,0.268,0.016,0.016
14387,0.24,0.01,0.01
14388,0.224,0.01,0.01
14389,0.218,0.004,0.004
14390,0.184,0.004,0.004
14391,0.182,0.004,0.004
14392,0.17,0.004,0.004
14393,0.166,0,0
14394,0.152,0,0
14395,0.148,0,0
14396,0.12,0,0
14397,0.116,0,0
14398,0.102,0,0
14399,0.066,0,0
14400,0.042,0,0
14401,0.036,0,0
14402,0.02,0,0
14403,0.018,0,0
14404,0.016,0,0
14405,0.016,0,0
14406,0.01,0,0
14407,0.01,0,0
14408,0.004,0,0
14409,0.004,0,0
14410,0.004,0,0
14411,0.004,0,0
14412,0,0,0
14413,0,0,0
14414,0,0,0
14415,0,0,0
14416,0,0,0
14417,0,0,0
14418,0,0,0
14419,0,0,0
14420,0,0,0
14421,0,0,0
14422,0,0,0
14423,0,0,0
14424,0,0,0
14425,0,0,0
14426,0,0,0
14427,0,0,0
14428,0,0,0
14429,0,0,0
14430,0,0,0
14431,0,0,0
14432,0,0,0
14433,0,0,0
14434,0,0,0
14435,0,0,0
14436,0,0,0
14437,0,0,0
14438,0,0,0
14439,0,0,0
14440,0,0,0
14441,0,0,0
14442,0,0,0
14443,0,0,0
14444,0,0,0
14445,0,0,0
14446,0,0,0
14447,0,0,0
14448,0,0,0
14449,0,0,0
14450,0,0,0
14451,0,0,0
14452,0,0,0
14453,0,0,0
14454,0,0,0
14455,0,0,0
14456,0,0,0
14457,0,0,0
14458,0,0,0
14459,0,0,0
14460,0,0,0
14461,0,0,0
14462,0.008,0.008,0.008
14463,0,0,0
14464,0,0,0
14465,0,0,0
14466,0,0,0
14467,0,0,0
14468,0,0,0
14469,0,0,0
14470,0,0,0
14471,0,0,0
14472,0,0,0
14473,0,0,0
14474,0,0,0
14475,0,0,0
14476,0,0,0
14477,0,0,0
14478,0,0,0
14479,0,0,0
14480,0,0,0
14481,0,0,0
14482,0,0,0
14483,0,0,0
14484,0,0,0
14485,0,0,0
14486,0,0,0
14487,0,0,0
14488,0,0,0
14489,0,0,0
14490,0,0,0
14491,0,0,0
14492,0.004,0.004,0.004
14493,0,0,0
14494,0,0,0
14495,0,0,0
14496,0,0,0
14497,0,0,0
14498,0,0,0
14499,0,0,0
14500,0,0,0
14501,0,0,0
14502,0,0,0
14503,0,0,0
14504,0.004,0.004,0.004
14505,0.01,0.01,0.01
14506,0.014,0.014,0.014
14507,0.018,0.018,0.018
14508,0.02,0.02,0.02
14509,0.018,0.018,0.018
14510,0.018,0.018,0.018
14511,0.052,0.052,0.052
14512,0.052,0.052,0.052
14513,0.052,0.052,0.052
14514,0.046,0.046,0.046
14515,0.044,0.044,0.044
14516,0.044,0.044,0.044
14517,0.05,0.05,0.05
14518,0.046,0.046,0.046
14519,0.044,0.044,0.044
14520,0.038,0.038,0.038
14521,0.038,0.038,0.038
14522,0.038,0.038,0.038
14523,0.048,0.048,0.048
14524,0.058,0.058,0.058
14525,0.068,0.068,0.068
14526,0.058,0.058,0.058
14527,0.054,0.054,0.054
14528,0.05,0.05,0.05
14529,0.072,0.072,0.072
14530,0.088,0.088,0.088
14531,0.11,0.11,0.11
14532,0.098,0.098,0.098
14533,0.112,0.112,0.112
14534,0.104,0.104,0.104
14535,0.134,0.134,0.134
14536,0.14,0.14,0.14
14537,0.122,0.122,0.122
14538,0.118,0.118,0.118
14539,0.12,0.12,0.12
14540,0.106,0.106,0.106
14541,0.072,0.072,0.072
14542,0.054,0.054,0.054
14543,0.054,0.054,0.054
14544,0.12,0.12,0.12
14545,0.168,0.168,0.168
14546,0.15,0.15,0.15
14547,0.128,0.128,0.128
14548,0.124,0.124,0.124
14549,0.146,0.146,0.146
14550,0.146,0.146,0.146
14551,0.144,0.144,0.144
14552,0.136,0.136,0.136
14553,0.132,0.132,0.132
14554,0.118,0.118,0.118
14555,0.13,0.13,0.13
14556,0.106,0.106,0.106
14557,0.116,0.116,0.116
14558,0.126,0.126,0.126
14559,0.12,0.12,0.12
14560,0.14,0.14,0.14
14561,0.126,0.126,0.126
14562,0.122,0.122,0.122
14563,0.118,0.118,0.118
14564,0.106,0.106,0.106
14565,0.118,0.118,0.118
14566,0.12,0.12,0.12
14567,0.108,0.108,0.108
14568,0.124,0.124,0.124
14569,0.126,0.126,0.126
14570,0.106,0.106,0.106
14571,0.098,0.098,0.098
14572,0.106,0.106,0.106
14573,0.116,0.116,0.116
14574,0.116,0.116,0.116
14575,0.13,0.13,0.13
14576,0.148,0.148,0.148
14577,0.154,0.154,0.154
14578,0.134,0.134,0.134
14579,0.154,0.154,0.154
14580,0.132,0.132,0.132
14581,0.126,0.126,0.126
14582,0.122,0.122,0.122
14583,0.134,0.134,0.134
14584,0.142,0.142,0.142
14585,0.136,0.136,0.136
14586,0.122,0.122,0.122
14587,0.16,0.16,0.16
14588,0.188,0.188,0.188
14589,0.154,0.154,0.154
14590,0.188,0.188,0.188
14591,0.17,0.17,0.17
14592,0.174,0.174,0.174
14593,0.17,0.17,0.17
14594,0.162,0.162,0.162
14595,0.158,0.158,0.158
14596,0.156,0.156,0.156
14597,0.164,0.164,0.164
14598,0.16,0.16,0.16
14599,0.164,0.164,0.164
14600,0.112,0.112,0.112
14601,0.154,0.154,0.154
14602,0.154,0.154,0.154
14603,0.154,0.154,0.154
14604,0.158,0.158,0.158
14605,0.156,0.156,0.156
14606,0.156,0.156,0.156
14607,0.16,0.16,0.16
14608,0.138,0.138,0.138
14609,0.15,0.15,0.15
14610,0.154,0.154,0.154
14611,0.162,0.162,0.162
14612,0.172,0.172,0.172
14613,0.17,0.17,0.17
14614,0.19,0.19,0.19
14615,0.23,0.23,0.23
14616,0.274,0.274,0.274
14617,0.246,0.246,0.246
14618,0.24,0.24,0.24
14619,0.276,0.276,0.276
14620,0.308,0.308,0.308
14621,0.248,0.248,0.248
14622,0.264,0.264,0.264
14623,0.262,0.262,0.262
14624,0.304,0.304,0.304
14625,0.302,0.302,0.302
14626,0.29,0.29,0.29
14627,0.246,0.246,0.246
14628,0.248,0.248,0.248
14629,0.244,0.244,0.244
14630,0.222,0.222,0.222
14631,0.228,0.228,0.228
14632,0.234,0.234,0.234
14633,0.238,0.238,0.238
14634,0.246,0.246,0.246
14635,0.242,0.242,0.242
14636,0.248,0.248,0.248
14637,0.238,0.238,0.238
14638,0.25,0.25,0.25
14639,0.248,0.248,0.248
14640,0.248,0.248,0.248
14641,0.278,0.278,0.278
14642,0.268,0.268,0.268
14643,0.274,0.274,0.274
14644,0.272,0.272,0.272
14645,0.276,0.276,0.276
14646,0.28,0.28,0.28
14647,0.288,0.288,0.288
14648,0.302,0.302,0.302
14649,0.298,0.298,0.298
14650,0.31,0.31,0.31
14651,0.312,0.312,0.312
14652,0.358,0.358,0.358
14653,0.342,0.342,0.342
14654,0.338,0.338,0.338
14655,0.338,0.338,0.338
14656,0.344,0.344,0.344
14657,0.342,0.342,0.342
14658,0.33,0.33,0.33
14659,0.332,0.332,0.332
14660,0.342,0.342,0.342
14661,0.336,0.336,0.336
14662,0.382,0.382,0.382
14663,0.368,0.368,0.368
14664,0.35,0.35,0.35
14665,0.376,0.376,0.376
14666,0.406,0.406,0.406
14667,0.39,0.39,0.39
14668,0.39,0.39,0.39
14669,0.372,0.372,0.372
14670,0.368,0.368,0.368
14671,0.38,0.38,0.38
14672,0.368,0.368,0.368
14673,0.372,0.372,0.372
14674,0.358,0.358,0.358
14675,0.366,0.366,0.366
14676,0.372,0.372,0.372
14677,0.382,0.382,0.382
14678,0.388,0.388,0.388
14679,0.39,0.39,0.39
14680,0.382,0.382,0.382
14681,0.386,0.386,0.386
14682,0.416,0.416,0.416
14683,0.406,0.406,0.406
14684,0.406,0.406,0.406
14685,0.404,0.404,0.404
14686,0.404,0.404,0.404
14687,0.402,0.402,0.402
14688,0.404,0.404,0.404
14689,0.426,0.426,0.426
14690,0.422,0.422,0.422
14691,0.418,0.418,0.418
14692,0.418,0.418,0.418
14693,0.412,0.412,0.412
14694,0.414,0.414,0.414
14695,0.398,0.398,0.398
14696,0.388,0.388,0.388
14697,0.39,0.39,0.39
14698,0.378,0.378,0.378
14699,0.374,0.374,0.374
14700,0.384,0.384,0.384
14701,0.446,0.446,0.446
14702,0.432,0.432,0.432
14703,0.442,0.442,0.442
14704,0.44,0.44,0.44
14705,0.432,0.432,0.432
14706,0.436,0.436,0.436
14707,0.432,0.432,0.432
14708,0.43,0.43,0.43
14709,0.43,0.43,0.43
14710,0.41,0.41,0.41
14711,0.422,0.422,0.422
14712,0.43,0.43,0.43
14713,0.426,0.426,0.426
14714,0.42,0.42,0.42
14715,0.434,0.434,0.434
14716,0.422,0.422,0.422
14717,0.428,0.428,0.428
14718,0.44,0.44,0.44
14719,0.428,0.428,0.428
14720,0.428,0.428,0.428
14721,0.418,0.418,0.418
14722,0.41,0.41,0.41
14723,0.416,0.416,0.416
14724,0.402,0.402,0.402
14725,0.398,0.398,0.398
14726,0.394,0.394,0.394
14727,0.396,0.396,0.396
14728,0.384,0.384,0.384
14729,0.378,0.296,0.296
14730,0.37,0.282,0.282
14731,0.36,0.268,0.268
14732,0.35,0.24,0.24
14733,0.35,0.224,0.224
14734,0.346,0.218,0.218
14735,0.342,0.184,0.184
14736,0.336,0.182,0.182
14737,0.332,0.17,0.17
14738,0.326,0.166,0.166
14739,0.314,0.152,0.152
14740,0.318,0.148,0.148
14741,0.312,0.12,0.12
14742,0.294,0.116,0.116
14743,0.292,0.102,0.102
14744,0.294,0.066,0.066
14745,0.288,0.042,0.042
14746,0.284,0.036,0.036
14747,0.292,0.02,0.02
14748,0.306,0.018,0.018
14749,0.296,0.016,0.016
14750,0.282,0.016,0.016
14751,0.268,0.01,0.01
14752,0.24,0.01,0.01
14753,0.224,0.004,0.004
14754,0.218,0.004,0.004
14755,0.184,0.004,0.004
14756,0.182,0.004,0.004
14757,0.17,0,0
14758,0.166,0,0
14759,0.152,0,0
14760,0.148,0,0
14761,0.12,0,0
14762,0.116,0,0
14763,0.102,0,0
14764,0.066,0,0
14765,0.042,0,0
14766,0.036,0,0
14767,0.02,0,0
14768,0.018,0,0
14769,0.016,0,0
14770,0.016,0,0
14771,0.01,0,0
14772,0.01,0,0
14773,0.004,0,0
14774,0.004,0,0
14775,0.004,0,0
14776,0.004,0,0
14777,0,0,0
14778,0,0,0
14779,0,0,0
14780,0,0,0
14781,0,0,0
14782,0,0,0
14783,0,0,0
14784,0,0,0
14785,0,0,0
14786,0,0,0
14787,0,0,0
14788,0,0,0
14789,0,0,0
14790,0,0,0
14791,0,0,0
14792,0,0,0
14793,0,0,0
14794,0,0,0
14795,0,0,0
14796,0,0,0
14797,0,0,0
14798,0,0,0
14799,0,0,0
14800,0,0,0
14801,0,0,0
14802,0,0,0
14803,0,0,0
14804,0,0,0
14805,0,0,0
14806,0,0,0
14807,0,0,0
14808,0,0,0
14809,0,0,0
14810,0,0,0
14811,0,0,0
14812,0,0,0
14813,0,0,0
14814,0,0,0
14815,0,0,0
14816,0,0,0
14817,0,0,0
14818,0,0,0
14819,0,0,0
14820,0,0,0
14821,0,0,0
14822,0,0,0
14823,0,0,0
14824,0,0,0
14825,0,0,0
14826,0,0,0
14827,0.008,0.008,0.008
14828,0,0,0
14829,0,0,0
14830,0,0,0
14831,0,0,0
14832,0,0,0
14833,0,0,0
14834,0,0,0
14835,0,0,0
14836,0,0,0
14837,0,0,0
14838,0,0,0
14839,0,0,0
14840,0,0,0
14841,0,0,0
14842,0,0,0
14843,0,0,0
14844,0,0,0
14845,0,0,0
14846,0,0,0
14847,0,0,0
14848,0,0,0
14849,0,0,0
14850,0,0,0
14851,0,0,0
14852,0,0,0
14853,0,0,0
14854,0,0,0
14855,0,0,0
14856,0,0,0
14857,0.004,0.004,0.004
14858,0,0,0
14859,0,0,0
14860,0,0,0
14861,0,0,0
14862,0,0,0
14863,0,0,0
14864,0,0,0
14865,0,0,0
14866,0,0,0
14867,0,0,0
14868,0,0,0
14869,0.004,0.004,0.004
14870,0.01,0.01,0.01
14871,0.014,0.014,0.014
14872,0.018,0.018,0.018
14873,0.02,0.02,0.02
14874,0.018,0.018,0.018
14875,0.018,0.018,0.018
14876,0.052,0.052,0.052
14877,0.052,0.052,0.052
14878,0.052,0.052,0.052
14879,0.046,0.046,0.046
14880,0.044,0.044,0.044
14881,0.044,0.044,0.044
14882,0.05,0.05,0.05
14883,0.046,0.046,0.046
14884,0.044,0.044,0.044
14885,0.038,0.038,0.038
14886,0.038,0.038,0.038
14887,0.038,0.038,0.038
14888,0.048,0.048,0.048
14889,0.058,0.058,0.058
14890,0.068,0.068,0.068
14891,0.058,0.058,0.058
14892,0.054,0.054,0.054
14893,0.05,0.05,0.05
14894,0.072,0.072,0.072
14895,0.088,0.088,0.088
14896,0.11,0.11,0.11
14897,0.098,0.098,0.098
14898,0.112,0.112,0.112
14899,0.104,0.104,0.104
14900,0.134,0.134,0.134
14901,0.14,0.14,0.14
14902,0.122,0.122,0.122
14903,0.118,0.118,0.118
14904,0.12,0.12,0.12
14905,0.106,0.106,0.106
14906,0.072,0.072,0.072
14907,0.054,0.054,0.054
14908,0.054,0.054,0.054
14909,0.12,0.12,0.12
14910,0.168,0.168,0.168
14911,0.15,0.15,0.15
14912,0.128,0.128,0.128
14913,0.124,0.124,0.124
14914,0.146,0.146,0.146
14915,0.146,0.146,0.146
14916,0.144,0.144,0.144
14917,0.136,0.136,0.136
14918,0.132,0.132,0.132
14919,0.118,0.118,0.118
14920,0.13,0.13,0.13
14921,0.106,0.106,0.106
14922,0.116,0.116,0.116
14923,0.126,0.126,0.126
14924,0.12,0.12,0.12
14925,0.14,0.14,0.14
14926,0.126,0.126,0.126
14927,0.122,0.122,0.122
14928,0.118,0.118,0.118
14929,0.106,0.106,0.106
14930,0.118,0.118,0.118
14931,0.12,0.12,0.12
14932,0.108,0.108,0.108
14933,0.124,0.124,0.124
14934,0.126,0.126,0.126
14935,0.106,0.106,0.106
14936,0.098,0.098,0.098
14937,0.106,0.106,0.106
14938,0.116,0.116,0.116
14939,0.116,0.116,0.116
14940,0.13,0.13,0.13
14941,0.148,0.148,0.148
14942,0.154,0.154,0.154
14943,0.134,0.134,0.134
14944,0.154,0.154,0.154
14945,0.132,0.132,0.132
14946,0.126,0.126,0.126
14947,0.122,0.122,0.122
14948,0.134,0.134,0.134
14949,0.142,0.142,0.142
14950,0.136,0.136,0.136
14951,0.122,0.122,0.122
14952,0.16,0.16,0.16
14953,0.188,0.188,0.188
14954,0.154,0.154,0.154
14955,0.188,0.188,0.188
14956,0.17,0.17,0.17
14957,0.174,0.174,0.174
14958,0.17,0.17,0.17
14959,0.162,0.162,0.162
14960,0.158,0.158,0.158
14961,0.156,0.156,0.156
14962,0.164,0.164,0.164
14963,0.16,0.16,0.16
14964,0.164,0.164,0.164
14965,0.112,0.112,0.112
14966,0.154,0.154,0.154
14967,0.154,0.154,0.154
14968,0.154,0.154,0.154
14969,0.158,0.158,0.158
14970,0.156,0.156,0.156
14971,0.156,0.156,0.156
14972,0.16,0.16,0.16
14973,0.138,0.138,0.138
14974,0.15,0.15,0.15
14975,0.154,0.154,0.154
14976,0.162,0.162,0.162
14977,0.172,0.172,0.172
14978,0.17,0.17,0.17
14979,0.19,0.19,0.19
14980,0.23,0.23,0.23
14981,0.274,0.274,0.274
14982,0.246,0.246,0.246
14983,0.24,0.24,0.24
14984,0.276,0.276,0.276
14985,0.308,0.308,0.308
14986,0.248,0.248,0.248
14987,0.264,0.264,0.264
14988,0.262,0.262,0.262
14989,0.304,0.304,0.304
14990,0.302,0.302,0.302
14991,0.29,0.29,0.29
14992,0.246,0.246,0.246
14993,0.248,0.248,0.248
14994,0.244,0.244,0.244
14995,0.222,0.222,0.222
14996,0.228,0.228,0.228
14997,0.234,0.234,0.234
14998,0.238,0.238,0.238
14999,0.246,0.246,0.246
15000,0.242,0.242,0.242
15001,0.248,0.248,0.248
15002,0.238,0.238,0.238
15003,0.25,0.25,0.25
15004,0.248,0.248,0.248
15005,0.248,0.248,0.248
15006,0.278,0.278,0.278
15007,0.268,0.268,0.268
15008,0.274,0.274,0.274
15009,0.272,0.272,0.272
15010,0.276,0.276,0.276
15011,0.28,0.28,0.28
15012,0.288,0.288,0.288
15013,0.302,0.302,0.302
15014,0.298,0.298,0.298
15015,0.31,0.31,0.31
15016,0.312,0.312,0.312
15017,0.358,0.358,0.358
15018,0.342,0.342,0.342
15019,0.338,0.338,0.338
15020,0.338,0.338,0.338
15021,0.344,0.344,0.344
15022,0.342,0.342,0.342
15023,0.33,0.33,0.33
15024,0.332,0.332,0.332
15025,0.342,0.342,0.342
15026,0.336,0.336,0.336
15027,0.382,0.382,0.382
15028,0.368,0.368,0.368
15029,0.35,0.35,0.35
15030,0.376,0.376,0.376
15031,0.406,0.406,0.406
15032,0.39,0.39,0.39
15033,0.39,0.39,0.39
15034,0.372,0.372,0.372
15035,0.368,0.368,0.368
15036,0.38,0.38,0.38
15037,0.368,0.368,0.368
15038,0.372,0.372,0.372
15039,0.358,0.358,0.358
15040,0.366,0.366,0.366
15041,0.372,0.372,0.372
15042,0.382,0.382,0.382
15043,0.388,0.388,0.388
15044,0.39,0.39,0.39
15045,0.382,0.382,0.382
15046,0.386,0.386,0.386
15047,0.416,0.416,0.416
15048,0.406,0.406,0.406
15049,0.406,0.406,0.406
15050,0.404,0.404,0.404
15051,0.404,0.404,0.404
15052,0.402,0.402,0.402
15053,0.404,0.404,0.404
15054,0.426,0.426,0.426
15055,0.422,0.422,0.422
15056,0.418,0.418,0.418
15057,0.418,0.418,0.418
15058,0.412,0.412,0.412
15059,0.414,0.414,0.414
15060,0.398,0.398,0.398
15061,0.388,0.388,0.388
15062,0.39,0.39,0.39
15063,0.378,0.378,0.378
15064,0.374,0.374,0.374
15065,0.384,0.384,0.384
15066,0.446,0.446,0.446
15067,0.432,0.432,0.432
15068,0.442,0.442,0.442
15069,0.44,0.44,0.44
15070,0.432,0.432,0.432
15071,0.436,0.436,0.436
15072,0.432,0.432,0.432
15073,0.43,0.43,0.43
15074,0.43,0.43,0.43
15075,0.41,0.41,0.41
15076,0.422,0.422,0.422
15077,0.43,0.43,0.43
15078,0.426,0.426,0.426
15079,0.42,0.42,0.42
15080,0.434,0.434,0.434
15081,0.422,0.422,0.422
15082,0.428,0.428,0.428
15083,0.44,0.44,0.44
15084,0.428,0.428,0.428
15085,0.428,0.428,0.428
15086,0.418,0.418,0.418
15087,0.41,0.41,0.41
15088,0.416,0.416,0.416
15089,0.402,0.402,0.402
15090,0.398,0.398,0.398
15091,0.394,0.394,0.394
15092,0.396,0.396,0.396
15093,0.384,0.384,0.384
15094,0.378,0.296,0.296
15095,0.37,0.282,0.282
15096,0.36,0.268,0.268
15097,0.35,0.24,0.24
15098,0.35,0.224,0.224
15099,0.346,0.218,0.218
15100,0.342,0.184,0.184
15101,0.336,0.182,0.182
15102,0.332,0.17,0.17
15103,0.326,0.166,0.166
15104,0.314,0.152,0.152
15105,0.318,0.148,0.148
15106,0.312,0.12,0.12
15107,0.294,0.116,0.116
15108,0.292,0.102,0.102
15109,0.294,0.066,0.066
15110,0.288,0.042,0.042
15111,0.284,0.036,0.036
15112,0.292,0.02,0.02
15113,0.306,0.018,0.018
15114,0.296,0.016,0.016
15115,0.282,0.016,0.016
15116,0.268,0.01,0.01
15117,0.24,0.01,0.01
15118,0.224,0.004,0.004
15119,0.218,0.004,0.004
15120,0.184,0.004,0.004
15121,0.182,0.004,0.004
15122,0.17,0,0
15123,0.166,0,0
15124,0.152,0,0
15125,0.148,0,0
15126,0.12,0,0
15127,0.116,0,0
15128,0.102,0,0
15129,0.066,0,0
15130,0.042,0,0
15131,0.036,0,0
15132,0.02,0,0
15133,0.018,0,0
15134,0.016,0,0
15135,0.016,0,0
15136,0.01,0,0
15137,0.01,0,0
15138,0.004,0,0
15139,0.004,0,0
15140,0.004,0,0
15141,0.004,0,0
15142,0,0,0
15143,0,0,0
15144,0,0,0
15145,0,0,0
15146,0,0,0
15147,0,0,0
15148,0,0,0
15149,0,0,0
15150,0,0,0
15151,0,0,0
15152,0,0,0
15153,0,0,0
15154,0,0,0
15155,0,0,0
15156,0,0,0
15157,0,0,0
15158,0,0,0
15159,0,0,0
15160,0,0,0
15161,0,0,0
15162,0,0,0
15163,0,0,0
15164,0,0,0
15165,0,0,0
15166,0,0,0
15167,0,0,0
15168,0,0,0
15169,0,0,0
15170,0,0,0
15171,0,0,0
15172,0,0,0
15173,0,0,0
15174,0,0,0
15175,0,0,0
15176,0,0,0
15177,0,0,0
15178,0,0,0
15179,0,0,0
15180,0,0,0
15181,0,0,0
15182,0,0,0
15183,0,0,0
15184,0,0,0
15185,0,0,0
15186,0,0,0
15187,0,0,0
15188,0,0,0
15189,0,0,0
15190,0,0,0
15191,0,0,0
15192,0.008,0.008,0.008
15193,0,0,0
15194,0,0,0
15195,0,0,0
15196,0,0,0
15197,0,0,0
15198,0,0,0
15199,0,0,0
15200,0,0,0
15201,0,0,0
15202,0,0,0
15203,0,0,0
15204,0,0,0
15205,0,0,0
15206,0,0,0
15207,0,0,0
15208,0,0,0
15209,0,0,0
15210,0,0,0
15211,0,0,0
15212,0,0,0
15213,0,0,0
15214,0,0,0
15215,0,0,0
15216,0,0,0
15217,0,0,0
15218,0,0,0
15219,0,0,0
15220,0,0,0
15221,0,0,0
15222,0.004,0.004,0.004
15223,0,0,0
15224,0,0,0
15225,0,0,0
15226,0,0,0
15227,0,0,0
15228,0,0,0
15229,0,0,0
15230,0,0,0
15231,0,0,0
15232,0,0,0
15233,0,0,0
15234,0.004,0.004,0.004
15235,0.01,0.01,0.01
15236,0.014,0.014,0.014
15237,0.018,0.018,0.018
15238,0.02,0.02,0.02
15239,0.018,0.018,0.018
15240,0.018,0.018,0.018
15241,0.052,0.052,0.052
15242,0.052,0.052,0.052
15243,0.052,0.052,0.052
15244,0.046,0.046,0.046
15245,0.044,0.044,0.044
15246,0.044,0.044,0.044
15247,0.05,0.05,0.05
15248,0.046,0.046,0.046
15249,0.044,0.044,0.044
15250,0.038,0.038,0.038
15251,0.038,0.038,0.038
15252,0.038,0.038,0.038
15253,0.048,0.048,0.048
15254,0.058,0.058,0.058
15255,0.068,0.068,0.068
15256,0.058,0.058,0.058
15257,0.054,0.054,0.054
15258,0.05,0.05,0.05
15259,0.072,0.072,0.072
15260,0.088,0.088,0.088
15261,0.11,0.11,0.11
15262,0.098,0.098,0.098
15263,0.112,0.112,0.112
15264,0.104,0.104,0.104
15265,0.134,0.134,0.134
15266,0.14,0.14,0.14
15267,0.122,0.122,0.122
15268,0.118,0.118,0.118
15269,0.12,0.12,0.12
15270,0.106,0.106,0.106
15271,0.072,0.072,0.072
15272,0.054,0.054,0.054
15273,0.054,0.054,0.054
15274,0.12,0.12,0.12
15275,0.168,0.168,0.168
15276,0.15,0.15,0.15
15277,0.128,0.128,0.128
15278,0.124,0.124,0.124
15279,0.146,0.146,0.146
15280,0.146,0.146,0.146
15281,0.144,0.144,0.144
15282,0.136,0.136,0.136
15283,0.132,0.132,0.132
15284,0.118,0.118,0.118
15285,0.13,0.13,0.13
15286,0.106,0.106,0.106
15287,0.116,0.116,0.116
15288,0.126,0.126,0.126
15289,0.12,0.12,0.12
15290,0.14,0.14,0.14
15291,0.126,0.126,0.126
15292,0.122,0.122,0.122
15293,0.118,0.118,0.118
15294,0.106,0.106,0.106
15295,0.118,0.118,0.118
15296,0.12,0.12,0.12
15297,0.108,0.108,0.108
15298,0.124,0.124,0.124
15299,0.126,0.126,0.126
15300,0.106,0.106,0.106
15301,0.098,0.098,0.098
15302,0.106,0.106,0.106
15303,0.116,0.116,0.116
15304,0.116,0.116,0.116
15305,0.13,0.13,0.13
15306,0.148,0.148,0.148
15307,0.154,0.154,0.154
15308,0.134,0.134,0.134
15309,0.154,0.154,0.154
15310,0.132,0.132,0.132
15311,0.126,0.126,0.126
15312,0.122,0.122,0.122
15313,0.134,0.134,0.134
15314,0.142,0.142,0.142
15315,0.136,0.136,0.136
15316,0.122,0.122,0.122
15317,0.16,0.16,0.16
15318,0.188,0.188,0.188
15319,0.154,0.154,0.154
15320,0.188,0.188,0.188
15321,0.17,0.17,0.17
15322,0.174,0.174,0.174
15323,0.17,0.17,0.17
15324,0.162,0.162,0.162
15325,0.158,0.158,0.158
15326,0.156,0.156,0.156
15327,0.164,0.164,0.164
15328,0.16,0.16,0.16
15329,0.164,0.164,0.164
15330,0.112,0.112,0.112
15331,0.154,0.154,0.154
15332,0.154,0.154,0.154
15333,0.154,0.154,0.154
15334,0.158,0.158,0.158
15335,0.156,0.156,0.156
15336,0.156,0.156,0.156
15337,0.16,0.16,0.16
15338,0.138,0.138,0.138
15339,0.15,0.15,0.15
15340,0.154,0.154,0.154
15341,0.162,0.162,0.162
15342,0.172,0.172,0.172
15343,0.17,0.17,0.17
15344,0.19,0.19,0.19
15345,0.23,0.23,0.23
15346,0.274,0.274,0.274
15347,0.246,0.246,0.246
15348,0.24,0.24,0.24
15349,0.276,0.276,0.276
15350,0.308,0.308,0.308
15351,0.248,0.248,0.248
15352,0.264,0.264,0.264
15353,0.262,0.262,0.262
15354,0.304,0.304,0.304
15355,0.302,0.302,0.302
15356,0.29,0.29,0.29
15357,0.246,0.246,0.246
15358,0.248,0.248,0.248
15359,0.244,0.244,0.244
15360,0.222,0.222,0.222
15361,0.228,0.228,0.228
15362,0.234,0.234,0.234
15363,0.238,0.238,0.238
15364,0.246,0.246,0.246
15365,0.242,0.242,0.242
15366,0.248,0.248,0.248
15367,0.238,0.238,0.238
15368,0.25,0.25,0.25
15369,0.248,0.248,0.248
15370,0.248,0.248,0.248
15371,0.278,0.278,0.278
15372,0.268,0.268,0.268
15373,0.274,0.274,0.274
15374,0.272,0.272,0.272
15375,0.276,0.276,0.276
15376,0.28,0.28,0.28
15377,0.288,0.288,0.288
15378,0.302,0.302,0.302
15379,0.298,0.298,0.298
15380,0.31,0.31,0.31
15381,0.312,0.312,0.312
15382,0.358,0.358,0.358
15383,0.342,0.342,0.342
15384,0.338,0.338,0.338
15385,0.338,0.338,0.338
15386,0.344,0.344,0.344
15387,0.342,0.342,0.342
15388,0.33,0.33,0.33
15389,0.332,0.332,0.332
15390,0.342,0.342,0.342
15391,0.336,0.336,0.336
15392,0.382,0.382,0.382
15393,0.368,0.368,0.368
15394,0.35,0.35,0.35
15395,0.376,0.376,0.376
15396,0.406,0.406,0.406
15397,0.39,0.39,0.39
15398,0.39,0.39,0.39
15399,0.372,0.372,0.372
15400,0.368,0.368,0.368
15401,0.38,0.38,0.38
15402,0.368,0.368,0.368
15403,0.372,0.372,0.372
15404,0.358,0.358,0.358
15405,0.366,0.366,0.366
15406,0.372,0.372,0.372
15407,0.382,0.382,0.382
15408,0.388,0.388,0.388
15409,0.39,0.39,0.39
15410,0.382,0.382,0.382
15411,0.386,0.386,0.386
15412,0.416,0.416,0.416
15413,0.406,0.406,0.406
15414,0.406,0.406,0.406
15415,0.404,0.404,0.404
15416,0.404,0.404,0.404
15417,0.402,0.402,0.402
15418,0.404,0.404,0.404
15419,0.426,0.426,0.426
15420,0.422,0.422,0.422
15421,0.418,0.418,0.418
15422,0.418,0.418,0.418
15423,0.412,0.412,0.412
15424,0.414,0.414,0.414
15425,0.398,0.398,0.398
15426,0.388,0.388,0.388
15427,0.39,0.39,0.39
15428,0.378,0.378,0.378
15429,0.374,0.374,0.374
15430,0.384,0.384,0.384
15431,0.446,0.446,0.446
15432,0.432,0.432,0.432
15433,0.442,0.442,0.442
15434,0.44,0.44,0.44
15435,0.432,0.432,0.432
15436,0.436,0.436,0.436
15437,0.432,0.432,0.432
15438,0.43,0.43,0.43
15439,0.43,0.43,0.43
15440,0.41,0.41,0.41
15441,0.422,0.422,0.422
15442,0.43,0.43,0.43
15443,0.426,0.426,0.426
15444,0.42,0.42,0.42
15445,0.434,0.434,0.434
15446,0.422,0.422,0.422
15447,0.428,0.428,0.428
15448,0.44,0.44,0.44
15449,0.428,0.428,0.428
15450,0.428,0.428,0.428
15451,0.418,0.418,0.418
15452,0.41,0.41,0.41
15453,0.416,0.416,0.416
15454,0.402,0.402,0.402
15455,0.398,0.398,0.398
15456,0.394,0.394,0.394
15457,0.396,0.396,0.396
15458,0.384,0.296,0.296
15459,0.378,0.282,0.282
15460,0.37,0.268,0.268
15461,0.36,0.24,0.24
15462,0.35,0.224,0.224
15463,0.35,0.218,0.218
15464,0.346,0.184,0.184
15465,0.342,0.182,0.182
15466,0.336,0.17,0.17
15467,0.332,0.166,0.166
15468,0.326,0.152,0.152
15469,0.314,0.148,0.148
15470,0.318,0.12,0.12
15471,0.312,0.116,0.116
15472,0.294,0.102,0.102
15473,0.292,0.066,0.066
15474,0.294,0.042,0.042
15475,0.288,0.036,0.036
15476,0.284,0.02,0.02
15477,0.292,0.018,0.018
15478,0.306,0.016,0.016
15479,0.296,0.016,0.016
15480,0.282,0.01,0.01
15481,0.268,0.01,0.01
15482,0.24,0.004,0.004
15483,0.224,0.004,0.004
15484,0.218,0.004,0.004
15485,0.184,0.004,0.004
15486,0.182,0,0
15487,0.17,0,0
15488,0.166,0,0
15489,0.152,0,0
15490,0.148,0,0
15491,0.12,0,0
15492,0.116,0,0
15493,0.102,0,0
15494,0.066,0,0
15495,0.042,0,0
15496,0.036,0,0
15497,0.02,0,0
15498,0.018,0,0
15499,0.016,0,0
15500,0.016,0,0
15501,0.01,0,0
15502,0.01,0,0
15503,0.004,0,0
15504,0.004,0,0
15505,0.004,0,0
15506,0.004,0,0
15507,0,0,0
15508,0,0,0
15509,0,0,0
15510,0,0,0
15511,0,0,0
15512,0,0,0
15513,0,0,0
15514,0,0,0
15515,0,0,0
15516,0,0,0
15517,0,0,0
15518,0,0,0
15519,0,0,0
15520,0,0,0
15521,0,0,0
15522,0,0,0
15523,0,0,0
15524,0,0,0
15525,0,0,0
15526,0,0,0
15527,0,0,0
15528,0,0,0
15529,0,0,0
15530,0,0,0
15531,0,0,0
15532,0,0,0
15533,0,0,0
15534,0,0,0
15535,0,0,0
15536,0,0,0
15537,0,0,0
15538,0,0,0
15539,0,0,0
15540,0,0,0
15541,0,0,0
15542,0,0,0
15543,0,0,0
15544,0,0,0
15545,0,0,0
15546,0,0,0
15547,0,0,0
15548,0,0,0
15549,0,0,0
15550,0,0,0
15551,0,0,0
15552,0,0,0
15553,0,0,0
15554,0,0,0
15555,0,0,0
15556,0,0,0
15557,0.008,0.008,0.008
15558,0,0,0
15559,0,0,0
15560,0,0,0
15561,0,0,0
15562,0,0,0
15563,0,0,0
15564,0,0,0
15565,0,0,0
15566,0,0,0
15567,0,0,0
15568,0,0,0
15569,0,0,0
15570,0,0,0
15571,0,0,0
15572,0,0,0
15573,0,0,0
15574,0,0,0
15575,0,0,0
15576,0,0,0
15577,0,0,0
15578,0,0,0
15579,0,0,0
15580,0,0,0
15581,0,0,0
15582,0,0,0
15583,0,0,0
15584,0,0,0
15585,0,0,0
15586,0,0,0
15587,0.004,0.004,0.004
15588,0,0,0
15589,0,0,0
15590,0,0,0
15591,0,0,0
15592,0,0,0
15593,0,0,0
15594,0,0,0
15595,0,0,0
15596,0,0,0
15597,0,0,0
15598,0,0,0
15599,0.004,0.004,0.004
15600,0.01,0.01,0.01
15601,0.014,0.014,0.014
15602,0.018,0.018,0.018
15603,0.02,0.02,0.02
15604,0.018,0.018,0.018
15605,0.018,0.018,0.018
15606,0.052,0.052,0.052
15607,0.052,0.052,0.052
15608,0.052,0.052,0.052
15609,0.046,0.046,0.046
15610,0.044,0.044,0.044
15611,0.044,0.044,0.044
15612,0.05,0.05,0.05
15613,0.046,0.046,0.046
15614,0.044,0.044,0.044
15615,0.038,0.038,0.038
15616,0.038,0.038,0.038
15617,0.038,0.038,0.038
15618,0.048,0.048,0.048
15619,0.058,0.058,0.058
15620,0.068,0.068,0.068
15621,0.058,0.058,0.058
15622,0.054,0.054,0.054
15623,0.05,0.05,0.05
15624,0.072,0.072,0.072
15625,0.088,0.088,0.088
15626,0.11,0.11,0.11
15627,0.098,0.098,0.098
15628,0.112,0.112,0.112
15629,0.104,0.104,0.104
15630,0.134,0.134,0.134
15631,0.14,0.14,0.14
15632,0.122,0.122,0.122
15633,0.118,0.118,0.118
15634,0.12,0.12,0.12
15635,0.106,0.106,0.106
15636,0.072,0.072,0.072
15637,0.054,0.054,0.054
15638,0.054,0.054,0.054
15639,0.12,0.12,0.12
15640,0.168,0.168,0.168
15641,0.15,0.15,0.15
15642,0.128,0.128,0.128
15643,0.124,0.124,0.124
15644,0.146,0.146,0.146
15645,0.146,0.146,0.146
15646,0.144,0.144,0.144
15647,0.136,0.136,0.136
15648,0.132,0.132,0.132
15649,0.118,0.118,0.118
15650,0.13,0.13,0.13
15651,0.106,0.106,0.106
15652,0.116,0.116,0.116
15653,0.126,0.126,0.126
15654,0.12,0.12,0.12
15655,0.14,0.14,0.14
15656,0.126,0.126,0.126
15657,0.122,0.122,0.122
15658,0.118,0.118,0.118
15659,0.106,0.106,0.106
15660,0.118,0.118,0.118
15661,0.12,0.12,0.12
15662,0.108,0.108,0.108
15663,0.124,0.124,0.124
15664,0.126,0.126,0.126
15665,0.106,0.106,0.106
15666,0.098,0.098,0.098
15667,0.106,0.106,0.106
15668,0.116,0.116,0.116
15669,0.116,0.116,0.116
15670,0.13,0.13,0.13
15671,0.148,0.148,0.148
15672,0.154,0.154,0.154
15673,0.134,0.134,0.134
15674,0.154,0.154,0.154
15675,0.132,0.132,0.132
15676,0.126,0.126,0.126
15677,0.122,0.122,0.122
15678,0.134,0.134,0.134
15679,0.142,0.142,0.142
15680,0.136,0.136,0.136
15681,0.122,0.122,0.122
15682,0.16,0.16,0.16
15683,0.188,0.188,0.188
15684,0.154,0.154,0.154
15685,0.188,0.188,0.188
15686,0.17,0.17,0.17
15687,0.174,0.174,0.174
15688,0.17,0.17,0.17
15689,0.162,0.162,0.162
15690,0.158,0.158,0.158
15691,0.156,0.156,0.156
15692,0.164,0.164,0.164
15693,0.16,0.16,0.16
15694,0.164,0.164,0.164
15695,0.112,0.112,0.112
15696,0.154,0.154,0.154
15697,0.154,0.154,0.154
15698,0.154,0.154,0.154
15699,0.158,0.158,0.158
15700,0.156,0.156,0.156
15701,0.156,0.156,0.156
15702,0.16,0.16,0.16
15703,0.138,0.138,0.138
15704,0.15,0.15,0.15
15705,0.154,0.154,0.154
15706,0.162,0.162,0.162
15707,0.172,0.172,0.172
15708,0.17,0.17,0.17
15709,0.19,0.19,0.19
15710,0.23,0.23,0.23
15711,0.274,0.274,0.274
15712,0.246,0.246,0.246
15713,0.24,0.24,0.24
15714,0.276,0.276,0.276
15715,0.308,0.308,0.308
15716,0.248,0.248,0.248
15717,0.264,0.264,0.264
15718,0.262,0.262,0.262
15719,0.304,0.304,0.304
15720,0.302,0.302,0.302
15721,0.29,0.29,0.29
15722,0.246,0.246,0.246
15723,0.248,0.248,0.248
15724,0.244,0.244,0.244
15725,0.222,0.222,0.222
15726,0.228,0.228,0.228
15727,0.234,0.234,0.234
15728,0.238,0.238,0.238
15729,0.246,0.246,0.246
15730,0.242,0.242,0.242
15731,0.248,0.248,0.248
15732,0.238,0.238,0.238
15733,0.25,0.25,0.25
15734,0.248,0.248,0.248
15735,0.248,0.248,0.248
15736,0.278,0.278,0.278
15737,0.268,0.268,0.268
15738,0.274,0.274,0.274
15739,0.272,0.272,0.272
15740,0.276,0.276,0.276
15741,0.28,0.28,0.28
15742,0.288,0.288,0.288
15743,0.302,0.302,0.302
15744,0.298,0.298,0.298
15745,0.31,0.31,0.31
15746,0.312,0.312,0.312
15747,0.358,0.358,0.358
15748,0.342,0.342,0.342
15749,0.338,0.338,0.338
15750,0.338,0.338,0.338
15751,0.344,0.344,0.344
15752,0.342,0.342,0.342
15753,0.33,0.33,0.33
15754,0.332,0.332,0.332
15755,0.342,0.342,0.342
15756,0.336,0.336,0.336
15757,0.382,0.382,0.382
15758,0.368,0.368,0.368
15759,0.35,0.35,0.35
15760,0.376,0.376,0.376
15761,0.406,0.406,0.406
15762,0.39,0.39,0.39
15763,0.39,0.39,0.39
15764,0.372,0.372,0.372
15765,0.368,0.368,0.368
15766,0.38,0.38,0.38
15767,0.368,0.368,0.368
15768,0.372,0.372,0.372
15769,0.358,0.358,0.358
15770,0.366,0.366,0.366
15771,0.372,0.372,0.372
15772,0.382,0.382,0.382
15773,0.388,0.388,0.388
15774,0.39,0.39,0.39
15775,0.382,0.382,0.382
15776,0.386,0.386,0.386
15777,0.416,0.416,0.416
15778,0.406,0.406,0.406
15779,0.406,0.406,0.406
15780,0.404,0.404,0.404
15781,0.404,0.404,0.404
15782,0.402,0.402,0.402
15783,0.404,0.404,0.404
15784,0.426,0.426,0.426
15785,0.422,0.422,0.422
15786,0.418,0.418,0.418
15787,0.418,0.418,0.418
15788,0.412,0.412,0.412
15789,0.414,0.414,0.414
15790,0.398,0.398,0.398
15791,0.388,0.388,0.388
15792,0.39,0.39,0.39
15793,0.378,0.378,0.378
15794,0.374,0.374,0.374
15795,0.384,0.384,0.384
15796,0.446,0.446,0.446
15797,0.432,0.432,0.432
15798,0.442,0.442,0.442
15799,0.44,0.44,0.44
15800,0.432,0.432,0.432
15801,0.436,0.436,0.436
15802,0.432,0.432,0.432
15803,0.43,0.43,0.43
15804,0.43,0.43,0.43
15805,0.41,0.41,0.41
15806,0.422,0.422,0.422
15807,0.43,0.43,0.43
15808,0.426,0.426,0.426
15809,0.42,0.42,0.42
15810,0.434,0.434,0.434
15811,0.422,0.422,0.422
15812,0.428,0.428,0.428
15813,0.44,0.44,0.44
15814,0.428,0.428,0.428
15815,0.428,0.428,0.428
15816,0.418,0.418,0.418
15817,0.41,0.41,0.41
15818,0.416,0.416,0.416
15819,0.402,0.402,0.402
15820,0.398,0.398,0.398
15821,0.394,0.394,0.394
15822,0.396,0.396,0.396
15823,0.384,0.296,0.296
15824,0.378,0.282,0.282
15825,0.37,0.268,0.268
15826,0.36,0.24,0.24
15827,0.35,0.224,0.224
15828,0.35,0.218,0.218
15829,0.346,0.184,0.184
15830,0.342,0.182,0.182
15831,0.336,0.17,0.17
15832,0.332,0.166,0.166
15833,0.326,0.152,0.152
15834,0.314,0.148,0.148
15835,0.318,0.12,0.12
15836,0.312,0.116,0.116
15837,0.294,0.102,0.102
15838,0.292,0.066,0.066
15839,0.294,0.042,0.042
15840,0.288,0.036,0.036
15841,0.284,0.02,0.02
15842,0.292,0.018,0.018
15843,0.306,0.016,0.016
15844,0.296,0.016,0.016
15845,0.282,0.01,0.01
15846,0.268,0.01,0.01
15847,0.24,0.004,0.004
15848,0.224,0.004,0.004
15849,0.218,0.004,0.004
15850,0.184,0.004,0.004
15851,0.182,0,0
15852,0.17,0,0
15853,0.166,0,0
15854,0.152,0,0
15855,0.148,0,0
15856,0.12,0,0
15857,0.116,0,0
15858,0.102,0,0
15859,0.066,0,0
15860,0.042,0,0
15861,0.036,0,0
15862,0.02,0,0
15863,0.018,0,0
15864,0.016,0,0
15865,0.016,0,0
15866,0.01,0,0
15867,0.01,0,0
15868,0.004,0,0
15869,0.004,0,0
15870,0.004,0,0
15871,0.004,0,0
15872,0,0,0
15873,0,0,0
15874,0,0,0
15875,0,0,0
15876,0,0,0
15877,0,0,0
15878,0,0,0
15879,0,0,0
15880,0,0,0
15881,0,0,0
15882,0,0,0
15883,0,0,0
15884,0,0,0
15885,0,0,0
15886,0,0,0
15887,0,0,0
15888,0,0,0
15889,0,0,0
15890,0,0,0
15891,0,0,0
15892,0,0,0
15893,0,0,0
15894,0,0,0
15895,0,0,0
15896,0,0,0
15897,0,0,0
15898,0,0,0
15899,0,0,0
15900,0,0,0
15901,0,0,0
15902,0,0,0
15903,0,0,0
15904,0,0,0
15905,0,0,0
15906,0,0,0
15907,0,0,0
15908,0,0,0
15909,0,0,0
15910,0,0,0
15911,0,0,0
15912,0,0,0
15913,0,0,0
15914,0,0,0
15915,0,0,0
15916,0,0,0
15917,0,0,0
15918,0,0,0
15919,0,0,0
15920,0,0,0
15921,0,0,0
15922,0.008,0.008,0.008
15923,0,0,0
15924,0,0,0
15925,0,0,0
15926,0,0,0
15927,0,0,0
15928,0,0,0
15929,0,0,0
15930,0,0,0
15931,0,0,0
15932,0,0,0
15933,0,0,0
15934,0,0,0
15935,0,0,0
15936,0,0,0
15937,0,0,0
15938,0,0,0
15939,0,0,0
15940,0,0,0
15941,0,0,0
15942,0,0,0
15943,0,0,0
15944,0,0,0
15945,0,0,0
15946,0,0,0
15947,0,0,0
15948,0,0,0
15949,0,0,0
15950,0,0,0
15951,0,0,0
15952,0.004,0.004,0.004
15953,0,0,0
15954,0,0,0
15955,0,0,0
15956,0,0,0
15957,0,0,0
15958,0,0,0
15959,0,0,0
15960,0,0,0
15961,0,0,0
15962,0,0,0
15963,0,0,0
15964,0.004,0.004,0.004
15965,0.01,0.01,0.01
15966,0.014,0.014,0.014
15967,0.018,0.018,0.018
15968,0.02,0.02,0.02
15969,0.018,0.018,0.018
15970,0.018,0.018,0.018
15971,0.052,0.052,0.052
15972,0.052,0.052,0.052
15973,0.052,0.052,0.052
15974,0.046,0.046,0.046
15975,0.044,0.044,0.044
15976,0.044,0.044,0.044
15977,0.05,0.05,0.05
15978,0.046,0.046,0.046
15979,0.044,0.044,0.044
15980,0.038,0.038,0.038
15981,0.038,0.038,0.038
15982,0.038,0.038,0.038
15983,0.048,0.048,0.048
15984,0.058,0.058,0.058
15985,0.068,0.068,0.068
15986,0.058,0.058,0.058
15987,0.054,0.054,0.054
15988,0.05,0.05,0.05
15989,0.072,0.072,0.072
15990,0.088,0.088,0.088
15991,0.11,0.11,0.11
15992,0.098,0.098,0.098
15993,0.112,0.112,0.112
15994,0.104,0.104,0.104
15995,0.134,0.134,0.134
15996,0.14,0.14,0.14
15997,0.122,0.122,0.122
15998,0.118,0.118,0.118
15999,0.12,0.12,0.12
16000,0.106,0.106,0.106
16001,0.072,0.072,0.072
16002,0.054,0.054,0.054
16003,0.054,0.054,0.054
16004,0.12,0.12,0.12
16005,0.168,0.168,0.168
16006,0.15,0.15,0.15
16007,0.128,0.128,0.128
16008,0.124,0.124,0.124
16009,0.146,0.146,0.146
16010,0.146,0.146,0.146
16011,0.144,0.144,0.144
16012,0.136,0.136,0.136
16013,0.132,0.132,0.132
16014,0.118,0.118,0.118
16015,0.13,0.13,0.13
16016,0.106,0.106,0.106
16017,0.116,0.116,0.116
16018,0.126,0.126,0.126
16019,0.12,0.12,0.12
16020,0.14,0.14,0.14
16021,0.126,0.126,0.126
16022,0.122,0.122,0.122
16023,0.118,0.118,0.118
16024,0.106,0.106,0.106
16025,0.118,0.118,0.118
16026,0.12,0.12,0.12
16027,0.108,0.108,0.108
16028,0.124,0.124,0.124
16029,0.126,0.126,0.126
16030,0.106,0.106,0.106
16031,0.098,0.098,0.098
16032,0.106,0.106,0.106
16033,0.116,0.116,0.116
16034,0.116,0.116,0.116
16035,0.13,0.13,0.13
16036,0.148,0.148,0.148
16037,0.154,0.154,0.154
16038,0.134,0.134,0.134
16039,0.154,0.154,0.154
16040,0.132,0.132,0.132
16041,0.126,0.126,0.126
16042,0.122,0.122,0.122
16043,0.134,0.134,0.134
16044,0.142,0.142,0.142
16045,0.136,0.136,0.136
16046,0.122,0.122,0.122
16047,0.16,0.16,0.16
16048,0.188,0.188,0.188
16049,0.154,0.154,0.154
16050,0.188,0.188,0.188
16051,0.17,0.17,0.17
16052,0.174,0.174,0.174
16053,0.17,0.17,0.17
16054,0.162,0.162,0.162
16055,0.158,0.158,0.158
16056,0.156,0.156,0.156
16057,0.164,0.164,0.164
16058,0.16,0.16,0.16
16059,0.164,0.164,0.164
16060,0.112,0.112,0.112
16061,0.154,0.154,0.154
16062,0.154,0.154,0.154
16063,0.154,0.154,0.154
16064,0.158,0.158,0.158
16065,0.156,0.156,0.156
16066,0.156,0.156,0.156
16067,0.16,0.16,0.16
16068,0.138,0.138,0.138
16069,0.15,0.15,0.15
16070,0.154,0.154,0.154
16071,0.162,0.162,0.162
16072,0.172,0.172,0.172
16073,0.17,0.17,0.17
16074,0.19,0.19,0.19
16075,0.23,0.23,0.23
16076,0.274,0.274,0.274
16077,0.246,0.246,0.246
16078,0.24,0.24,0.24
16079,0.276,0.276,0.276
16080,0.308,0.308,0.308
16081,0.248,0.248,0.248
16082,0.264,0.264,0.264
16083,0.262,0.262,0.262
16084,0.304,0.304,0.304
16085,0.302,0.302,0.302
16086,0.29,0.29,0.29
16087,0.246,0.246,0.246
16088,0.248,0.248,0.248
16089,0.244,0.244,0.244
16090,0.222,0.222,0.222
16091,0.228,0.228,0.228
16092,0.234,0.234,0.234
16093,0.238,0.238,0.238
16094,0.246,0.246,0.246
16095,0.242,0.242,0.242
16096,0.248,0.248,0.248
16097,0.238,0.238,0.238
16098,0.25,0.25,0.25
16099,0.248,0.248,0.248
16100,0.248,0.248,0.248
16101,0.278,0.278,0.278
16102,0.268,0.268,0.268
16103,0.274,0.274,0.274
16104,0.272,0.272,0.272
16105,0.276,0.276,0.276
16106,0.28,0.28,0.28
16107,0.288,0.288,0.288
16108,0.302,0.302,0.302
16109,0.298,0.298,0.298
16110,0.31,0.31,0.31
16111,0.312,0.312,0.312
16112,0.358,0.358,0.358
16113,0.342,0.342,0.342
16114,0.338,0.338,0.338
16115,0.338,0.338,0.338
16116,0.344,0.344,0.344
16117,0.342,0.342,0.342
16118,0.33,0.33,0.33
16119,0.332,0.332,0.332
16120,0.342,0.342,0.342
16121,0.336,0.336,0.336
16122,0.382,0.382,0.382
16123,0.368,0.368,0.368
16124,0.35,0.35,0.35
16125,0.376,0.376,0.376
16126,0.406,0.406,0.406
16127,0.39,0.39,0.39
16128,0.39,0.39,0.39
16129,0.372,0.372,0.372
16130,0.368,0.368,0.368
16131,0.38,0.38,0.38
16132,0.368,0.368,0.368
16133,0.372,0.372,0.372
16134,0.358,0.358,0.358
16135,0.366,0.366,0.366
16136,0.372,0.372,0.372
16137,0.382,0.382,0.382
16138,0.388,0.388,0.388
16139,0.39,0.39,0.39
16140,0.382,0.382,0.382
16141,0.386,0.386,0.386
16142,0.416,0.416,0.416
16143,0.406,0.406,0.406
16144,0.406,0.406,0.406
16145,0.404,0.404,0.404
16146,0.404,0.404,0.404
16147,0.402,0.402,0.402
16148,0.404,0.404,0.404
16149,0.426,0.426,0.426
16150,0.422,0.422,0.422
16151,0.418,0.418,0.418
16152,0.418,0.418,0.418
16153,0.412,0.412,0.412
16154,0.414,0.414,0.414
16155,0.398,0.398,0.398
16156,0.388,0.388,0.388
16157,0.39,0.39,0.39
16158,0.378,0.378,0.378
16159,0.374,0.374,0.374
16160,0.384,0.384,0.384
16161,0.446,0.446,0.446
16162,0.432,0.432,0.432
16163,0.442,0.442,0.442
16164,0.44,0.44,0.44
16165,0.432,0.432,0.432
16166,0.436,0.436,0.436
16167,0.432,0.432,0.432
16168,0.43,0.43,0.43
16169,0.43,0.43,0.43
16170,0.41,0.41,0.41
16171,0.422,0.422,0.422
16172,0.43,0.43,0.43
16173,0.426,0.426,0.426
16174,0.42,0.42,0.42
16175,0.434,0.434,0.434
16176,0.422,0.422,0.422
16177,0.428,0.428,0.428
16178,0.44,0.44,0.44
16179,0.428,0.428,0.428
16180,0.428,0.428,0.428
16181,0.418,0.418,0.418
16182,0.41,0.41,0.41
16183,0.416,0.416,0.416
16184,0.402,0.402,0.402
16185,0.398,0.398,0.398
16186,0.394,0.394,0.394
16187,0.396,0.296,0.296
16188,0.384,0.282,0.282
16189,0.378,0.268,0.268
16190,0.37,0.24,0.24
16191,0.36,0.224,0.224
16192,0.35,0.218,0.218
16193,0.35,0.184,0.184
16194,0.346,0.182,0.182
16195,0.342,0.17,0.17
16196,0.336,0.166,0.166
16197,0.332,0.152,0.152
16198,0.326,0.148,0.148
16199,0.314,0.12,0.12
16200,0.318,0.116,0.116
16201,0.312,0.102,0.102
16202,0.294,0.066,0.066
16203,0.292,0.042,0.042
16204,0.294,0.036,0.036
16205,0.288,0.02,0.02
16206,0.284,0.018,0.018
16207,0.292,0.016,0.016
16208,0.306,0.016,0.016
16209,0.296,0.01,0.01
16210,0.282,0.01,0.01
16211,0.268,0.004,0.004
16212,0.24,0.004,0.004
16213,0.224,0.004,0.004
16214,0.218,0.004,0.004
16215,0.184,0,0
16216,0.182,0,0
16217,0.17,0,0
16218,0.166,0,0
16219,0.152,0,0
16220,0.148,0,0
16221,0.12,0,0
16222,0.116,0,0
16223,0.102,0,0
16224,0.066,0,0
16225,0.042,0,0
16226,0.036,0,0
16227,0.02,0,0
16228,0.018,0,0
16229,0.016,0,0
16230,0.016,0,0
16231,0.01,0,0
16232,0.01,0,0
16233,0.004,0,0
16234,0.004,0,0
16235,0.004,0,0
16236,0.004,0,0
16237,0,0,0
16238,0,0,0
16239,0,0,0
16240,0,0,0
16241,0,0,0
16242,0,0,0
16243,0,0,0
16244,0,0,0
16245,0,0,0
16246,0,0,0
16247,0,0,0
16248,0,0,0
16249,0,0,0
16250,0,0,0
16251,0,0,0
16252,0,0,0
16253,0,0,0
16254,0,0,0
16255,0,0,0
16256,0,0,0
16257,0,0,0
16258,0,0,0
16259,0,0,0
16260,0,0,0
16261,0,0,0
16262,0,0,0
16263,0,0,0
16264,0,0,0
16265,0,0,0
16266,0,0,0
16267,0,0,0
16268,0,0,0
16269,0,0,0
16270,0,0,0
16271,0,0,0
16272,0,0,0
16273,0,0,0
16274,0,0,0
16275,0,0,0
16276,0,0,0
16277,0,0,0
16278,0,0,0
16279,0,0,0
16280,0,0,0
16281,0,0,0
16282,0,0,0
16283,0,0,0
16284,0,0,0
16285,0,0,0
16286,0,0,0
16287,0.008,0.008,0.008
16288,0,0,0
16289,0,0,0
16290,0,0,0
16291,0,0,0
16292,0,0,0
16293,0,0,0
16294,0,0,0
16295,0,0,0
16296,0,0,0
16297,0,0,0
16298,0,0,0
16299,0,0,0
16300,0,0,0
16301,0,0,0
16302,0,0,0
16303,0,0,0
16304,0,0,0
16305,0,0,0
16306,0,0,0
16307,0,0,0
16308,0,0,0
16309,0,0,0
16310,0,0,0
16311,0,0,0
16312,0,0,0
16313,0,0,0
16314,0,0,0
16315,0,0,0
16316,0,0,0
16317,0.004,0.004,0.004
16318,0,0,0
16319,0,0,0
16320,0,0,0
16321,0,0,0
16322,0,0,0
16323,0,0,0
16324,0,0,0
16325,0,0,0
16326,0,0,0
16327,0,0,0
16328,0,0,0
16329,0.004,0.004,0.004
16330,0.01,0.01,0.01
16331,0.014,0.014,0.014
16332,0.018,0.018,0.018
16333,0.02,0.02,0.02
16334,0.018,0.018,0.018
16335,0.018,0.018,0.018
16336,0.052,0.052,0.052
16337,0.052,0.052,0.052
16338,0.052,0.052,0.052
16339,0.046,0.046,0.046
16340,0.044,0.044,0.044
16341,0.044,0.044,0.044
16342,0.05,0.05,0.05
16343,0.046,0.046,0.046
16344,0.044,0.044,0.044
16345,0.038,0.038,0.038
16346,0.038,0.038,0.038
16347,0.038,0.038,0.038
16348,0.048,0.048,0.048
16349,0.058,0.058,0.058
16350,0.068,0.068,0.068
16351,0.058,0.058,0.058
16352,0.054,0.054,0.054
16353,0.05,0.05,0.05
16354,0.072,0.072,0.072
16355,0.088,0.088,0.088
16356,0.11,0.11,0.11
16357,0.098,0.098,0.098
16358,0.112,0.112,0.112
16359,0.104,0.104,0.104
16360,0.134,0.134,0.134
16361,0.14,0.14,0.14
16362,0.122,0.122,0.122
16363,0.118,0.118,0.118
16364,0.12,0.12,0.12
16365,0.106,0.106,0.106
16366,0.072,0.072,0.072
16367,0.054,0.054,0.054
16368,0.054,0.054,0.054
16369,0.12,0.12,0.12
16370,0.168,0.168,0.168
16371,0.15,0.15,0.15
16372,0.128,0.128,0.128
16373,0.124,0.124,0.124
16374,0.146,0.146,0.146
16375,0.146,0.146,0.146
16376,0.144,0.144,0.144
16377,0.136,0.136,0.136
16378,0.132,0.132,0.132
16379,0.118,0.118,0.118
16380,0.13,0.13,0.13
16381,0.106,0.106,0.106
16382,0.116,0.116,0.116
16383,0.126,0.126,0.126
16384,0.12,0.12,0.12
16385,0.14,0.14,0.14
16386,0.126,0.126,0.126
16387,0.122,0.122,0.122
16388,0.118,0.118,0.118
16389,0.106,0.106,0.106
16390,0.118,0.118,0.118
16391,0.12,0.12,0.12
16392,0.108,0.108,0.108
16393,0.124,0.124,0.124
16394,0.126,0.126,0.126
16395,0.106,0.106,0.106
16396,0.098,0.098,0.098
16397,0.106,0.106,0.106
16398,0.116,0.116,0.116
16399,0.116,0.116,0.116
16400,0.13,0.13,0.13
16401,0.148,0.148,0.148
16402,0.154,0.154,0.154
16403,0.134,0.134,0.134
16404,0.154,0.154,0.154
16405,0.132,0.132,0.132
16406,0.126,0.126,0.126
16407,0.122,0.122,0.122
16408,0.134,0.134,0.134
16409,0.142,0.142,0.142
16410,0.136,0.136,0.136
16411,0.122,0.122,0.122
16412,0.16,0.16,0.16
16413,0.188,0.188,0.188
16414,0.154,0.154,0.154
16415,0.188,0.188,0.188
16416,0.17,0.17,0.17
16417,0.174,0.174,0.174
16418,0.17,0.17,0.17
16419,0.162,0.162,0.162
16420,0.158,0.158,0.158
16421,0.156,0.156,0.156
16422,0.164,0.164,0.164
16423,0.16,0.16,0.16
16424,0.164,0.164,0.164
16425,0.112,0.112,0.112
16426,0.154,0.154,0.154
16427,0.154,0.154,0.154
16428,0.154,0.154,0.154
16429,0.158,0.158,0.158
16430,0.156,0.156,0.156
16431,0.156,0.156,0.156
16432,0.16,0.16,0.16
16433,0.138,0.138,0.138
16434,0.15,0.15,0.15
16435,0.154,0.154,0.154
16436,0.162,0.162,0.162
16437,0.172,0.172,0.172
16438,0.17,0.17,0.17
16439,0.19,0.19,0.19
16440,0.23,0.23,0.23
16441,0.274,0.274,0.274
16442,0.246,0.246,0.246
16443,0.24,0.24,0.24
16444,0.276,0.276,0.276
16445,0.308,0.308,0.308
16446,0.248,0.248,0.248
16447,0.264,0.264,0.264
16448,0.262,0.262,0.262
16449,0.304,0.304,0.304
16450,0.302,0.302,0.302
16451,0.29,0.29,0.29
16452,0.246,0.246,0.246
16453,0.248,0.248,0.248
16454,0.244,0.244,0.244
16455,0.222,0.222,0.222
16456,0.228,0.228,0.228
16457,0.234,0.234,0.234
16458,0.238,0.238,0.238
16459,0.246,0.246,0.246
16460,0.242,0.242,0.242
16461,0.248,0.248,0.248
16462,0.238,0.238,0.238
16463,0.25,0.25,0.25
16464,0.248,0.248,0.248
16465,0.248,0.248,0.248
16466,0.278,0.278,0.278
16467,0.268,0.268,0.268
16468,0.274,0.274,0.274
16469,0.272,0.272,0.272
16470,0.276,0.276,0.276
16471,0.28,0.28,0.28
16472,0.288,0.288,0.288
16473,0.302,0.302,0.302
16474,0.298,0.298,0.298
16475,0.31,0.31,0.31
16476,0.312,0.312,0.312
16477,0.358,0.358,0.358
16478,0.342,0.342,0.342
16479,0.338,0.338,0.338
16480,0.338,0.338,0.338
16481,0.344,0.344,0.344
16482,0.342,0.342,0.342
16483,0.33,0.33,0.33
16484,0.332,0.332,0.332
16485,0.342,0.342,0.342
16486,0.336,0.336,0.336
16487,0.382,0.382,0.382
16488,0.368,0.368,0.368
16489,0.35,0.35,0.35
16490,0.376,0.376,0.376
16491,0.406,0.406,0.406
16492,0.39,0.39,0.39
16493,0.39,0.39,0.39
16494,0.372,0.372,0.372
16495,0.368,0.368,0.368
16496,0.38,0.38,0.38
16497,0.368,0.368,0.368
16498,0.372,0.372,0.372
16499,0.358,0.358,0.358
16500,0.366,0.366,0.366
16501,0.372,0.372,0.372
16502,0.382,0.382,0.382
16503,0.388,0.388,0.388
16504,0.39,0.39,0.39
16505,0.382,0.382,0.382
16506,0.386,0.386,0.386
16507,0.416,0.416,0.416
16508,0.406,0.406,0.406
16509,0.406,0.406,0.406
16510,0.404,0.404,0.404
16511,0.404,0.404,0.404
16512,0.402,0.402,0.402
16513,0.404,0.404,0.404
16514,0.426,0.426,0.426
16515,0.422,0.422,0.422
16516,0.418,0.418,0.418
16517,0.418,0.418,0.418
16518,0.412,0.412,0.412
16519,0.414,0.414,0.414
16520,0.398,0.398,0.398
16521,0.388,0.388,0.388
16522,0.39,0.39,0.39
16523,0.378,0.378,0.378
16524,0.374,0.374,0.374
16525,0.384,0.384,0.384
16526,0.446,0.446,0.446
16527,0.432,0.432,0.432
16528,0.442,0.442,0.442
16529,0.44,0.44,0.44
16530,0.432,0.432,0.432
16531,0.436,0.436,0.436
16532,0.432,0.432,0.432
16533,0.43,0.43,0.43
16534,0.43,0.43,0.43
16535,0.41,0.41,0.41
16536,0.422,0.422,0.422
16537,0.43,0.43,0.43
16538,0.426,0.426,0.426
16539,0.42,0.42,0.42
16540,0.434,0.434,0.434
16541,0.422,0.422,0.422
16542,0.428,0.428,0.428
16543,0.44,0.44,0.44
16544,0.428,0.428,0.428
16545,0.428,0.428,0.428
16546,0.418,0.418,0.418
16547,0.41,0.41,0.41
16548,0.416,0.416,0.416
16549,0.402,0.402,0.402
16550,0.398,0.398,0.398
16551,0.394,0.394,0.394
16552,0.396,0.296,0.296
16553,0.384,0.282,0.282
16554,0.378,0.268,0.268
16555,0.37,0.24,0.24
16556,0.36,0.224,0.224
16557,0.35,0.218,0.218
16558,0.35,0.184,0.184
16559,0.346,0.182,0.182
16560,0.342,0.17,0.17
16561,0.336,0.166,0.166
16562,0.332,0.152,0.152
16563,0.326,0.148,0.148
16564,0.314,0.12,0.12
16565,0.318,0.116,0.116
16566,0.312,0.102,0.102
16567,0.294,0.066,0.066
16568,0.292,0.042,0.042
16569,0.294,0.036,0.036
16570,0.288,0.02,0.02
16571,0.284,0.018,0.018
16572,0.292,0.016,0.016
16573,0.306,0.016,0.016
16574,0.296,0.01,0.01
16575,0.282,0.01,0.01
16576,0.268,0.004,0.004
16577,0.24,0.004,0.004
16578,0.224,0.004,0.004
16579,0.218,0.004,0.004
16580,0.184,0,0
16581,0.182,0,0
16582,0.17,0,0
16583,0.166,0,0
16584,0.152,0,0
16585,0.148,0,0
16586,0.12,0,0
16587,0.116,0,0
16588,0.102,0,0
16589,0.066,0,0
16590,0.042,0,0
16591,0.036,0,0
16592,0.02,0,0
16593,0.018,0,0
16594,0.016,0,0
16595,0.016,0,0
16596,0.01,0,0
16597,0.01,0,0
16598,0.004,0,0
16599,0.004,0,0
16600,0.004,0,0
16601,0.004,0,0
16602,0,0,0
16603,0,0,0
16604,0,0,0
16605,0,0,0
16606,0,0,0
16607,0,0,0
16608,0,0,0
16609,0,0,0
16610,0,0,0
16611,0,0,0
16612,0,0,0
16613,0,0,0
16614,0,0,0
16615,0,0,0
16616,0,0,0
16617,0,0,0
16618,0,0,0
16619,0,0,0
16620,0,0,0
16621,0,0,0
16622,0,0,0
16623,0,0,0
16624,0,0,0
16625,0,0,0
16626,0,0,0
16627,0,0,0
16628,0,0,0
16629,0,0,0
16630,0,0,0
16631,0,0,0
16632,0,0,0
16633,0,0,0
16634,0,0,0
16635,0,0,0
16636,0,0,0
16637,0,0,0
16638,0,0,0
16639,0,0,0
16640,0,0,0
16641,0,0,0
16642,0,0,0
16643,0,0,0
16644,0,0,0
16645,0,0,0
16646,0,0,0
16647,0,0,0
16648,0,0,0
16649,0,0,0
16650,0,0,0
16651,0,0,0
16652,0.008,0.008,0.008
16653,0,0,0
16654,0,0,0
16655,0,0,0
16656,0,0,0
16657,0,0,0
16658,0,0,0
16659,0,0,0
16660,0,0,0
16661,0,0,0
16662,0,0,0
16663,0,0,0
16664,0,0,0
16665,0,0,0
16666,0,0,0
16667,0,0,0
16668,0,0,0
16669,0,0,0
16670,0,0,0
16671,0,0,0
16672,0,0,0
16673,0,0,0
16674,0,0,0
16675,0,0,0
16676,0,0,0
16677,0,0,0
16678,0,0,0
16679,0,0,0
16680,0,0,0
16681,0,0,0
16682,0.004,0.004,0.004
16683,0,0,0
16684,0,0,0
16685,0,0,0
16686,0,0,0
16687,0,0,0
16688,0,0,0
16689,0,0,0
16690,0,0,0
16691,0,0,0
16692,0,0,0
16693,0,0,0
16694,0.004,0.004,0.004
16695,0.01,0.01,0.01
16696,0.014,0.014,0.014
16697,0.018,0.018,0.018
16698,0.02,0.02,0.02
16699,0.018,0.018,0.018
16700,0.018,0.018,0.018
16701,0.052,0.052,0.052
16702,0.052,0.052,0.052
16703,0.052,0.052,0.052
16704,0.046,0.046,0.046
16705,0.044,0.044,0.044
16706,0.044,0.044,0.044
16707,0.05,0.05,0.05
16708,0.046,0.046,0.046
16709,0.044,0.044,0.044
16710,0.038,0.038,0.038
16711,0.038,0.038,0.038
16712,0.038,0.038,0.038
16713,0.048,0.048,0.048
16714,0.058,0.058,0.058
16715,0.068,0.068,0.068
16716,0.058,0.058,0.058
16717,0.054,0.054,0.054
16718,0.05,0.05,0.05
16719,0.072,0.072,0.072
16720,0.088,0.088,0.088
16721,0.11,0.11,0.11
16722,0.098,0.098,0.098
16723,0.112,0.112,0.112
16724,0.104,0.104,0.104
16725,0.134,0.134,0.134
16726,0.14,0.14,0.14
16727,0.122,0.122,0.122
16728,0.118,0.118,0.118
16729,0.12,0.12,0.12
16730,0.106,0.106,0.106
16731,0.072,0.072,0.072
16732,0.054,0.054,0.054
16733,0.054,0.054,0.054
16734,0.12,0.12,0.12
16735,0.168,0.168,0.168
16736,0.15,0.15,0.15
16737,0.128,0.128,0.128
16738,0.124,0.124,0.124
16739,0.146,0.146,0.146
16740,0.146,0.146,0.146
16741,0.144,0.144,0.144
16742,0.136,0.136,0.136
16743,0.132,0.132,0.132
16744,0.118,0.118,0.118
16745,0.13,0.13,0.13
16746,0.106,0.106,0.106
16747,0.116,0.116,0.116
16748,0.126,0.126,0.126
16749,0.12,0.12,0.12
16750,0.14,0.14,0.14
16751,0.126,0.126,0.126
16752,0.122,0.122,0.122
16753,0.118,0.118,0.118
16754,0.106,0.106,0.106
16755,0.118,0.118,0.118
16756,0.12,0.12,0.12
16757,0.108,0.108,0.108
16758,0.124,0.124,0.124
16759,0.126,0.126,0.126
16760,0.106,0.106,0.106
16761,0.098,0.098,0.098
16762,0.106,0.106,0.106
16763,0.116,0.116,0.116
16764,0.116,0.116,0.116
16765,0.13,0.13,0.13
16766,0.148,0.148,0.148
16767,0.154,0.154,0.154
16768,0.134,0.134,0.134
16769,0.154,0.154,0.154
16770,0.132,0.132,0.132
16771,0.126,0.126,0.126
16772,0.122,0.122,0.122
16773,0.134,0.134,0.134
16774,0.142,0.142,0.142
16775,0.136,0.136,0.136
16776,0.122,0.122,0.122
16777,0.16,0.16,0.16
16778,0.188,0.188,0.188
16779,0.154,0.154,0.154
16780,0.188,0.188,0.188
16781,0.17,0.17,0.17
16782,0.174,0.174,0.174
16783,0.17,0.17,0.17
16784,0.162,0.162,0.162
16785,0.158,0.158,0.158
16786,0.156,0.156,0.156
16787,0.164,0.164,0.164
16788,0.16,0.16,0.16
16789,0.164,0.164,0.164
16790,0.112,0.112,0.112
16791,0.154,0.154,0.154
16792,0.154,0.154,0.154
16793,0.154,0.154,0.154
16794,0.158,0.158,0.158
16795,0.156,0.156,0.156
16796,0.156,0.156,0.156
16797,0.16,0.16,0.16
16798,0.138,0.138,0.138
16799,0.15,0.15,0.15
16800,0.154,0.154,0.154
16801,0.162,0.162,0.162
16802,0.172,0.172,0.172
16803,0.17,0.17,0.17
16804,0.19,0.19,0.19
16805,0.23,0.23,0.23
16806,0.274,0.274,0.274
16807,0.246,0.246,0.246
16808,0.24,0.24,0.24
16809,0.276,0.276,0.276
16810,0.308,0.308,0.308
16811,0.248,0.248,0.248
16812,0.264,0.264,0.264
16813,0.262,0.262,0.262
16814,0.304,0.304,0.304
16815,0.302,0.302,0.302
16816,0.29,0.29,0.29
16817,0.246,0.246,0.246
16818,0.248,0.248,0.248
16819,0.244,0.244,0.244
16820,0.222,0.222,0.222
16821,0.228,0.228,0.228
16822,0.234,0.234,0.234
16823,0.238,0.238,0.238
16824,0.246,0.246,0.246
16825,0.242,0.242,0.242
16826,0.248,0.248,0.248
16827,0.238,0.238,0.238
16828,0.25,0.25,0.25
16829,0.248,0.248,0.248
16830,0.248,0.248,0.248
16831,0.278,0.278,0.278
16832,0.268,0.268,0.268
16833,0.274,0.274,0.274
16834,0.272,0.272,0.272
16835,0.276,0.276,0.276
16836,0.28,0.28,0.28
16837,0.288,0.288,0.288
16838,0.302,0.302,0.302
16839,0.298,0.298,0.298
16840,0.31,0.31,0.31
16841,0.312,0.312,0.312
16842,0.358,0.358,0.358
16843,0.342,0.342,0.342
16844,0.338,0.338,0.338
16845,0.338,0.338,0.338
16846,0.344,0.344,0.344
16847,0.342,0.342,0.342
16848,0.33,0.33,0.33
16849,0.332,0.332,0.332
16850,0.342,0.342,0.342
16851,0.336,0.336,0.336
16852,0.382,0.382,0.382
16853,0.368,0.368,0.368
16854,0.35,0.35,0.35
16855,0.376,0.376,0.376
16856,0.406,0.406,0.406
16857,0.39,0.39,0.39
16858,0.39,0.39,0.39
16859,0.372,0.372,0.372
16860,0.368,0.368,0.368
16861,0.38,0.38,0.38
16862,0.368,0.368,0.368
16863,0.372,0.372,0.372
16864,0.358,0.358,0.358
16865,0.366,0.366,0.366
16866,0.372,0.372,0.372
16867,0.382,0.382,0.382
16868,0.388,0.388,0.388
16869,0.39,0.39,0.39
16870,0.382,0.382,0.382
16871,0.386,0.386,0.386
16872,0.416,0.416,0.416
16873,0.406,0.406,0.406
16874,0.406,0.406,0.406
16875,0.404,0.404,0.404
16876,0.404,0.404,0.404
16877,0.402,0.402,0.402
16878,0.404,0.404,0.404
16879,0.426,0.426,0.426
16880,0.422,0.422,0.422
16881,0.418,0.418,0.418
16882,0.418,0.418,0.418
16883,0.412,0.412,0.412
16884,0.414,0.414,0.414
16885,0.398,0.398,0.398
16886,0.388,0.388,0.388
16887,0.39,0.39,0.39
16888,0.378,0.378,0.378
16889,0.374,0.374,0.374
16890,0.384,0.384,0.384
16891,0.446,0.446,0.446
16892,0.432,0.432,0.432
16893,0.442,0.442,0.442
16894,0.44,0.44,0.44
16895,0.432,0.432,0.432
16896,0.436,0.436,0.436
16897,0.432,0.432,0.432
16898,0.43,0.43,0.43
16899,0.43,0.43,0.43
16900,0.41,0.41,0.41
16901,0.422,0.422,0.422
16902,0.43,0.43,0.43
16903,0.426,0.426,0.426
16904,0.42,0.42,0.42
16905,0.434,0.434,0.434
16906,0.422,0.422,0.422
16907,0.428,0.428,0.428
16908,0.44,0.44,0.44
16909,0.428,0.428,0.428
16910,0.428,0.428,0.428
16911,0.418,0.418,0.418
16912,0.41,0.41,0.41
16913,0.416,0.416,0.416
16914,0.402,0.402,0.402
16915,0.398,0.398,0.398
16916,0.394,0.296,0.296
16917,0.396,0.282,0.282
16918,0.384,0.268,0.268
16919,0.378,0.24,0.24
16920,0.37,0.224,0.224
16921,0.36,0.218,0.218
16922,0.35,0.184,0.184
16923,0.35,0.182,0.182
16924,0.346,0.17,0.17
16925,0.342,0.166,0.166
16926,0.336,0.152,0.152
16927,0.332,0.148,0.148
16928,0.326,0.12,0.12
16929,0.314,0.116,0.116
16930,0.318,0.102,0.102
16931,0.312,0.066,0.066
16932,0.294,0.042,0.042
16933,0.292,0.036,0.036
16934,0.294,0.02,0.02
16935,0.288,0.018,0.018
16936,0.284,0.016,0.016
16937,0.292,0.016,0.016
16938,0.306,0.01,0.01
16939,0.296,0.01,0.01
16940,0.282,0.004,0.004
16941,0.268,0.004,0.004
16942,0.24,0.004,0.004
16943,0.224,0.004,0.004
16944,0.218,0,0
16945,0.184,0,0
16946,0.182,0,0
16947,0.17,0,0
16948,0.166,0,0
16949,0.152,0,0
16950,0.148,0,0
16951,0.12,0,0
16952,0.116,0,0
16953,0.102,0,0
16954,0.066,0,0
16955,0.042,0,0
16956,0.036,0,0
16957,0.02,0,0
16958,0.018,0,0
16959,0.016,0,0
16960,0.016,0,0
16961,0.01,0,0
16962,0.01,0,0
16963,0.004,0,0
16964,0.004,0,0
16965,0.004,0,0
16966,0.004,0,0
16967,0,0,0
16968,0,0,0
16969,0,0,0
16970,0,0,0
16971,0,0,0
16972,0,0,0
16973,0,0,0
16974,0,0,0
16975,0,0,0
16976,0,0,0
16977,0,0,0
16978,0,0,0
16979,0,0,0
16980,0,0,0
16981,0,0,0
16982,0,0,0
16983,0,0,0
16984,0,0,0
16985,0,0,0
16986,0,0,0
16987,0,0,0
16988,0,0,0
16989,0,0,0
16990,0,0,0
16991,0,0,0
16992,0,0,0
16993,0,0,0
16994,0,0,0
16995,0,0,0
16996,0,0,0
16997,0,0,0
16998,0,0,0
16999,0,0,0
17000,0,0,0
17001,0,0,0
17002,0,0,0
17003,0,0,0
17004,0,0,0
17005,0,0,0
17006,0,0,0
17007,0,0,0
17008,0,0,0
17009,0,0,0
17010,0,0,0
17011,0,0,0
17012,0,0,0
17013,0,0,0
17014,0,0,0
17015,0,0,0
17016,0,0,0
17017,0.008,0.008,0.008
17018,0,0,0
17019,0,0,0
17020,0,0,0
17021,0,0,0
17022,0,0,0
17023,0,0,0
17024,0,0,0
17025,0,0,0
17026,0,0,0
17027,0,0,0
17028,0,0,0
17029,0,0,0
17030,0,0,0
17031,0,0,0
17032,0,0,0
17033,0,0,0
17034,0,0,0
17035,0,0,0
17036,0,0,0
17037,0,0,0
17038,0,0,0
17039,0,0,0
17040,0,0,0
17041,0,0,0
17042,0,0,0
17043,0,0,0
17044,0,0,0
17045,0,0,0
17046,0,0,0
17047,0.004,0.004,0.004
17048,0,0,0
17049,0,0,0
17050,0,0,0
17051,0,0,0
17052,0,0,0
17053,0,0,0
17054,0,0,0
17055,0,0,0
17056,0,0,0
17057,0,0,0
17058,0,0,0
17059,0.004,0.004,0.004
17060,0.01,0.01,0.01
17061,0.014,0.014,0.014
17062,0.018,0.018,0.018
17063,0.02,0.02,0.02
17064,0.018,0.018,0.018
17065,0.018,0.018,0.018
17066,0.052,0.052,0.052
17067,0.052,0.052,0.052
17068,0.052,0.052,0.052
17069,0.046,0.046,0.046
17070,0.044,0.044,0.044
17071,0.044,0.044,0.044
17072,0.05,0.05,0.05
17073,0.046,0.046,0.046
17074,0.044,0.044,0.044
17075,0.038,0.038,0.038
17076,0.038,0.038,0.038
17077,0.038,0.038,0.038
17078,0.048,0.048,0.048
17079,0.058,0.058,0.058
17080,0.068,0.068,0.068
17081,0.058,0.058,0.058
17082,0.054,0.054,0.054
17083,0.05,0.05,0.05
17084,0.072,0.072,0.072
17085,0.088,0.088,0.088
17086,0.11,0.11,0.11
17087,0.098,0.098,0.098
17088,0.112,0.112,0.112
17089,0.104,0.104,0.104
17090,0.134,0.134,0.134
17091,0.14,0.14,0.14
17092,0.122,0.122,0.122
17093,0.118,0.118,0.118
17094,0.12,0.12,0.12
17095,0.106,0.106,0.106
17096,0.072,0.072,0.072
17097,0.054,0.054,0.054
17098,0.054,0.054,0.054
17099,0.12,0.12,0.12
17100,0.168,0.168,0.168
17101,0.15,0.15,0.15
17102,0.128,0.128,0.128
17103,0.124,0.124,0.124
17104,0.146,0.146,0.146
17105,0.146,0.146,0.146
17106,0.144,0.144,0.144
17107,0.136,0.136,0.136
17108,0.132,0.132,0.132
17109,0.118,0.118,0.118
17110,0.13,0.13,0.13
17111,0.106,0.106,0.106
17112,0.116,0.116,0.116
17113,0.126,0.126,0.126
17114,0.12,0.12,0.12
17115,0.14,0.14,0.14
17116,0.126,0.126,0.126
17117,0.122,0.122,0.122
17118,0.118,0.118,0.118
17119,0.106,0.106,0.106
17120,0.118,0.118,0.118
17121,0.12,0.12,0.12
17122,0.108,0.108,0.108
17123,0.124,0.124,0.124
17124,0.126,0.126,0.126
17125,0.106,0.106,0.106
17126,0.098,0.098,0.098
17127,0.106,0.106,0.106
17128,0.116,0.116,0.116
17129,0.116,0.116,0.116
17130,0.13,0.13,0.13
17131,0.148,0.148,0.148
17132,0.154,0.154,0.154
17133,0.134,0.134,0.134
17134,0.154,0.154,0.154
17135,0.132,0.132,0.132
17136,0.126,0.126,0.126
17137,0.122,0.122,0.122
17138,0.134,0.134,0.134
17139,0.142,0.142,0.142
17140,0.136,0.136,0.136
17141,0.122,0.122,0.122
17142,0.16,0.16,0.16
17143,0.188,0.188,0.188
17144,0.154,0.154,0.154
17145,0.188,0.188,0.188
17146,0.17,0.17,0.17
17147,0.174,0.174,0.174
17148,0.17,0.17,0.17
17149,0.162,0.162,0.162
17150,0.158,0.158,0.158
17151,0.156,0.156,0.156
17152,0.164,0.164,0.164
17153,0.16,0.16,0.16
17154,0.164,0.164,0.164
17155,0.112,0.112,0.112
17156,0.154,0.154,0.154
17157,0.154,0.154,0.154
17158,0.154,0.154,0.154
17159,0.158,0.158,0.158
17160,0.156,0.156,0.156
17161,0.156,0.156,0.156
17162,0.16,0.16,0.16
17163,0.138,0.138,0.138
17164,0.15,0.15,0.15
17165,0.154,0.154,0.154
17166,0.162,0.162,0.162
17167,0.172,0.172,0.172
17168,0.17,0.17,0.17
17169,0.19,0.19,0.19
17170,0.23,0.23,0.23
17171,0.274,0.274,0.274
17172,0.246,0.246,0.246
17173,0.24,0.24,0.24
17174,0.276,0.276,0.276
17175,0.308,0.308,0.308
17176,0.248,0.248,0.248
17177,0.264,0.264,0.264
17178,0.262,0.262,0.262
17179,0.304,0.304,0.304
17180,0.302,0.302,0.302
17181,0.29,0.29,0.29
17182,0.246,0.246,0.246
17183,0.248,0.248,0.248
17184,0.244,0.244,0.244
17185,0.222,0.222,0.222
17186,0.228,0.228,0.228
17187,0.234,0.234,0.234
17188,0.238,0.238,0.238
17189,0.246,0.246,0.246
17190,0.242,0.242,0.242
17191,0.248,0.248,0.248
17192,0.238,0.238,0.238
17193,0.25,0.25,0.25
17194,0.248,0.248,0.248
17195,0.248,0.248,0.248
17196,0.278,0.278,0.278
17197,0.268,0.268,0.268
17198,0.274,0.274,0.274
17199,0.272,0.272,0.272
17200,0.276,0.276,0.276
17201,0.28,0.28,0.28
17202,0.288,0.288,0.288
17203,0.302,0.302,0.302
17204,0.298,0.298,0.298
17205,0.31,0.31,0.31
17206,0.312,0.312,0.312
17207,0.358,0.358,0.358
17208,0.342,0.342,0.342
17209,0.338,0.338,0.338
17210,0.338,0.338,0.338
17211,0.344,0.344,0.344
17212,0.342,0.342,0.342
17213,0.33,0.33,0.33
17214,0.332,0.332,0.332
17215,0.342,0.342,0.342
17216,0.336,0.336,0.336
17217,0.382,0.382,0.382
17218,0.368,0.368,0.368
17219,0.35,0.35,0.35
17220,0.376,0.376,0.376
17221,0.406,0.406,0.406
17222,0.39,0.39,0.39
17223,0.39,0.39,0.39
17224,0.372,0.372,0.372
17225,0.368,0.368,0.368
17226,0.38,0.38,0.38
17227,0.368,0.368,0.368
17228,0.372,0.372,0.372
17229,0.358,0.358,0.358
17230,0.366,0.366,0.366
17231,0.372,0.372,0.372
17232,0.382,0.382,0.382
17233,0.388,0.388,0.388
17234,0.39,0.39,0.39
17235,0.382,0.382,0.382
17236,0.386,0.386,0.386
17237,0.416,0.416,0.416
17238,0.406,0.406,0.406
17239,0.406,0.406,0.406
17240,0.404,0.404,0.404
17241,0.404,0.404,0.404
17242,0.402,0.402,0.402
17243,0.404,0.404,0.404
17244,0.426,0.426,0.426
17245,0.422,0.422,0.422
17246,0.418,0.418,0.418
17247,0.418,0.418,0.418
17248,0.412,0.412,0.412
17249,0.414,0.414,0.414
17250,0.398,0.398,0.398
17251,0.388,0.388,0.388
17252,0.39,0.39,0.39
17253,0.378,0.378,0.378
17254,0.374,0.374,0.374
17255,0.384,0.384,0.384
17256,0.446,0.446,0.446
17257,0.432,0.432,0.432
17258,0.442,0.442,0.442
17259,0.44,0.44,0.44
17260,0.432,0.432,0.432
17261,0.436,0.436,0.436
17262,0.432,0.432,0.432
17263,0.43,0.43,0.43
17264,0.43,0.43,0.43
17265,0.41,0.41,0.41
17266,0.422,0.422,0.422
17267,0.43,0.43,0.43
17268,0.426,0.426,0.426
17269,0.42,0.42,0.42
17270,0.434,0.434,0.434
17271,0.422,0.422,0.422
17272,0.428,0.428,0.428
17273,0.44,0.44,0.44
17274,0.428,0.428,0.428
17275,0.428,0.428,0.428
17276,0.418,0.418,0.418
17277,0.41,0.41,0.41
17278,0.416,0.416,0.416
17279,0.402,0.402,0.402
17280,0.398,0.398,0.398
17281,0.394,0.296,0.296
17282,0.396,0.282,0.282
17283,0.384,0.268,0.268
17284,0.378,0.24,0.24
17285,0.37,0.224,0.224
17286,0.36,0.218,0.218
17287,0.35,0.184,0.184
17288,0.35,0.182,0.182
17289,0.346,0.17,0.17
17290,0.342,0.166,0.166
17291,0.336,0.152,0.152
17292,0.332,0.148,0.148
17293,0.326,0.12,0.12
17294,0.314,0.116,0.116
17295,0.318,0.102,0.102
17296,0.312,0.066,0.066
17297,0.294,0.042,0.042
17298,0.292,0.036,0.036
17299,0.294,0.02,0.02
17300,0.288,0.018,0.018
17301,0.284,0.016,0.016
17302,0.292,0.016,0.016
17303,0.306,0.01,0.01
17304,0.296,0.01,0.01
17305,0.282,0.004,0.004
17306,0.268,0.004,0.004
17307,0.24,0.004,0.004
17308,0.224,0.004,0.004
17309,0.218,0,0
17310,0.184,0,0
17311,0.182,0,0
17312,0.17,0,0
17313,0.166,0,0
17314,0.152,0,0
17315,0.148,0,0
17316,0.12,0,0
17317,0.116,0,0
17318,0.102,0,0
17319,0.066,0,0
17320,0.042,0,0
17321,0.036,0,0
17322,0.02,0,0
17323,0.018,0,0
17324,0.016,0,0
17325,0.016,0,0
17326,0.01,0,0
17327,0.01,0,0
17328,0.004,0,0
17329,0.004,0,0
17330,0.004,0,0
17331,0.004,0,0
17332,0,0,0
17333,0,0,0
17334,0,0,0
17335,0,0,0
17336,0,0,0
17337,0,0,0
17338,0,0,0
17339,0,0,0
17340,0,0,0
17341,0,0,0
17342,0,0,0
17343,0,0,0
17344,0,0,0
17345,0,0,0
17346,0,0,0
17347,0,0,0
17348,0,0,0
17349,0,0,0
17350,0,0,0
17351,0,0,0
17352,0,0,0
17353,0,0,0
17354,0,0,0
17355,0,0,0
17356,0,0,0
17357,0,0,0
17358,0,0,0
17359,0,0,0
17360,0,0,0
17361,0,0,0
17362,0,0,0
17363,0,0,0
17364,0,0,0
17365,0,0,0
17366,0,0,0
17367,0,0,0
17368,0,0,0
17369,0,0,0
17370,0,0,0
17371,0,0,0
17372,0,0,0
17373,0,0,0
17374,0,0,0
17375,0,0,0
17376,0,0,0
17377,0,0,0
17378,0,0,0
17379,0,0,0
17380,0,0,0
17381,0,0,0
17382,0.008,0.008,0.008
17383,0,0,0
17384,0,0,0
17385,0,0,0
17386,0,0,0
17387,0,0,0
17388,0,0,0
17389,0,0,0
17390,0,0,0
17391,0,0,0
17392,0,0,0
17393,0,0,0
17394,0,0,0
17395,0,0,0
17396,0,0,0
17397,0,0,0
17398,0,0,0
17399,0,0,0
17400,0,0,0
17401,0,0,0
17402,0,0,0
17403,0,0,0
17404,0,0,0
17405,0,0,0
17406,0,0,0
17407,0,0,0
17408,0,0,0
17409,0,0,0
17410,0,0,0
17411,0,0,0
17412,0.004,0.004,0.004
17413,0,0,0
17414,0,0,0
17415,0,0,0
17416,0,0,0
17417,0,0,0
17418,0,0,0
17419,0,0,0
17420,0,0,0
17421,0,0,0
17422,0,0,0
17423,0,0,0
17424,0.004,0.004,0.004
17425,0.01,0.01,0.01
17426,0.014,0.014,0.014
17427,0.018,0.018,0.018
17428,0.02,0.02,0.02
17429,0.018,0.018,0.018
17430,0.018,0.018,0.018
17431,0.052,0.052,0.052
17432,0.052,0.052,0.052
17433,0.052,0.052,0.052
17434,0.046,0.046,0.046
17435,0.044,0.044,0.044
17436,0.044,0.044,0.044
17437,0.05,0.05,0.05
17438,0.046,0.046,0.046
17439,0.044,0.044,0.044
17440,0.038,0.038,0.038
17441,0.038,0.038,0.038
17442,0.038,0.038,0.038
17443,0.048,0.048,0.048
17444,0.058,0.058,0.058
17445,0.068,0.068,0.068
17446,0.058,0.058,0.058
17447,0.054,0.054,0.054
17448,0.05,0.05,0.05
17449,0.072,0.072,0.072
17450,0.088,0.088,0.088
17451,0.11,0.11,0.11
17452,0.098,0.098,0.098
17453,0.112,0.112,0.112
17454,0.104,0.104,0.104
17455,0.134,0.134,0.134
17456,0.14,0.14,0.14
17457,0.122,0.122,0.122
17458,0.118,0.118,0.118
17459,0.12,0.12,0.12
17460,0.106,0.106,0.106
17461,0.072,0.072,0.072
17462,0.054,0.054,0.054
17463,0.054,0.054,0.054
17464,0.12,0.12,0.12
17465,0.168,0.168,0.168
17466,0.15,0.15,0.15
17467,0.128,0.128,0.128
17468,0.124,0.124,0.124
17469,0.146,0.146,0.146
17470,0.146,0.146,0.146
17471,0.144,0.144,0.144
17472,0.136,0.136,0.136
17473,0.132,0.132,0.132
17474,0.118,0.118,0.118
17475,0.13,0.13,0.13
17476,0.106,0.106,0.106
17477,0.116,0.116,0.116
17478,0.126,0.126,0.126
17479,0.12,0.12,0.12
17480,0.14,0.14,0.14
17481,0.126,0.126,0.126
17482,0.122,0.122,0.122
17483,0.118,0.118,0.118
17484,0.106,0.106,0.106
17485,0.118,0.118,0.118
17486,0.12,0.12,0.12
17487,0.108,0.108,0.108
17488,0.124,0.124,0.124
17489,0.126,0.126,0.126
17490,0.106,0.106,0.106
17491,0.098,0.098,0.098
17492,0.106,0.106,0.106
17493,0.116,0.116,0.116
17494,0.116,0.116,0.116
17495,0.13,0.13,0.13
17496,0.148,0.148,0.148
17497,0.154,0.154,0.154
17498,0.134,0.134,0.134
17499,0.154,0.154,0.154
17500,0.132,0.132,0.132
17501,0.126,0.126,0.126
17502,0.122,0.122,0.122
17503,0.134,0.134,0.134
17504,0.142,0.142,0.142
17505,0.136,0.136,0.136
17506,0.122,0.122,0.122
17507,0.16,0.16,0.16
17508,0.188,0.188,0.188
17509,0.154,0.154,0.154
17510,0.188,0.188,0.188
17511,0.17,0.17,0.17
17512,0.174,0.174,0.174
17513,0.17,0.17,0.17
17514,0.162,0.162,0.162
17515,0.158,0.158,0.158
17516,0.156,0.156,0.156
17517,0.164,0.164,0.164
17518,0.16,0.16,0.16
17519,0.164,0.164,0.164
17520,0.112,0.112,0.112
17521,0.154,0.154,0.154
17522,0.154,0.154,0.154
17523,0.154,0.154,0.154
17524,0.158,0.158,0.158
17525,0.156,0.156,0.156
17526,0.156,0.156,0.156
17527,0.16,0.16,0.16
17528,0.138,0.138,0.138
17529,0.15,0.15,0.15
17530,0.154,0.154,0.154
17531,0.162,0.162,0.162
17532,0.172,0.172,0.172
17533,0.17,0.17,0.17
17534,0.19,0.19,0.19
17535,0.23,0.23,0.23
17536,0.274,0.274,0.274
17537,0.246,0.246,0.246
17538,0.24,0.24,0.24
17539,0.276,0.276,0.276
17540,0.308,0.308,0.308
17541,0.248,0.248,0.248
17542,0.264,0.264,0.264
17543,0.262,0.262,0.262
17544,0.304,0.304,0.304
17545,0.302,0.302,0.302
17546,0.29,0.29,0.29
17547,0.246,0.246,0.246
17548,0.248,0.248,0.248
17549,0.244,0.244,0.244
17550,0.222,0.222,0.222
17551,0.228,0.228,0.228
17552,0.234,0.234,0.234
17553,0.238,0.238,0.238
17554,0.246,0.246,0.246
17555,0.242,0.242,0.242
17556,0.248,0.248,0.248
17557,0.238,0.238,0.238
17558,0.25,0.25,0.25
17559,0.248,0.248,0.248
17560,0.248,0.248,0.248
17561,0.278,0.278,0.278
17562,0.268,0.268,0.268
17563,0.274,0.274,0.274
17564,0.272,0.272,0.272
17565,0.276,0.276,0.276
17566,0.28,0.28,0.28
17567,0.288,0.288,0.288
17568,0.302,0.302,0.302
17569,0.298,0.298,0.298
17570,0.31,0.31,0.31
17571,0.312,0.312,0.312
17572,0.358,0.358,0.358
17573,0.342,0.342,0.342
17574,0.338,0.338,0.338
17575,0.338,0.338,0.338
17576,0.344,0.344,0.344
17577,0.342,0.342,0.342
17578,0.33,0.33,0.33
17579,0.332,0.332,0.332
17580,0.342,0.342,0.342
17581,0.336,0.336,0.336
17582,0.382,0.382,0.382
17583,0.368,0.368,0.368
17584,0.35,0.35,0.35
17585,0.376,0.376,0.376
17586,0.406,0.406,0.406
17587,0.39,0.39,0.39
17588,0.39,0.39,0.39
17589,0.372,0.372,0.372
17590,0.368,0.368,0.368
17591,0.38,0.38,0.38
17592,0.368,0.368,0.368
17593,0.372,0.372,0.372
17594,0.358,0.358,0.358
17595,0.366,0.366,0.366
17596,0.372,0.372,0.372
17597,0.382,0.382,0.382
17598,0.388,0.388,0.388
17599,0.39,0.39,0.39
17600,0.382,0.382,0.382
17601,0.386,0.386,0.386
17602,0.416,0.416,0.416
17603,0.406,0.406,0.406
17604,0.406,0.406,0.406
17605,0.404,0.404,0.404
17606,0.404,0.404,0.404
17607,0.402,0.402,0.402
17608,0.404,0.404,0.404
17609,0.426,0.426,0.426
17610,0.422,0.422,0.422
17611,0.418,0.418,0.418
17612,0.418,0.418,0.418
17613,0.412,0.412,0.412
17614,0.414,0.414,0.414
17615,0.398,0.398,0.398
17616,0.388,0.388,0.388
17617,0.39,0.39,0.39
17618,0.378,0.378,0.378
17619,0.374,0.374,0.374
17620,0.384,0.384,0.384
17621,0.446,0.446,0.446
17622,0.432,0.432,0.432
17623,0.442,0.442,0.442
17624,0.44,0.44,0.44
17625,0.432,0.432,0.432
17626,0.436,0.436,0.436
17627,0.432,0.432,0.432
17628,0.43,0.43,0.43
17629,0.43,0.43,0.43
17630,0.41,0.41,0.41
17631,0.422,0.422,0.422
17632,0.43,0.43,0.43
17633,0.426,0.426,0.426
17634,0.42,0.42,0.42
17635,0.434,0.434,0.434
17636,0.422,0.422,0.422
17637,0.428,0.428,0.428
17638,0.44,0.44,0.44
17639,0.428,0.428,0.428
17640,0.428,0.428,0.428
17641,0.418,0.418,0.418
17642,0.41,0.41,0.41
17643,0.416,0.416,0.416
17644,0.402,0.402,0.402
17645,0.398,0.296,0.296
17646,0.394,0.282,0.282
17647,0.396,0.268,0.268
17648,0.384,0.24,0.24
17649,0.378,0.224,0.224
17650,0.37,0.218,0.218
17651,0.36,0.184,0.184
17652,0.35,0.182,0.182
17653,0.35,0.17,0.17
17654,0.346,0.166,0.166
17655,0.342,0.152,0.152
17656,0.336,0.148,0.148
17657,0.332,0.12,0.12
17658,0.326,0.116,0.116
17659,0.314,0.102,0.102
17660,0.318,0.066,0.066
17661,0.312,0.042,0.042
17662,0.294,0.036,0.036
17663,0.292,0.02,0.02
17664,0.294,0.018,0.018
17665,0.288,0.016,0.016
17666,0.284,0.016,0.016
17667,0.292,0.01,0.01
17668,0.306,0.01,0.01
17669,0.296,0.004,0.004
17670,0.282,0.004,0.004
17671,0.268,0.004,0.004
17672,0.24,0.004,0.004
17673,0.224,0,0
17674,0.218,0,0
17675,0.184,0,0
17676,0.182,0,0
17677,0.17,0,0
17678,0.166,0,0
17679,0.152,0,0
17680,0.148,0,0
17681,0.12,0,0
17682,0.116,0,0
17683,0.102,0,0
17684,0.066,0,0
17685,0.042,0,0
17686,0.036,0,0
17687,0.02,0,0
17688,0.018,0,0
17689,0.016,0,0
17690,0.016,0,0
17691,0.01,0,0
17692,0.01,0,0
17693,0.004,0,0
17694,0.004,0,0
17695,0.004,0,0
17696,0.004,0,0
17697,0,0,0
17698,0,0,0
17699,0,0,0
17700,0,0,0
17701,0,0,0
17702,0,0,0
17703,0,0,0
17704,0,0,0
17705,0,0,0
17706,0,0,0
17707,0,0,0
17708,0,0,0
17709,0,0,0
17710,0,0,0
17711,0,0,0
17712,0,0,0
17713,0,0,0
17714,0,0,0
17715,0,0,0
17716,0,0,0
17717,0,0,0
17718,0,0,0
17719,0,0,0
17720,0,0,0
17721,0,0,0
17722,0,0,0
17723,0,0,0
17724,0,0,0
17725,0,0,0
17726,0,0,0
17727,0,0,0
17728,0,0,0
17729,0,0,0
17730,0,0,0
17731,0,0,0
17732,0,0,0
17733,0,0,0
17734,0,0,0
17735,0,0,0
17736,0,0,0
17737,0,0,0
17738,0,0,0
17739,0,0,0
17740,0,0,0
17741,0,0,0
17742,0,0,0
17743,0,0,0
17744,0,0,0
17745,0,0,0
17746,0,0,0
17747,0.008,0.008,0.008
17748,0,0,0
17749,0,0,0
17750,0,0,0
17751,0,0,0
17752,0,0,0
17753,0,0,0
17754,0,0,0
17755,0,0,0
17756,0,0,0
17757,0,0,0
17758,0,0,0
17759,0,0,0
17760,0,0,0
17761,0,0,0
17762,0,0,0
17763,0,0,0
17764,0,0,0
17765,0,0,0
17766,0,0,0
17767,0,0,0
17768,0,0,0
17769,0,0,0
17770,0,0,0
17771,0,0,0
17772,0,0,0
17773,0,0,0
17774,0,0,0
17775,0,0,0
17776,0,0,0
17777,0.004,0.004,0.004
17778,0,0,0
17779,0,0,0
17780,0,0,0
17781,0,0,0
17782,0,0,0
17783,0,0,0
17784,0,0,0
17785,0,0,0
17786,0,0,0
17787,0,0,0
17788,0,0,0
17789,0.004,0.004,0.004
17790,0.01,0.01,0.01
17791,0.014,0.014,0.014
17792,0.018,0.018,0.018
17793,0.02,0.02,0.02
17794,0.018,0.018,0.018
17795,0.018,0.018,0.018
17796,0.052,0.052,0.052
17797,0.052,0.052,0.052
17798,0.052,0.052,0.052
17799,0.046,0.046,0.046
17800,0.044,0.044,0.044
17801,0.044,0.044,0.044
17802,0.05,0.05,0.05
17803,0.046,0.046,0.046
17804,0.044,0.044,0.044
17805,0.038,0.038,0.038
17806,0.038,0.038,0.038
17807,0.038,0.038,0.038
17808,0.048,0.048,0.048
17809,0.058,0.058,0.058
17810,0.068,0.068,0.068
17811,0.058,0.058,0.058
17812,0.054,0.054,0.054
17813,0.05,0.05,0.05
17814,0.072,0.072,0.072
17815,0.088,0.088,0.088
17816,0.11,0.11,0.11
17817,0.098,0.098,0.098
17818,0.112,0.112,0.112
17819,0.104,0.104,0.104
17820,0.134,0.134,0.134
17821,0.14,0.14,0.14
17822,0.122,0.122,0.122
17823,0.118,0.118,0.118
17824,0.12,0.12,0.12
17825,0.106,0.106,0.106
17826,0.072,0.072,0.072
17827,0.054,0.054,0.054
17828,0.054,0.054,0.054
17829,0.12,0.12,0.12
17830,0.168,0.168,0.168
17831,0.15,0.15,0.15
17832,0.128,0.128,0.128
17833,0.124,0.124,0.124
17834,0.146,0.146,0.146
17835,0.146,0.146,0.146
17836,0.144,0.144,0.144
17837,0.136,0.136,0.136
17838,0.132,0.132,0.132
17839,0.118,0.118,0.118
17840,0.13,0.13,0.13
17841,0.106,0.106,0.106
17842,0.116,0.116,0.116
17843,0.126,0.126,0.126
17844,0.12,0.12,0.12
17845,0.14,0.14,0.14
17846,0.126,0.126,0.126
17847,0.122,0.122,0.122
17848,0.118,0.118,0.118
17849,0.106,0.106,0.106
17850,0.118,0.118,0.118
17851,0.12,0.12,0.12
17852,0.108,0.108,0.108
17853,0.124,0.124,0.124
17854,0.126,0.126,0.126
17855,0.106,0.106,0.106
17856,0.098,0.098,0.098
17857,0.106,0.106,0.106
17858,0.116,0.116,0.116
17859,0.116,0.116,0.116
17860,0.13,0.13,0.13
17861,0.148,0.148,0.148
17862,0.154,0.154,0.154
17863,0.134,0.134,0.134
17864,0.154,0.154,0.154
17865,0.132,0.132,0.132
17866,0.126,0.126,0.126
17867,0.122,0.122,0.122
17868,0.134,0.134,0.134
17869,0.142,0.142,0.142
17870,0.136,0.136,0.136
17871,0.122,0.122,0.122
17872,0.16,0.16,0.16
17873,0.188,0.188,0.188
17874,0.154,0.154,0.154
17875,0.188,0.188,0.188
17876,0.17,0.17,0.17
17877,0.174,0.174,0.174
17878,0.17,0.17,0.17
17879,0.162,0.162,0.162
17880,0.158,0.158,0.158
17881,0.156,0.156,0.156
17882,0.164,0.164,0.164
17883,0.16,0.16,0.16
17884,0.164,0.164,0.164
17885,0.112,0.112,0.112
17886,0.154,0.154,0.154
17887,0.154,0.154,0.154
17888,0.154,0.154,0.154
17889,0.158,0.158,0.158
17890,0.156,0.156,0.156
17891,0.156,0.156,0.156
17892,0.16,0.16,0.16
17893,0.138,0.138,0.138
17894,0.15,0.15,0.15
17895,0.154,0.154,0.154
17896,0.162,0.162,0.162
17897,0.172,0.172,0.172
17898,0.17,0.17,0.17
17899,0.19,0.19,0.19
17900,0.23,0.23,0.23
17901,0.274,0.274,0.274
17902,0.246,0.246,0.246
17903,0.24,0.24,0.24
17904,0.276,0.276,0.276
17905,0.308,0.308,0.308
17906,0.248,0.248,0.248
17907,0.264,0.264,0.264
17908,0.262,0.262,0.262
17909,0.304,0.304,0.304
17910,0.302,0.302,0.302
17911,0.29,0.29,0.29
17912,0.246,0.246,0.246
17913,0.248,0.248,0.248
17914,0.244,0.244,0.244
17915,0.222,0.222,0.222
17916,0.228,0.228,0.228
17917,0.234,0.234,0.234
17918,0.238,0.238,0.238
17919,0.246,0.246,0.246
17920,0.242,0.242,0.242
17921,0.248,0.248,0.248
17922,0.238,0.238,0.238
17923,0.25,0.25,0.25
17924,0.248,0.248,0.248
17925,0.248,0.248,0.248
17926,0.278,0.278,0.278
17927,0.268,0.268,0.268
17928,0.274,0.274,0.274
17929,0.272,0.272,0.272
17930,0.276,0.276,0.276
17931,0.28,0.28,0.28
17932,0.288,0.288,0.288
17933,0.302,0.302,0.302
17934,0.298,0.298,0.298
17935,0.31,0.31,0.31
17936,0.312,0.312,0.312
17937,0.358,0.358,0.358
17938,0.342,0.342,0.342
17939,0.338,0.338,0.338
17940,0.338,0.338,0.338
17941,0.344,0.344,0.344
17942,0.342,0.342,0.342
17943,0.33,0.33,0.33
17944,0.332,0.332,0.332
17945,0.342,0.342,0.342
17946,0.336,0.336,0.336
17947,0.382,0.382,0.382
17948,0.368,0.368,0.368
17949,0.35,0.35,0.35
17950,0.376,0.376,0.376
17951,0.406,0.406,0.406
17952,0.39,0.39,0.39
17953,0.39,0.39,0.39
17954,0.372,0.372,0.372
17955,0.368,0.368,0.368
17956,0.38,0.38,0.38
17957,0.368,0.368,0.368
17958,0.372,0.372,0.372
17959,0.358,0.358,0.358
17960,0.366,0.366,0.366
17961,0.372,0.372,0.372
17962,0.382,0.382,0.382
17963,0.388,0.388,0.388
17964,0.39,0.39,0.39
17965,0.382,0.382,0.382
17966,0.386,0.386,0.386
17967,0.416,0.416,0.416
17968,0.406,0.406,0.406
17969,0.406,0.406,0.406
17970,0.404,0.404,0.404
17971,0.404,0.404,0.404
17972,0.402,0.402,0.402
17973,0.404,0.404,0.404
17974,0.426,0.426,0.426
17975,0.422,0.422,0.422
17976,0.418,0.418,0.418
17977,0.418,0.418,0.418
17978,0.412,0.412,0.412
17979,0.414,0.414,0.414
17980,0.398,0.398,0.398
17981,0.388,0.388,0.388
17982,0.39,0.39,0.39
17983,0.378,0.378,0.378
17984,0.374,0.374,0.374
17985,0.384,0.384,0.384
17986,0.446,0.446,0.446
17987,0.432,0.432,0.432
17988,0.442,0.442,0.442
17989,0.44,0.44,0.44
17990,0.432,0.432,0.432
17991,0.436,0.436,0.436
17992,0.432,0.432,0.432
17993,0.43,0.43,0.43
17994,0.43,0.43,0.43
17995,0.41,0.41,0.41
17996,0.422,0.422,0.422
17997,0.43,0.43,0.43
17998,0.426,0.426,0.426
17999,0.42,0.42,0.42
18000,0.434,0.434,0.434
18001,0.422,0.422,0.422
18002,0.428,0.428,0.428
18003,0.44,0.44,0.44
18004,0.428,0.428,0.428
18005,0.428,0.428,0.428
18006,0.418,0.418,0.418
18007,0.41,0.41,0.41
18008,0.416,0.416,0.416
18009,0.402,0.402,0.402
18010,0.398,0.296,0.296
18011,0.394,0.282,0.282
18012,0.396,0.268,0.268
18013,0.384,0.24,0.24
18014,0.378,0.224,0.224
18015,0.37,0.218,0.218
18016,0.36,0.184,0.184
18017,0.35,0.182,0.182
18018,0.35,0.17,0.17
18019,0.346,0.166,0.166
18020,0.342,0.152,0.152
18021,0.336,0.148,0.148
18022,0.332,0.12,0.12
18023,0.326,0.116,0.116
18024,0.314,0.102,0.102
18025,0.318,0.066,0.066
18026,0.312,0.042,0.042
18027,0.294,0.036,0.036
18028,0.292,0.02,0.02
18029,0.294,0.018,0.018
18030,0.288,0.016,0.016
18031,0.284,0.016,0.016
18032,0.292,0.01,0.01
18033,0.306,0.01,0.01
18034,0.296,0.004,0.004
18035,0.282,0.004,0.004
18036,0.268,0.004,0.004
18037,0.24,0.004,0.004
18038,0.224,0,0
18039,0.218,0,0
18040,0.184,0,0
18041,0.182,0,0
18042,0.17,0,0
18043,0.166,0,0
18044,0.152,0,0
18045,0.148,0,0
18046,0.12,0,0
18047,0.116,0,0
18048,0.102,0,0
18049,0.066,0,0
18050,0.042,0,0
18051,0.036,0,0
18052,0.02,0,0
18053,0.018,0,0
18054,0.016,0,0
18055,0.016,0,0
18056,0.01,0,0
18057,0.01,0,0
18058,0.004,0,0
18059,0.004,0,0
18060,0.004,0,0
18061,0.004,0,0
18062,0,0,0
18063,0,0,0
18064,0,0,0
18065,0,0,0
18066,0,0,0
18067,0,0,0
18068,0,0,0
18069,0,0,0
18070,0,0,0
18071,0,0,0
18072,0,0,0
18073,0,0,0
18074,0,0,0
18075,0,0,0
18076,0,0,0
18077,0,0,0
18078,0,0,0
18079,0,0,0
18080,0,0,0
18081,0,0,0
18082,0,0,0
18083,0,0,0
18084,0,0,0
18085,0,0,0
18086,0,0,0
18087,0,0,0
18088,0,0,0
18089,0,0,0
18090,0,0,0
18091,0,0,0
18092,0,0,0
18093,0,0,0
18094,0,0,0
18095,0,0,0
18096,0,0,0
18097,0,0,0
18098,0,0,0
18099,0,0,0
18100,0,0,0
18101,0,0,0
18102,0,0,0
18103,0,0,0
18104,0,0,0
18105,0,0,0
18106,0,0,0
18107,0,0,0
18108,0,0,0
18109,0,0,0
18110,0,0,0
18111,0,0,0
18112,0.008,0.008,0.008
18113,0,0,0
18114,0,0,0
18115,0,0,0
18116,0,0,0
18117,0,0,0
18118,0,0,0
18119,0,0,0
18120,0,0,0
18121,0,0,0
18122,0,0,0
18123,0,0,0
18124,0,0,0
18125,0,0,0
18126,0,0,0
18127,0,0,0
18128,0,0,0
18129,0,0,0
18130,0,0,0
18131,0,0,0
18132,0,0,0
18133,0,0,0
18134,0,0,0
18135,0,0,0
18136,0,0,0
18137,0,0,0
18138,0,0,0
18139,0,0,0
18140,0,0,0
18141,0,0,0
18142,0.004,0.004,0.004
18143,0,0,0
18144,0,0,0
18145,0,0,0
18146,0,0,0
18147,0,0,0
18148,0,0,0
18149,0,0,0
18150,0,0,0
18151,0,0,0
18152,0,0,0
18153,0,0,0
18154,0.004,0.004,0.004
18155,0.01,0.01,0.01
18156,0.014,0.014,0.014
18157,0.018,0.018,0.018
18158,0.02,0.02,0.02
18159,0.018,0.018,0.018
18160,0.018,0.018,0.018
18161,0.052,0.052,0.052
18162,0.052,0.052,0.052
18163,0.052,0.052,0.052
18164,0.046,0.046,0.046
18165,0.044,0.044,0.044
18166,0.044,0.044,0.044
18167,0.05,0.05,0.05
18168,0.046,0.046,0.046
18169,0.044,0.044,0.044
18170,0.038,0.038,0.038
18171,0.038,0.038,0.038
18172,0.038,0.038,0.038
18173,0.048,0.048,0.048
18174,0.058,0.058,0.058
18175,0.068,0.068,0.068
18176,0.058,0.058,0.058
18177,0.054,0.054,0.054
18178,0.05,0.05,0.05
18179,0.072,0.072,0.072
18180,0.088,0.088,0.088
18181,0.11,0.11,0.11
18182,0.098,0.098,0.098
18183,0.112,0.112,0.112
18184,0.104,0.104,0.104
18185,0.134,0.134,0.134
18186,0.14,0.14,0.14
18187,0.122,0.122,0.122
18188,0.118,0.118,0.118
18189,0.12,0.12,0.12
18190,0.106,0.106,0.106
18191,0.072,0.072,0.072
18192,0.054,0.054,0.054
18193,0.054,0.054,0.054
18194,0.12,0.12,0.12
18195,0.168,0.168,0.168
18196,0.15,0.15,0.15
18197,0.128,0.128,0.128
18198,0.124,0.124,0.124
18199,0.146,0.146,0.146
18200,0.146,0.146,0.146
18201,0.144,0.144,0.144
18202,0.136,0.136,0.136
18203,0.132,0.132,0.132
18204,0.118,0.118,0.118
18205,0.13,0.13,0.13
18206,0.106,0.106,0.106
18207,0.116,0.116,0.116
18208,0.126,0.126,0.126
18209,0.12,0.12,0.12
18210,0.14,0.14,0.14
18211,0.126,0.126,0.126
18212,0.122,0.122,0.122
18213,0.118,0.118,0.118
18214,0.106,0.106,0.106
18215,0.118,0.118,0.118
18216,0.12,0.12,0.12
18217,0.108,0.108,0.108
18218,0.124,0.124,0.124
18219,0.126,0.126,0.126
18220,0.106,0.106,0.106
18221,0.098,0.098,0.098
18222,0.106,0.106,0.106
18223,0.116,0.116,0.116
18224,0.116,0.116,0.116
18225,0.13,0.13,0.13
18226,0.148,0.148,0.148
18227,0.154,0.154,0.154
18228,0.134,0.134,0.134
18229,0.154,0.154,0.154
18230,0.132,0.132,0.132
18231,0.126,0.126,0.126
18232,0.122,0.122,0.122
18233,0.134,0.134,0.134
18234,0.142,0.142,0.142
18235,0.136,0.136,0.136
18236,0.122,0.122,0.122
18237,0.16,0.16,0.16
18238,0.188,0.188,0.188
18239,0.154,0.154,0.154
18240,0.188,0.188,0.188
18241,0.17,0.17,0.17
18242,0.174,0.174,0.174
18243,0.17,0.17,0.17
18244,0.162,0.162,0.162
18245,0.158,0.158,0.158
18246,0.156,0.156,0.156
18247,0.164,0.164,0.164
18248,0.16,0.16,0.16
18249,0.164,0.164,0.164
18250,0.112,0.112,0.112
18251,0.154,0.154,0.154
18252,0.154,0.154,0.154
18253,0.154,0.154,0.154
18254,0.158,0.158,0.158
18255,0.156,0.156,0.156
18256,0.156,0.156,0.156
18257,0.16,0.16,0.16
18258,0.138,0.138,0.138
18259,0.15,0.15,0.15
18260,0.154,0.154,0.154
18261,0.162,0.162,0.162
18262,0.172,0.172,0.172
18263,0.17,0.17,0.17
18264,0.19,0.19,0.19
18265,0.23,0.23,0.23
18266,0.274,0.274,0.274
18267,0.246,0.246,0.246
18268,0.24,0.24,0.24
18269,0.276,0.276,0.276
18270,0.308,0.308,0.308
18271,0.248,0.248,0.248
18272,0.264,0.264,0.264
18273,0.262,0.262,0.262
18274,0.304,0.304,0.304
18275,0.302,0.302,0.302
18276,0.29,0.29,0.29
18277,0.246,0.246,0.246
18278,0.248,0.248,0.248
18279,0.244,0.244,0.244
18280,0.222,0.222,0.222
18281,0.228,0.228,0.228
18282,0.234,0.234,0.234
18283,0.238,0.238,0.238
18284,0.246,0.246,0.246
18285,0.242,0.242,0.242
18286,0.248,0.248,0.248
18287,0.238,0.238,0.238
18288,0.25,0.25,0.25
18289,0.248,0.248,0.248
18290,0.248,0.248,0.248
18291,0.278,0.278,0.278
18292,0.268,0.268,0.268
18293,0.274,0.274,0.274
18294,0.272,0.272,0.272
18295,0.276,0.276,0.276
18296,0.28,0.28,0.28
18297,0.288,0.288,0.288
18298,0.302,0.302,0.302
18299,0.298,0.298,0.298
18300,0.31,0.31,0.31
18301,0.312,0.312,0.312
18302,0.358,0.358,0.358
18303,0.342,0.342,0.342
18304,0.338,0.338,0.338
18305,0.338,0.338,0.338
18306,0.344,0.344,0.344
18307,0.342,0.342,0.342
18308,0.33,0.33,0.33
18309,0.332,0.332,0.332
18310,0.342,0.342,0.342
18311,0.336,0.336,0.336
18312,0.382,0.382,0.382
18313,0.368,0.368,0.368
18314,0.35,0.35,0.35
18315,0.376,0.376,0.376
18316,0.406,0.406,0.406
18317,0.39,0.39,0.39
18318,0.39,0.39,0.39
18319,0.372,0.372,0.372
18320,0.368,0.368,0.368
18321,0.38,0.38,0.38
18322,0.368,0.368,0.368
18323,0.372,0.372,0.372
18324,0.358,0.358,0.358
18325,0.366,0.366,0.366
18326,0.372,0.372,0.372
18327,0.382,0.382,0.382
18328,0.388,0.388,0.388
18329,0.39,0.39,0.39
18330,0.382,0.382,0.382
18331,0.386,0.386,0.386
18332,0.416,0.416,0.416
18333,0.406,0.406,0.406
18334,0.406,0.406,0.406
18335,0.404,0.404,0.404
18336,0.404,0.404,0.404
18337,0.402,0.402,0.402
18338,0.404,0.404,0.404
18339,0.426,0.426,0.426
18340,0.422,0.422,0.422
18341,0.418,0.418,0.418
18342,0.418,0.418,0.418
18343,0.412,0.412,0.412
18344,0.414,0.414,0.414
18345,0.398,0.398,0.398
18346,0.388,0.388,0.388
18347,0.39,0.39,0.39
18348,0.378,0.378,0.378
18349,0.374,0.374,0.374
18350,0.384,0.384,0.384
18351,0.446,0.446,0.446
18352,0.432,0.432,0.432
18353,0.442,0.442,0.442
18354,0.44,0.44,0.44
18355,0.432,0.432,0.432
18356,0.436,0.436,0.436
18357,0.432,0.432,0.432
18358,0.43,0.43,0.43
18359,0.43,0.43,0.43
18360,0.41,0.41,0.41
18361,0.422,0.422,0.422
18362,0.43,0.43,0.43
18363,0.426,0.426,0.426
18364,0.42,0.42,0.42
18365,0.434,0.434,0.434
18366,0.422,0.422,0.422
18367,0.428,0.428,0.428
18368,0.44,0.44,0.44
18369,0.428,0.428,0.428
18370,0.428,0.428,0.428
18371,0.418,0.418,0.418
18372,0.41,0.41,0.41
18373,0.416,0.416,0.416
18374,0.402,0.296,0.296
18375,0.398,0.282,0.282
18376,0.394,0.268,0.268
18377,0.396,0.24,0.24
18378,0.384,0.224,0.224
18379,0.378,0.218,0.218
18380,0.37,0.184,0.184
18381,0.36,0.182,0.182
18382,0.35,0.17,0.17
18383,0.35,0.166,0.166
18384,0.346,0.152,0.152
18385,0.342,0.148,0.148
18386,0.336,0.12,0.12
18387,0.332,0.116,0.116
18388,0.326,0.102,0.102
18389,0.314,0.066,0.066
18390,0.318,0.042,0.042
18391,0.312,0.036,0.036
18392,0.294,0.02,0.02
18393,0.292,0.018,0.018
18394,0.294,0.016,0.016
18395,0.288,0.016,0.016
18396,0.284,0.01,0.01
18397,0.292,0.01,0.01
18398,0.306,0.004,0.004
18399,0.296,0.004,0.004
18400,0.282,0.004,0.004
18401,0.268,0.004,0.004
18402,0.24,0,0
18403,0.224,0,0
18404,0.218,0,0
18405,0.184,0,0
18406,0.182,0,0
18407,0.17,0,0
18408,0.166,0,0
18409,0.152,0,0
18410,0.148,0,0
18411,0.12,0,0
18412,0.116,0,0
18413,0.102,0,0
18414,0.066,0,0
18415,0.042,0,0
18416,0.036,0,0
18417,0.02,0,0
18418,0.018,0,0
18419,0.016,0,0
18420,0.016,0,0
18421,0.01,0,0
18422,0.01,0,0
18423,0.004,0,0
18424,0.004,0,0
18425,0.004,0,0
18426,0.004,0,0
18427,0,0,0
18428,0,0,0
18429,0,0,0
18430,0,0,0
18431,0,0,0
18432,0,0,0
18433,0,0,0
18434,0,0,0
18435,0,0,0
18436,0,0,0
18437,0,0,0
18438,0,0,0
18439,0,0,0
18440,0,0,0
18441,0,0,0
18442,0,0,0
18443,0,0,0
18444,0,0,0
18445,0,0,0
18446,0,0,0
18447,0,0,0
18448,0,0,0
18449,0,0,0
18450,0,0,0
18451,0,0,0
18452,0,0,0
18453,0,0,0
18454,0,0,0
18455,0,0,0
18456,0,0,0
18457,0,0,0
18458,0,0,0
18459,0,0,0
18460,0,0,0
18461,0,0,0
18462,0,0,0
18463,0,0,0
18464,0,0,0
18465,0,0,0
18466,0,0,0
18467,0,0,0
18468,0,0,0
18469,0,0,0
18470,0,0,0
18471,0,0,0
18472,0,0,0
18473,0,0,0
18474,0,0,0
18475,0,0,0
18476,0,0,0
18477,0.008,0.008,0.008
18478,0,0,0
18479,0,0,0
18480,0,0,0
18481,0,0,0
18482,0,0,0
18483,0,0,0
18484,0,0,0
18485,0,0,0
18486,0,0,0
18487,0,0,0
18488,0,0,0
18489,0,0,0
18490,0,0,0
18491,0,0,0
18492,0,0,0
18493,0,0,0
18494,0,0,0
18495,0,0,0
18496,0,0,0
18497,0,0,0
18498,0,0,0
18499,0,0,0
18500,0,0,0
18501,0,0,0
18502,0,0,0
18503,0,0,0
18504,0,0,0
18505,0,0,0
18506,0,0,0
18507,0.004,0.004,0.004
18508,0,0,0
18509,0,0,0
18510,0,0,0
18511,0,0,0
18512,0,0,0
18513,0,0,0
18514,0,0,0
18515,0,0,0
18516,0,0,0
18517,0,0,0
18518,0,0,0
18519,0.004,0.004,0.004
18520,0.01,0.01,0.01
18521,0.014,0.014,0.014
18522,0.018,0.018,0.018
18523,0.02,0.02,0.02
18524,0.018,0.018,0.018
18525,0.018,0.018,0.018
18526,0.052,0.052,0.052
18527,0.052,0.052,0.052
18528,0.052,0.052,0.052
18529,0.046,0.046,0.046
18530,0.044,0.044,0.044
18531,0.044,0.044,0.044
18532,0.05,0.05,0.05
18533,0.046,0.046,0.046
18534,0.044,0.044,0.044
18535,0.038,0.038,0.038
18536,0.038,0.038,0.038
18537,0.038,0.038,0.038
18538,0.048,0.048,0.048
18539,0.058,0.058,0.058
18540,0.068,0.068,0.068
18541,0.058,0.058,0.058
18542,0.054,0.054,0.054
18543,0.05,0.05,0.05
18544,0.072,0.072,0.072
18545,0.088,0.088,0.088
18546,0.11,0.11,0.11
18547,0.098,0.098,0.098
18548,0.112,0.112,0.112
18549,0.104,0.104,0.104
18550,0.134,0.134,0.134
18551,0.14,0.14,0.14
18552,0.122,0.122,0.122
18553,0.118,0.118,0.118
18554,0.12,0.12,0.12
18555,0.106,0.106,0.106
18556,0.072,0.072,0.072
18557,0.054,0.054,0.054
18558,0.054,0.054,0.054
18559,0.12,0.12,0.12
18560,0.168,0.168,0.168
18561,0.15,0.15,0.15
18562,0.128,0.128,0.128
18563,0.124,0.124,0.124
18564,0.146,0.146,0.146
18565,0.146,0.146,0.146
18566,0.144,0.144,0.144
18567,0.136,0.136,0.136
18568,0.132,0.132,0.132
18569,0.118,0.118,0.118
18570,0.13,0.13,0.13
18571,0.106,0.106,0.106
18572,0.116,0.116,0.116
18573,0.126,0.126,0.126
18574,0.12,0.12,0.12
18575,0.14,0.14,0.14
18576,0.126,0.126,0.126
18577,0.122,0.122,0.122
18578,0.118,0.118,0.118
18579,0.106,0.106,0.106
18580,0.118,0.118,0.118
18581,0.12,0.12,0.12
18582,0.108,0.108,0.108
18583,0.124,0.124,0.124
18584,0.126,0.126,0.126
18585,0.106,0.106,0.106
18586,0.098,0.098,0.098
18587,0.106,0.106,0.106
18588,0.116,0.116,0.116
18589,0.116,0.116,0.116
18590,0.13,0.13,0.13
18591,0.148,0.148,0.148
18592,0.154,0.154,0.154
18593,0.134,0.134,0.134
18594,0.154,0.154,0.154
18595,0.132,0.132,0.132
18596,0.126,0.126,0.126
18597,0.122,0.122,0.122
18598,0.134,0.134,0.134
18599,0.142,0.142,0.142
18600,0.136,0.136,0.136
18601,0.122,0.122,0.122
18602,0.16,0.16,0.16
18603,0.188,0.188,0.188
18604,0.154,0.154,0.154
18605,0.188,0.188,0.188
18606,0.17,0.17,0.17
18607,0.174,0.174,0.174
18608,0.17,0.17,0.17
18609,0.162,0.162,0.162
18610,0.158,0.158,0.158
18611,0.156,0.156,0.156
18612,0.164,0.164,0.164
18613,0.16,0.16,0.16
18614,0.164,0.164,0.164
18615,0.112,0.112,0.112
18616,0.154,0.154,0.154
18617,0.154,0.154,0.154
18618,0.154,0.154,0.154
18619,0.158,0.158,0.158
18620,0.156,0.156,0.156
18621,0.156,0.156,0.156
18622,0.16,0.16,0.16
18623,0.138,0.138,0.138
18624,0.15,0.15,0.15
18625,0.154,0.154,0.154
18626,0.162,0.162,0.162
18627,0.172,0.172,0.172
18628,0.17,0.17,0.17
18629,0.19,0.19,0.19
18630,0.23,0.23,0.23
18631,0.274,0.274,0.274
18632,0.246,0.246,0.246
18633,0.24,0.24,0.24
18634,0.276,0.276,0.276
18635,0.308,0.308,0.308
18636,0.248,0.248,0.248
18637,0.264,0.264,0.264
18638,0.262,0.262,0.262
18639,0.304,0.304,0.304
18640,0.302,0.302,0.302
18641,0.29,0.29,0.29
18642,0.246,0.246,0.246
18643,0.248,0.248,0.248
18644,0.244,0.244,0.244
18645,0.222,0.222,0.222
18646,0.228,0.228,0.228
18647,0.234,0.234,0.234
18648,0.238,0.238,0.238
18649,0.246,0.246,0.246
18650,0.242,0.242,0.242
18651,0.248,0.248,0.248
18652,0.238,0.238,0.238
18653,0.25,0.25,0.25
18654,0.248,0.248,0.248
18655,0.248,0.248,0.248
18656,0.278,0.278,0.278
18657,0.268,0.268,0.268
18658,0.274,0.274,0.274
18659,0.272,0.272,0.272
18660,0.276,0.276,0.276
18661,0.28,0.28,0.28
18662,0.288,0.288,0.288
18663,0.302,0.302,0.302
18664,0.298,0.298,0.298
18665,0.31,0.31,0.31
18666,0.312,0.312,0.312
18667,0.358,0.358,0.358
18668,0.342,0.342,0.342
18669,0.338,0.338,0.338
18670,0.338,0.338,0.338
18671,0.344,0.344,0.344
18672,0.342,0.342,0.342
18673,0.33,0.33,0.33
18674,0.332,0.332,0.332
18675,0.342,0.342,0.342
18676,0.336,0.336,0.336
18677,0.382,0.382,0.382
18678,0.368,0.368,0.368
18679,0.35,0.35,0.35
18680,0.376,0.376,0.376
18681,0.406,0.406,0.406
18682,0.39,0.39,0.39
18683,0.39,0.39,0.39
18684,0.372,0.372,0.372
18685,0.368,0.368,0.368
18686,0.38,0.38,0.38
18687,0.368,0.368,0.368
18688,0.372,0.372,0.372
18689,0.358,0.358,0.358
18690,0.366,0.366,0.366
18691,0.372,0.372,0.372
18692,0.382,0.382,0.382
18693,0.388,0.388,0.388
18694,0.39,0.39,0.39
18695,0.382,0.382,0.382
18696,0.386,0.386,0.386
18697,0.416,0.416,0.416
18698,0.406,0.406,0.406
18699,0.406,0.406,0.406
18700,0.404,0.404,0.404
18701,0.404,0.404,0.404
18702,0.402,0.402,0.402
18703,0.404,0.404,0.404
18704,0.426,0.426,0.426
18705,0.422,0.422,0.422
18706,0.418,0.418,0.418
18707,0.418,0.418,0.418
18708,0.412,0.412,0.412
18709,0.414,0.414,0.414
18710,0.398,0.398,0.398
18711,0.388,0.388,0.388
18712,0.39,0.39,0.39
18713,0.378,0.378,0.378
18714,0.374,0.374,0.374
18715,0.384,0.384,0.384
18716,0.446,0.446,0.446
18717,0.432,0.432,0.432
18718,0.442,0.442,0.442
18719,0.44,0.44,0.44
18720,0.432,0.432,0.432
18721,0.436,0.436,0.436
18722,0.432,0.432,0.432
18723,0.43,0.43,0.43
18724,0.43,0.43,0.43
18725,0.41,0.41,0.41
18726,0.422,0.422,0.422
18727,0.43,0.43,0.43
18728,0.426,0.426,0.426
18729,0.42,0.42,0.42
18730,0.434,0.434,0.434
18731,0.422,0.422,0.422
18732,0.428,0.428,0.428
18733,0.44,0.44,0.44
18734,0.428,0.428,0.428
18735,0.428,0.428,0.428
18736,0.418,0.418,0.418
18737,0.41,0.41,0.41
18738,0.416,0.416,0.416
18739,0.402,0.296,0.296
18740,0.398,0.282,0.282
18741,0.394,0.268,0.268
18742,0.396,0.24,0.24
18743,0.384,0.224,0.224
18744,0.378,0.218,0.218
18745,0.37,0.184,0.184
18746,0.36,0.182,0.182
18747,0.35,0.17,0.17
18748,0.35,0.166,0.166
18749,0.346,0.152,0.152
18750,0.342,0.148,0.148
18751,0.336,0.12,0.12
18752,0.332,0.116,0.116
18753,0.326,0.102,0.102
18754,0.314,0.066,0.066
18755,0.318,0.042,0.042
18756,0.312,0.036,0.036
18757,0.294,0.02,0.02
18758,0.292,0.018,0.018
18759,0.294,0.016,0.016
18760,0.288,0.016,0.016
18761,0.284,0.01,0.01
18762,0.292,0.01,0.01
18763,0.306,0.004,0.004
18764,0.296,0.004,0.004
18765,0.282,0.004,0.004
18766,0.268,0.004,0.004
18767,0.24,0,0
18768,0.224,0,0
18769,0.218,0,0
18770,0.184,0,0
18771,0.182,0,0
18772,0.17,0,0
18773,0.166,0,0
18774,0.152,0,0
18775,0.148,0,0
18776,0.12,0,0
18777,0.116,0,0
18778,0.102,0,0
18779,0.066,0,0
18780,0.042,0,0
18781,0.036,0,0
18782,0.02,0,0
18783,0.018,0,0
18784,0.016,0,0
18785,0.016,0,0
18786,0.01,0,0
18787,0.01,0,0
18788,0.004,0,0
18789,0.004,0,0
18790,0.004,0,0
18791,0.004,0,0
18792,0,0,0
18793,0,0,0
18794,0,0,0
18795,0,0,0
18796,0,0,0
18797,0,0,0
18798,0,0,0
18799,0,0,0
18800,0,0,0
18801,0,0,0
18802,0,0,0
18803,0,0,0
18804,0,0,0
18805,0,0,0
18806,0,0,0
18807,0,0,0
18808,0,0,0
18809,0,0,0
18810,0,0,0
18811,0,0,0
18812,0,0,0
18813,0,0,0
18814,0,0,0
18815,0,0,0
18816,0,0,0
18817,0,0,0
18818,0,0,0
18819,0,0,0
18820,0,0,0
18821,0,0,0
18822,0,0,0
18823,0,0,0
18824,0,0,0
18825,0,0,0
18826,0,0,0
18827,0,0,0
18828,0,0,0
18829,0,0,0
18830,0,0,0
18831,0,0,0
18832,0,0,0
18833,0,0,0
18834,0,0,0
18835,0,0,0
18836,0,0,0
18837,0,0,0
18838,0,0,0
18839,0,0,0
18840,0,0,0
18841,0,0,0
18842,0.008,0.008,0.008
18843,0,0,0
18844,0,0,0
18845,0,0,0
18846,0,0,0
18847,0,0,0
18848,0,0,0
18849,0,0,0
18850,0,0,0
18851,0,0,0
18852,0,0,0
18853,0,0,0
18854,0,0,0
18855,0,0,0
18856,0,0,0
18857,0,0,0
18858,0,0,0
18859,0,0,0
18860,0,0,0
18861,0,0,0
18862,0,0,0
18863,0,0,0
18864,0,0,0
18865,0,0,0
18866,0,0,0
18867,0,0,0
18868,0,0,0
18869,0,0,0
18870,0,0,0
18871,0,0,0
18872,0.004,0.004,0.004
18873,0,0,0
18874,0,0,0
18875,0,0,0
18876,0,0,0
18877,0,0,0
18878,0,0,0
18879,0,0,0
18880,0,0,0
18881,0,0,0
18882,0,0,0
18883,0,0,0
18884,0.004,0.004,0.004
18885,0.01,0.01,0.01
18886,0.014,0.014,0.014
18887,0.018,0.018,0.018
18888,0.02,0.02,0.02
18889,0.018,0.018,0.018
18890,0.018,0.018,0.018
18891,0.052,0.052,0.052
18892,0.052,0.052,0.052
18893,0.052,0.052,0.052
18894,0.046,0.046,0.046
18895,0.044,0.044,0.044
18896,0.044,0.044,0.044
18897,0.05,0.05,0.05
18898,0.046,0.046,0.046
18899,0.044,0.044,0.044
18900,0.038,0.038,0.038
18901,0.038,0.038,0.038
18902,0.038,0.038,0.038
18903,0.048,0.048,0.048
18904,0.058,0.058,0.058
18905,0.068,0.068,0.068
18906,0.058,0.058,0.058
18907,0.054,0.054,0.054
18908,0.05,0.05,0.05
18909,0.072,0.072,0.072
18910,0.088,0.088,0.088
18911,0.11,0.11,0.11
18912,0.098,0.098,0.098
18913,0.112,0.112,0.112
18914,0.104,0.104,0.104
18915,0.134,0.134,0.134
18916,0.14,0.14,0.14
18917,0.122,0.122,0.122
18918,0.118,0.118,0.118
18919,0.12,0.12,0.12
18920,0.106,0.106,0.106
18921,0.072,0.072,0.072
18922,0.054,0.054,0.054
18923,0.054,0.054,0.054
18924,0.12,0.12,0.12
18925,0.168,0.168,0.168
18926,0.15,0.15,0.15
18927,0.128,0.128,0.128
18928,0.124,0.124,0.124
18929,0.146,0.146,0.146
18930,0.146,0.146,0.146
18931,0.144,0.144,0.144
18932,0.136,0.136,0.136
18933,0.132,0.132,0.132
18934,0.118,0.118,0.118
18935,0.13,0.13,0.13
18936,0.106,0.106,0.106
18937,0.116,0.116,0.116
18938,0.126,0.126,0.126
18939,0.12,0.12,0.12
18940,0.14,0.14,0.14
18941,0.126,0.126,0.126
18942,0.122,0.122,0.122
18943,0.118,0.118,0.118
18944,0.106,0.106,0.106
18945,0.118,0.118,0.118
18946,0.12,0.12,0.12
18947,0.108,0.108,0.108
18948,0.124,0.124,0.124
18949,0.126,0.126,0.126
18950,0.106,0.106,0.106
18951,0.098,0.098,0.098
18952,0.106,0.106,0.106
18953,0.116,0.116,0.116
18954,0.116,0.116,0.116
18955,0.13,0.13,0.13
18956,0.148,0.148,0.148
18957,0.154,0.154,0.154
18958,0.134,0.134,0.134
18959,0.154,0.154,0.154
18960,0.132,0.132,0.132
18961,0.126,0.126,0.126
18962,0.122,0.122,0.122
18963,0.134,0.134,0.134
18964,0.142,0.142,0.142
18965,0.136,0.136,0.136
18966,0.122,0.122,0.122
18967,0.16,0.16,0.16
18968,0.188,0.188,0.188
18969,0.154,0.154,0.154
18970,0.188,0.188,0.188
18971,0.17,0.17,0.17
18972,0.174,0.174,0.174
18973,0.17,0.17,0.17
18974,0.162,0.162,0.162
18975,0.158,0.158,0.158
18976,0.156,0.156,0.156
18977,0.164,0.164,0.164
18978,0.16,0.16,0.16
18979,0.164,0.164,0.164
18980,0.112,0.112,0.112
18981,0.154,0.154,0.154
18982,0.154,0.154,0.154
18983,0.154,0.154,0.154
18984,0.158,0.158,0.158
18985,0.156,0.156,0.156
18986,0.156,0.156,0.156
18987,0.16,0.16,0.16
18988,0.138,0.138,0.138
18989,0.15,0.15,0.15
18990,0.154,0.154,0.154
18991,0.162,0.162,0.162
18992,0.172,0.172,0.172
18993,0.17,0.17,0.17
18994,0.19,0.19,0.19
18995,0.23,0.23,0.23
18996,0.274,0.274,0.274
18997,0.246,0.246,0.246
18998,0.24,0.24,0.24
18999,0.276,0.276,0.276
19000,0.308,0.308,0.308
19001,0.248,0.248,0.248
19002,0.264,0.264,0.264
19003,0.262,0.262,0.262
19004,0.304,0.304,0.304
19005,0.302,0.302,0.302
19006,0.29,0.29,0.29
19007,0.246,0.246,0.246
19008,0.248,0.248,0.248
19009,0.244,0.244,0.244
19010,0.222,0.222,0.222
19011,0.228,0.228,0.228
19012,0.234,0.234,0.234
19013,0.238,0.238,0.238
19014,0.246,0.246,0.246
19015,0.242,0.242,0.242
19016,0.248,0.248,0.248
19017,0.238,0.238,0.238
19018,0.25,0.25,0.25
19019,0.248,0.248,0.248
19020,0.248,0.248,0.248
19021,0.278,0.278,0.278
19022,0.268,0.268,0.268
19023,0.274,0.274,0.274
19024,0.272,0.272,0.272
19025,0.276,0.276,0.276
19026,0.28,0.28,0.28
19027,0.288,0.288,0.288
19028,0.302,0.302,0.302
19029,0.298,0.298,0.298
19030,0.31,0.31,0.31
19031,0.312,0.312,0.312
19032,0.358,0.358,0.358
19033,0.342,0.342,0.342
19034,0.338,0.338,0.338
19035,0.338,0.338,0.338
19036,0.344,0.344,0.344
19037,0.342,0.342,0.342
19038,0.33,0.33,0.33
19039,0.332,0.332,0.332
19040,0.342,0.342,0.342
19041,0.336,0.336,0.336
19042,0.382,0.382,0.382
19043,0.368,0.368,0.368
19044,0.35,0.35,0.35
19045,0.376,0.376,0.376
19046,0.406,0.406,0.406
19047,0.39,0.39,0.39
19048,0.39,0.39,0.39
19049,0.372,0.372,0.372
19050,0.368,0.368,0.368
19051,0.38,0.38,0.38
19052,0.368,0.368,0.368
19053,0.372,0.372,0.372
19054,0.358,0.358,0.358
19055,0.366,0.366,0.366
19056,0.372,0.372,0.372
19057,0.382,0.382,0.382
19058,0.388,0.388,0.388
19059,0.39,0.39,0.39
19060,0.382,0.382,0.382
19061,0.386,0.386,0.386
19062,0.416,0.416,0.416
19063,0.406,0.406,0.406
19064,0.406,0.406,0.406
19065,0.404,0.404,0.404
19066,0.404,0.404,0.404
19067,0.402,0.402,0.402
19068,0.404,0.404,0.404
19069,0.426,0.426,0.426
19070,0.422,0.422,0.422
19071,0.418,0.418,0.418
19072,0.418,0.418,0.418
19073,0.412,0.412,0.412
19074,0.414,0.414,0.414
19075,0.398,0.398,0.398
19076,0.388,0.388,0.388
19077,0.39,0.39,0.39
19078,0.378,0.378,0.378
19079,0.374,0.374,0.374
19080,0.384,0.384,0.384
19081,0.446,0.446,0.446
19082,0.432,0.432,0.432
19083,0.442,0.442,0.442
19084,0.44,0.44,0.44
19085,0.432,0.432,0.432
19086,0.436,0.436,0.436
19087,0.432,0.432,0.432
19088,0.43,0.43,0.43
19089,0.43,0.43,0.43
19090,0.41,0.41,0.41
19091,0.422,0.422,0.422
19092,0.43,0.43,0.43
19093,0.426,0.426,0.426
19094,0.42,0.42,0.42
19095,0.434,0.434,0.434
19096,0.422,0.422,0.422
19097,0.428,0.428,0.428
19098,0.44,0.44,0.44
19099,0.428,0.428,0.428
19100,0.428,0.428,0.428
19101,0.418,0.418,0.418
19102,0.41,0.41,0.41
19103,0.416,0.296,0.296
19104,0.402,0.282,0.282
19105,0.398,0.268,0.268
19106,0.394,0.24,0.24
19107,0.396,0.224,0.224
19108,0.384,0.218,0.218
19109,0.378,0.184,0.184
19110,0.37,0.182,0.182
19111,0.36,0.17,0.17
19112,0.35,0.166,0.166
19113,0.35,0.152,0.152
19114,0.346,0.148,0.148
19115,0.342,0.12,0.12
19116,0.336,0.116,0.116
19117,0.332,0.102,0.102
19118,0.326,0.066,0.066
19119,0.314,0.042,0.042
19120,0.318,0.036,0.036
19121,0.312,0.02,0.02
19122,0.294,0.018,0.018
19123,0.292,0.016,0.016
19124,0.294,0.016,0.016
19125,0.288,0.01,0.01
19126,0.284,0.01,0.01
19127,0.292,0.004,0.004
19128,0.306,0.004,0.004
19129,0.296,0.004,0.004
19130,0.282,0.004,0.004
19131,0.268,0,0
19132,0.24,0,0
19133,0.224,0,0
19134,0.218,0,0
19135,0.184,0,0
19136,0.182,0,0
19137,0.17,0,0
19138,0.166,0,0
19139,0.152,0,0
19140,0.148,0,0
19141,0.12,0,0
19142,0.116,0,0
19143,0.102,0,0
19144,0.066,0,0
19145,0.042,0,0
19146,0.036,0,0
19147,0.02,0,0
19148,0.018,0,0
19149,0.016,0,0
19150,0.016,0,0
19151,0.01,0,0
19152,0.01,0,0
19153,0.004,0,0
19154,0.004,0,0
19155,0.004,0,0
19156,0.004,0,0
19157,0,0,0
19158,0,0,0
19159,0,0,0
19160,0,0,0
19161,0,0,0
19162,0,0,0
19163,0,0,0
19164,0,0,0
19165,0,0,0
19166,0,0,0
19167,0,0,0
19168,0,0,0
19169,0,0,0
19170,0,0,0
19171,0,0,0
19172,0,0,0
19173,0,0,0
19174,0,0,0
19175,0,0,0
19176,0,0,0
19177,0,0,0
19178,0,0,0
19179,0,0,0
19180,0,0,0
19181,0,0,0
19182,0,0,0
19183,0,0,0
19184,0,0,0
19185,0,0,0
19186,0,0,0
19187,0,0,0
19188,0,0,0
19189,0,0,0
19190,0,0,0
19191,0,0,0
19192,0,0,0
19193,0,0,0
19194,0,0,0
19195,0,0,0
19196,0,0,0
19197,0,0,0
19198,0,0,0
19199,0,0,0
19200,0,0,0
19201,0,0,0
19202,0,0,0
19203,0,0,0
19204,0,0,0
19205,0,0,0
19206,0,0,0
19207,0.008,0.008,0.008
19208,0,0,0
19209,0,0,0
19210,0,0,0
19211,0,0,0
19212,0,0,0
19213,0,0,0
19214,0,0,0
19215,0,0,0
19216,0,0,0
19217,0,0,0
19218,0,0,0
19219,0,0,0
19220,0,0,0
19221,0,0,0
19222,0,0,0
19223,0,0,0
19224,0,0,0
19225,0,0,0
19226,0,0,0
19227,0,0,0
19228,0,0,0
19229,0,0,0
19230,0,0,0
19231,0,0,0
19232,0,0,0
19233,0,0,0
19234,0,0,0
19235,0,0,0
19236,0,0,0
19237,0.004,0.004,0.004
19238,0,0,0
19239,0,0,0
19240,0,0,0
19241,0,0,0
19242,0,0,0
19243,0,0,0
19244,0,0,0
19245,0,0,0
19246,0,0,0
19247,0,0,0
19248,0,0,0
19249,0.004,0.004,0.004
19250,0.01,0.01,0.01
19251,0.014,0.014,0.014
19252,0.018,0.018,0.018
19253,0.02,0.02,0.02
19254,0.018,0.018,0.018
19255,0.018,0.018,0.018
19256,0.052,0.052,0.052
19257,0.052,0.052,0.052
19258,0.052,0.052,0.052
19259,0.046,0.046,0.046
19260,0.044,0.044,0.044
19261,0.044,0.044,0.044
19262,0.05,0.05,0.05
19263,0.046,0.046,0.046
19264,0.044,0.044,0.044
19265,0.038,0.038,0.038
19266,0.038,0.038,0.038
19267,0.038,0.038,0.038
19268,0.048,0.048,0.048
19269,0.058,0.058,0.058
19270,0.068,0.068,0.068
19271,0.058,0.058,0.058
19272,0.054,0.054,0.054
19273,0.05,0.05,0.05
19274,0.072,0.072,0.072
19275,0.088,0.088,0.088
19276,0.11,0.11,0.11
19277,0.098,0.098,0.098
19278,0.112,0.112,0.112
19279,0.104,0.104,0.104
19280,0.134,0.134,0.134
19281,0.14,0.14,0.14
19282,0.122,0.122,0.122
19283,0.118,0.118,0.118
19284,0.12,0.12,0.12
19285,0.106,0.106,0.106
19286,0.072,0.072,0.072
19287,0.054,0.054,0.054
19288,0.054,0.054,0.054
19289,0.12,0.12,0.12
19290,0.168,0.168,0.168
19291,0.15,0.15,0.15
19292,0.128,0.128,0.128
19293,0.124,0.124,0.124
19294,0.146,0.146,0.146
19295,0.146,0.146,0.146
19296,0.144,0.144,0.144
19297,0.136,0.136,0.136
19298,0.132,0.132,0.132
19299,0.118,0.118,0.118
19300,0.13,0.13,0.13
19301,0.106,0.106,0.106
19302,0.116,0.116,0.116
19303,0.126,0.126,0.126
19304,0.12,0.12,0.12
19305,0.14,0.14,0.14
19306,0.126,0.126,0.126
19307,0.122,0.122,0.122
19308,0.118,0.118,0.118
19309,0.106,0.106,0.106
19310,0.118,0.118,0.118
19311,0.12,0.12,0.12
19312,0.108,0.108,0.108
19313,0.124,0.124,0.124
19314,0.126,0.126,0.126
19315,0.106,0.106,0.106
19316,0.098,0.098,0.098
19317,0.106,0.106,0.106
19318,0.116,0.116,0.116
19319,0.116,0.116,0.116
19320,0.13,0.13,0.13
19321,0.148,0.148,0.148
19322,0.154,0.154,0.154
19323,0.134,0.134,0.134
19324,0.154,0.154,0.154
19325,0.132,0.132,0.132
19326,0.126,0.126,0.126
19327,0.122,0.122,0.122
19328,0.134,0.134,0.134
19329,0.142,0.142,0.142
19330,0.136,0.136,0.136
19331,0.122,0.122,0.122
19332,0.16,0.16,0.16
19333,0.188,0.188,0.188
19334,0.154,0.154,0.154
19335,0.188,0.188,0.188
19336,0.17,0.17,0.17
19337,0.174,0.174,0.174
19338,0.17,0.17,0.17
19339,0.162,0.162,0.162
19340,0.158,0.158,0.158
19341,0.156,0.156,0.156
19342,0.164,0.164,0.164
19343,0.16,0.16,0.16
19344,0.164,0.164,0.164
19345,0.112,0.112,0.112
19346,0.154,0.154,0.154
19347,0.154,0.154,0.154
19348,0.154,0.154,0.154
19349,0.158,0.158,0.158
19350,0.156,0.156,0.156
19351,0.156,0.156,0.156
19352,0.16,0.16,0.16
19353,0.138,0.138,0.138
19354,0.15,0.15,0.15
19355,0.154,0.154,0.154
19356,0.162,0.162,0.162
19357,0.172,0.172,0.172
19358,0.17,0.17,0.17
19359,0.19,0.19,0.19
19360,0.23,0.23,0.23
19361,0.274,0.274,0.274
19362,0.246,0.246,0.246
19363,0.24,0.24,0.24
19364,0.276,0.276,0.276
19365,0.308,0.308,0.308
19366,0.248,0.248,0.248
19367,0.264,0.264,0.264
19368,0.262,0.262,0.262
19369,0.304,0.304,0.304
19370,0.302,0.302,0.302
19371,0.29,0.29,0.29
19372,0.246,0.246,0.246
19373,0.248,0.248,0.248
19374,0.244,0.244,0.244
19375,0.222,0.222,0.222
19376,0.228,0.228,0.228
19377,0.234,0.234,0.234
19378,0.238,0.238,0.238
19379,0.246,0.246,0.246
19380,0.242,0.242,0.242
19381,0.248,0.248,0.248
19382,0.238,0.238,0.238
19383,0.25,0.25,0.25
19384,0.248,0.248,0.248
19385,0.248,0.248,0.248
19386,0.278,0.278,0.278
19387,0.268,0.268,0.268
19388,0.274,0.274,0.274
19389,0.272,0.272,0.272
19390,0.276,0.276,0.276
19391,0.28,0.28,0.28
19392,0.288,0.288,0.288
19393,0.302,0.302,0.302
19394,0.298,0.298,0.298
19395,0.31,0.31,0.31
19396,0.312,0.312,0.312
19397,0.358,0.358,0.358
19398,0.342,0.342,0.342
19399,0.338,0.338,0.338
19400,0.338,0.338,0.338
19401,0.344,0.344,0.344
19402,0.342,0.342,0.342
19403,0.33,0.33,0.33
19404,0.332,0.332,0.332
19405,0.342,0.342,0.342
19406,0.336,0.336,0.336
19407,0.382,0.382,0.382
19408,0.368,0.368,0.368
19409,0.35,0.35,0.35
19410,0.376,0.376,0.376
19411,0.406,0.406,0.406
19412,0.39,0.39,0.39
19413,0.39,0.39,0.39
19414,0.372,0.372,0.372
19415,0.368,0.368,0.368
19416,0.38,0.38,0.38
19417,0.368,0.368,0.368
19418,0.372,0.372,0.372
19419,0.358,0.358,0.358
19420,0.366,0.366,0.366
19421,0.372,0.372,0.372
19422,0.382,0.382,0.382
19423,0.388,0.388,0.388
19424,0.39,0.39,0.39
19425,0.382,0.382,0.382
19426,0.386,0.386,0.386
19427,0.416,0.416,0.416
19428,0.406,0.406,0.406
19429,0.406,0.406,0.406
19430,0.404,0.404,0.404
19431,0.404,0.404,0.404
19432,0.402,0.402,0.402
19433,0.404,0.404,0.404
19434,0.426,0.426,0.426
19435,0.422,0.422,0.422
19436,0.418,0.418,0.418
19437,0.418,0.418,0.418
19438,0.412,0.412,0.412
19439,0.414,0.414,0.414
19440,0.398,0.398,0.398
19441,0.388,0.388,0.388
19442,0.39,0.39,0.39
19443,0.378,0.378,0.378
19444,0.374,0.374,0.374
19445,0.384,0.384,0.384
19446,0.446,0.446,0.446
19447,0.432,0.432,0.432
19448,0.442,0.442,0.442
19449,0.44,0.44,0.44
19450,0.432,0.432,0.432
19451,0.436,0.436,0.436
19452,0.432,0.432,0.432
19453,0.43,0.43,0.43
19454,0.43,0.43,0.43
19455,0.41,0.41,0.41
19456,0.422,0.422,0.422
19457,0.43,0.43,0.43
19458,0.426,0.426,0.426
19459,0.42,0.42,0.42
19460,0.434,0.434,0.434
19461,0.422,0.422,0.422
19462,0.428,0.428,0.428
19463,0.44,0.44,0.44
19464,0.428,0.428,0.428
19465,0.428,0.428,0.428
19466,0.418,0.418,0.418
19467,0.41,0.41,0.41
19468,0.416,0.296,0.296
19469,0.402,0.282,0.282
19470,0.398,0.268,0.268
19471,0.394,0.24,0.24
19472,0.396,0.224,0.224
19473,0.384,0.218,0.218
19474,0.378,0.184,0.184
19475,0.37,0.182,0.182
19476,0.36,0.17,0.17
19477,0.35,0.166,0.166
19478,0.35,0.152,0.152
19479,0.346,0.148,0.148
19480,0.342,0.12,0.12
19481,0.336,0.116,0.116
19482,0.332,0.102,0.102
19483,0.326,0.066,0.066
19484,0.314,0.042,0.042
19485,0.318,0.036,0.036
19486,0.312,0.02,0.02
19487,0.294,0.018,0.018
19488,0.292,0.016,0.016
19489,0.294,0.016,0.016
19490,0.288,0.01,0.01
19491,0.284,0.01,0.01
19492,0.292,0.004,0.004
19493,0.306,0.004,0.004
19494,0.296,0.004,0.004
19495,0.282,0.004,0.004
19496,0.268,0,0
19497,0.24,0,0
19498,0.224,0,0
19499,0.218,0,0
19500,0.184,0,0
19501,0.182,0,0
19502,0.17,0,0
19503,0.166,0,0
19504,0.152,0,0
19505,0.148,0,0
19506,0.12,0,0
19507,0.116,0,0
19508,0.102,0,0
19509,0.066,0,0
19510,0.042,0,0
19511,0.036,0,0
19512,0.02,0,0
19513,0.018,0,0
19514,0.016,0,0
19515,0.016,0,0
19516,0.01,0,0
19517,0.01,0,0
19518,0.004,0,0
19519,0.004,0,0
19520,0.004,0,0
19521,0.004,0,0
19522,0,0,0
19523,0,0,0
19524,0,0,0
19525,0,0,0
19526,0,0,0
19527,0,0,0
19528,0,0,0
19529,0,0,0
19530,0,0,0
19531,0,0,0
19532,0,0,0
19533,0,0,0
19534,0,0,0
19535,0,0,0
19536,0,0,0
19537,0,0,0
19538,0,0,0
19539,0,0,0
19540,0,0,0
19541,0,0,0
19542,0,0,0
19543,0,0,0
19544,0,0,0
19545,0,0,0
19546,0,0,0
19547,0,0,0
19548,0,0,0
19549,0,0,0
19550,0,0,0
19551,0,0,0
19552,0,0,0
19553,0,0,0
19554,0,0,0
19555,0,0,0
19556,0,0,0
19557,0,0,0
19558,0,0,0
19559,0,0,0
19560,0,0,0
19561,0,0,0
19562,0,0,0
19563,0,0,0
19564,0,0,0
19565,0,0,0
19566,0,0,0
19567,0,0,0
19568,0,0,0
19569,0,0,0
19570,0,0,0
19571,0,0,0
19572,0.008,0.008,0.008
19573,0,0,0
19574,0,0,0
19575,0,0,0
19576,0,0,0
19577,0,0,0
19578,0,0,0
19579,0,0,0
19580,0,0,0
19581,0,0,0
19582,0,0,0
19583,0,0,0
19584,0,0,0
19585,0,0,0
19586,0,0,0
19587,0,0,0
19588,0,0,0
19589,0,0,0
19590,0,0,0
19591,0,0,0
19592,0,0,0
19593,0,0,0
19594,0,0,0
19595,0,0,0
19596,0,0,0
19597,0,0,0
19598,0,0,0
19599,0,0,0
19600,0,0,0
19601,0,0,0
19602,0.004,0.004,0.004
19603,0,0,0
19604,0,0,0
19605,0,0,0
19606,0,0,0
19607,0,0,0
19608,0,0,0
19609,0,0,0
19610,0,0,0
19611,0,0,0
19612,0,0,0
19613,0,0,0
19614,0.004,0.004,0.004
19615,0.01,0.01,0.01
19616,0.014,0.014,0.014
19617,0.018,0.018,0.018
19618,0.02,0.02,0.02
19619,0.018,0.018,0.018
19620,0.018,0.018,0.018
19621,0.052,0.052,0.052
19622,0.052,0.052,0.052
19623,0.052,0.052,0.052
19624,0.046,0.046,0.046
19625,0.044,0.044,0.044
19626,0.044,0.044,0.044
19627,0.05,0.05,0.05
19628,0.046,0.046,0.046
19629,0.044,0.044,0.044
19630,0.038,0.038,0.038
19631,0.038,0.038,0.038
19632,0.038,0.038,0.038
19633,0.048,0.048,0.048
19634,0.058,0.058,0.058
19635,0.068,0.068,0.068
19636,0.058,0.058,0.058
19637,0.054,0.054,0.054
19638,0.05,0.05,0.05
19639,0.072,0.072,0.072
19640,0.088,0.088,0.088
19641,0.11,0.11,0.11
19642,0.098,0.098,0.098
19643,0.112,0.112,0.112
19644,0.104,0.104,0.104
19645,0.134,0.134,0.134
19646,0.14,0.14,0.14
19647,0.122,0.122,0.122
19648,0.118,0.118,0.118
19649,0.12,0.12,0.12
19650,0.106,0.106,0.106
19651,0.072,0.072,0.072
19652,0.054,0.054,0.054
19653,0.054,0.054,0.054
19654,0.12,0.12,0.12
19655,0.168,0.168,0.168
19656,0.15,0.15,0.15
19657,0.128,0.128,0.128
19658,0.124,0.124,0.124
19659,0.146,0.146,0.146
19660,0.146,0.146,0.146
19661,0.144,0.144,0.144
19662,0.136,0.136,0.136
19663,0.132,0.132,0.132
19664,0.118,0.118,0.118
19665,0.13,0.13,0.13
19666,0.106,0.106,0.106
19667,0.116,0.116,0.116
19668,0.126,0.126,0.126
19669,0.12,0.12,0.12
19670,0.14,0.14,0.14
19671,0.126,0.126,0.126
19672,0.122,0.122,0.122
19673,0.118,0.118,0.118
19674,0.106,0.106,0.106
19675,0.118,0.118,0.118
19676,0.12,0.12,0.12
19677,0.108,0.108,0.108
19678,0.124,0.124,0.124
19679,0.126,0.126,0.126
19680,0.106,0.106,0.106
19681,0.098,0.098,0.098
19682,0.106,0.106,0.106
19683,0.116,0.116,0.116
19684,0.116,0.116,0.116
19685,0.13,0.13,0.13
19686,0.148,0.148,0.148
19687,0.154,0.154,0.154
19688,0.134,0.134,0.134
19689,0.154,0.154,0.154
19690,0.132,0.132,0.132
19691,0.126,0.126,0.126
19692,0.122,0.122,0.122
19693,0.134,0.134,0.134
19694,0.142,0.142,0.142
19695,0.136,0.136,0.136
19696,0.122,0.122,0.122
19697,0.16,0.16,0.16
19698,0.188,0.188,0.188
19699,0.154,0.154,0.154
19700,0.188,0.188,0.188
19701,0.17,0.17,0.17
19702,0.174,0.174,0.174
19703,0.17,0.17,0.17
19704,0.162,0.162,0.162
19705,0.158,0.158,0.158
19706,0.156,0.156,0.156
19707,0.164,0.164,0.164
19708,0.16,0.16,0.16
19709,0.164,0.164,0.164
19710,0.112,0.112,0.112
19711,0.154,0.154,0.154
19712,0.154,0.154,0.154
19713,0.154,0.154,0.154
19714,0.158,0.158,0.158
19715,0.156,0.156,0.156
19716,0.156,0.156,0.156
19717,0.16,0.16,0.16
19718,0.138,0.138,0.138
19719,0.15,0.15,0.15
19720,0.154,0.154,0.154
19721,0.162,0.162,0.162
19722,0.172,0.172,0.172
19723,0.17,0.17,0.17
19724,0.19,0.19,0.19
19725,0.23,0.23,0.23
19726,0.274,0.274,0.274
19727,0.246,0.246,0.246
19728,0.24,0.24,0.24
19729,0.276,0.276,0.276
19730,0.308,0.308,0.308
19731,0.248,0.248,0.248
19732,0.264,0.264,0.264
19733,0.262,0.262,0.262
19734,0.304,0.304,0.304
19735,0.302,0.302,0.302
19736,0.29,0.29,0.29
19737,0.246,0.246,0.246
19738,0.248,0.248,0.248
19739,0.244,0.244,0.244
19740,0.222,0.222,0.222
19741,0.228,0.228,0.228
19742,0.234,0.234,0.234
19743,0.238,0.238,0.238
19744,0.246,0.246,0.246
19745,0.242,0.242,0.242
19746,0.248,0.248,0.248
19747,0.238,0.238,0.238
19748,0.25,0.25,0.25
19749,0.248,0.248,0.248
19750,0.248,0.248,0.248
19751,0.278,0.278,0.278
19752,0.268,0.268,0.268
19753,0.274,0.274,0.274
19754,0.272,0.272,0.272
19755,0.276,0.276,0.276
19756,0.28,0.28,0.28
19757,0.288,0.288,0.288
19758,0.302,0.302,0.302
19759,0.298,0.298,0.298
19760,0.31,0.31,0.31
19761,0.312,0.312,0.312
19762,0.358,0.358,0.358
19763,0.342,0.342,0.342
19764,0.338,0.338,0.338
19765,0.338,0.338,0.338
19766,0.344,0.344,0.344
19767,0.342,0.342,0.342
19768,0.33,0.33,0.33
19769,0.332,0.332,0.332
19770,0.342,0.342,0.342
19771,0.336,0.336,0.336
19772,0.382,0.382,0.382
19773,0.368,0.368,0.368
19774,0.35,0.35,0.35
19775,0.376,0.376,0.376
19776,0.406,0.406,0.406
19777,0.39,0.39,0.39
19778,0.39,0.39,0.39
19779,0.372,0.372,0.372
19780,0.368,0.368,0.368
19781,0.38,0.38,0.38
19782,0.368,0.368,0.368
19783,0.372,0.372,0.372
19784,0.358,0.358,0.358
19785,0.366,0.366,0.366
19786,0.372,0.372,0.372
19787,0.382,0.382,0.382
19788,0.388,0.388,0.388
19789,0.39,0.39,0.39
19790,0.382,0.382,0.382
19791,0.386,0.386,0.386
19792,0.416,0.416,0.416
19793,0.406,0.406,0.406
19794,0.406,0.406,0.406
19795,0.404,0.404,0.404
19796,0.404,0.404,0.404
19797,0.402,0.402,0.402
19798,0.404,0.404,0.404
19799,0.426,0.426,0.426
19800,0.422,0.422,0.422
19801,0.418,0.418,0.418
19802,0.418,0.418,0.418
19803,0.412,0.412,0.412
19804,0.414,0.414,0.414
19805,0.398,0.398,0.398
19806,0.388,0.388,0.388
19807,0.39,0.39,0.39
19808,0.378,0.378,0.378
19809,0.374,0.374,0.374
19810,0.384,0.384,0.384
19811,0.446,0.446,0.446
19812,0.432,0.432,0.432
19813,0.442,0.442,0.442
19814,0.44,0.44,0.44
19815,0.432,0.432,0.432
19816,0.436,0.436,0.436
19817,0.432,0.432,0.432
19818,0.43,0.43,0.43
19819,0.43,0.43,0.43
19820,0.41,0.41,0.41
19821,0.422,0.422,0.422
19822,0.43,0.43,0.43
19823,0.426,0.426,0.426
19824,0.42,0.42,0.42
19825,0.434,0.434,0.434
19826,0.422,0.422,0.422
19827,0.428,0.428,0.428
19828,0.44,0.44,0.44
19829,0.428,0.428,0.428
19830,0.428,0.428,0.428
19831,0.418,0.418,0.418
19832,0.41,0.296,0.296
19833,0.416,0.282,0.282
19834,0.402,0.268,0.268
19835,0.398,0.24,0.24
19836,0.394,0.224,0.224
19837,0.396,0.218,0.218
19838,0.384,0.184,0.184
19839,0.378,0.182,0.182
19840,0.37,0.17,0.17
19841,0.36,0.166,0.166
19842,0.35,0.152,0.152
19843,0.35,0.148,0.148
19844,0.346,0.12,0.12
19845,0.342,0.116,0.116
19846,0.336,0.102,0.102
19847,0.332,0.066,0.066
19848,0.326,0.042,0.042
19849,0.314,0.036,0.036
19850,0.318,0.02,0.02
19851,0.312,0.018,0.018
19852,0.294,0.016,0.016
19853,0.292,0.016,0.016
19854,0.294,0.01,0.01
19855,0.288,0.01,0.01
19856,0.284,0.004,0.004
19857,0.292,0.004,0.004
19858,0.306,0.004,0.004
19859,0.296,0.004,0.004
19860,0.282,0,0
19861,0.268,0,0
19862,0.24,0,0
19863,0.224,0,0
19864,0.218,0,0
19865,0.184,0,0
19866,0.182,0,0
19867,0.17,0,0
19868,0.166,0,0
19869,0.152,0,0
19870,0.148,0,0
19871,0.12,0,0
19872,0.116,0,0
19873,0.102,0,0
19874,0.066,0,0
19875,0.042,0,0
19876,0.036,0,0
19877,0.02,0,0
19878,0.018,0,0
19879,0.016,0,0
19880,0.016,0,0
19881,0.01,0,0
19882,0.01,0,0
19883,0.004,0,0
19884,0.004,0,0
19885,0.004,0,0
19886,0.004,0,0
19887,0,0,0
19888,0,0,0
19889,0,0,0
19890,0,0,0
19891,0,0,0
19892,0,0,0
19893,0,0,0
19894,0,0,0
19895,0,0,0
19896,0,0,0
19897,0,0,0
19898,0,0,0
19899,0,0,0
19900,0,0,0
19901,0,0,0
19902,0,0,0
19903,0,0,0
19904,0,0,0
19905,0,0,0
19906,0,0,0
19907,0,0,0
19908,0,0,0
19909,0,0,0
19910,0,0,0
19911,0,0,0
19912,0,0,0
19913,0,0,0
19914,0,0,0
19915,0,0,0
19916,0,0,0
19917,0,0,0
19918,0,0,0
19919,0,0,0
19920,0,0,0
19921,0,0,0
19922,0,0,0
19923,0,0,0
19924,0,0,0
19925,0,0,0
19926,0,0,0
19927,0,0,0
19928,0,0,0
19929,0,0,0
19930,0,0,0
19931,0,0,0
19932,0,0,0
19933,0,0,0
19934,0,0,0
19935,0,0,0
19936,0,0,0
19937,0.008,0.008,0.008
19938,0,0,0
19939,0,0,0
19940,0,0,0
19941,0,0,0
19942,0,0,0
19943,0,0,0
19944,0,0,0
19945,0,0,0
19946,0,0,0
19947,0,0,0
19948,0,0,0
19949,0,0,0
19950,0,0,0
19951,0,0,0
19952,0,0,0
19953,0,0,0
19954,0,0,0
19955,0,0,0
19956,0,0,0
19957,0,0,0
19958,0,0,0
19959,0,0,0
19960,0,0,0
19961,0,0,0
19962,0,0,0
19963,0,0,0
19964,0,0,0
19965,0,0,0
19966,0,0,0
19967,0.004,0.004,0.004
19968,0,0,0
19969,0,0,0
19970,0,0,0
19971,0,0,0
19972,0,0,0
19973,0,0,0
19974,0,0,0
19975,0,0,0
19976,0,0,0
19977,0,0,0
19978,0,0,0
19979,0.004,0.004,0.004
19980,0.01,0.01,0.01
19981,0.014,0.014,0.014
19982,0.018,0.018,0.018
19983,0.02,0.02,0.02
19984,0.018,0.018,0.018
19985,0.018,0.018,0.018
19986,0.052,0.052,0.052
19987,0.052,0.052,0.052
19988,0.052,0.052,0.052
19989,0.046,0.046,0.046
19990,0.044,0.044,0.044
19991,0.044,0.044,0.044
19992,0.05,0.05,0.05
19993,0.046,0.046,0.046
19994,0.044,0.044,0.044
19995,0.038,0.038,0.038
19996,0.038,0.038,0.038
19997,0.038,0.038,0.038
19998,0.048,0.048,0.048
19999,0.058,0.058,0.058
20000,0.068,0.068,0.068
20001,0.058,0.058,0.058
20002,0.054,0.054,0.054
20003,0.05,0.05,0.05
20004,0.072,0.072,0.072
20005,0.088,0.088,0.088
20006,0.11,0.11,0.11
20007,0.098,0.098,0.098
20008,0.112,0.112,0.112
20009,0.104,0.104,0.104
20010,0.134,0.134,0.134
20011,0.14,0.14,0.14
20012,0.122,0.122,0.122
20013,0.118,0.118,0.118
20014,0.12,0.12,0.12
20015,0.106,0.106,0.106
20016,0.072,0.072,0.072
20017,0.054,0.054,0.054
20018,0.054,0.054,0.054
20019,0.12,0.12,0.12
20020,0.168,0.168,0.168
20021,0.15,0.15,0.15
20022,0.128,0.128,0.128
20023,0.124,0.124,0.124
20024,0.146,0.146,0.146
20025,0.146,0.146,0.146
20026,0.144,0.144,0.144
20027,0.136,0.136,0.136
20028,0.132,0.132,0.132
20029,0.118,0.118,0.118
20030,0.13,0.13,0.13
20031,0.106,0.106,0.106
20032,0.116,0.116,0.116
20033,0.126,0.126,0.126
20034,0.12,0.12,0.12
20035,0.14,0.14,0.14
20036,0.126,0.126,0.126
20037,0.122,0.122,0.122
20038,0.118,0.118,0.118
20039,0.106,0.106,0.106
20040,0.118,0.118,0.118
20041,0.12,0.12,0.12
20042,0.108,0.108,0.108
20043,0.124,0.124,0.124
20044,0.126,0.126,0.126
20045,0.106,0.106,0.106
20046,0.098,0.098,0.098
20047,0.106,0.106,0.106
20048,0.116,0.116,0.116
20049,0.116,0.116,0.116
20050,0.13,0.13,0.13
20051,0.148,0.148,0.148
20052,0.154,0.154,0.154
20053,0.134,0.134,0.134
20054,0.154,0.154,0.154
20055,0.132,0.132,0.132
20056,0.126,0.126,0.126
20057,0.122,0.122,0.122
20058,0.134,0.134,0.134
20059,0.142,0.142,0.142
20060,0.136,0.136,0.136
20061,0.122,0.122,0.122
20062,0.16,0.16,0.16
20063,0.188,0.188,0.188
20064,0.154,0.154,0.154
20065,0.188,0.188,0.188
20066,0.17,0.17,0.17
20067,0.174,0.174,0.174
20068,0.17,0.17,0.17
20069,0.162,0.162,0.162
20070,0.158,0.158,0.158
20071,0.156,0.156,0.156
20072,0.164,0.164,0.164
20073,0.16,0.16,0.16
20074,0.164,0.164,0.164
20075,0.112,0.112,0.112
20076,0.154,0.154,0.154
20077,0.154,0.154,0.154
20078,0.154,0.154,0.154
20079,0.158,0.158,0.158
20080,0.156,0.156,0.156
20081,0.156,0.156,0.156
20082,0.16,0.16,0.16
20083,0.138,0.138,0.138
20084,0.15,0.15,0.15
20085,0.154,0.154,0.154
20086,0.162,0.162,0.162
20087,0.172,0.172,0.172
20088,0.17,0.17,0.17
20089,0.19,0.19,0.19
20090,0.23,0.23,0.23
20091,0.274,0.274,0.274
20092,0.246,0.246,0.246
20093,0.24,0.24,0.24
20094,0.276,0.276,0.276
20095,0.308,0.308,0.308
20096,0.248,0.248,0.248
20097,0.264,0.264,0.264
20098,0.262,0.262,0.262
20099,0.304,0.304,0.304
20100,0.302,0.302,0.302
20101,0.29,0.29,0.29
20102,0.246,0.246,0.246
20103,0.248,0.248,0.248
20104,0.244,0.244,0.244
20105,0.222,0.222,0.222
20106,0.228,0.228,0.228
20107,0.234,0.234,0.234
20108,0.238,0.238,0.238
20109,0.246,0.246,0.246
20110,0.242,0.242,0.242
20111,0.248,0.248,0.248
20112,0.238,0.238,0.238
20113,0.25,0.25,0.25
20114,0.248,0.248,0.248
20115,0.248,0.248,0.248
20116,0.278,0.278,0.278
20117,0.268,0.268,0.268
20118,0.274,0.274,0.274
20119,0.272,0.272,0.272
20120,0.276,0.276,0.276
20121,0.28,0.28,0.28
20122,0.288,0.288,0.288
20123,0.302,0.302,0.302
20124,0.298,0.298,0.298
20125,0.31,0.31,0.31
20126,0.312,0.312,0.312
20127,0.358,0.358,0.358
20128,0.342,0.342,0.342
20129,0.338,0.338,0.338
20130,0.338,0.338,0.338
20131,0.344,0.344,0.344
20132,0.342,0.342,0.342
20133,0.33,0.33,0.33
20134,0.332,0.332,0.332
20135,0.342,0.342,0.342
20136,0.336,0.336,0.336
20137,0.382,0.382,0.382
20138,0.368,0.368,0.368
20139,0.35,0.35,0.35
20140,0.376,0.376,0.376
20141,0.406,0.406,0.406
20142,0.39,0.39,0.39
20143,0.39,0.39,0.39
20144,0.372,0.372,0.372
20145,0.368,0.368,0.368
20146,0.38,0.38,0.38
20147,0.368,0.368,0.368
20148,0.372,0.372,0.372
20149,0.358,0.358,0.358
20150,0.366,0.366,0.366
20151,0.372,0.372,0.372
20152,0.382,0.382,0.382
20153,0.388,0.388,0.388
20154,0.39,0.39,0.39
20155,0.382,0.382,0.382
20156,0.386,0.386,0.386
20157,0.416,0.416,0.416
20158,0.406,0.406,0.406
20159,0.406,0.406,0.406
20160,0.404,0.404,0.404
20161,0.404,0.404,0.404
20162,0.402,0.402,0.402
20163,0.404,0.404,0.404
20164,0.426,0.426,0.426
20165,0.422,0.422,0.422
20166,0.418,0.418,0.418
20167,0.418,0.418,0.418
20168,0.412,0.412,0.412
20169,0.414,0.414,0.414
20170,0.398,0.398,0.398
20171,0.388,0.388,0.388
20172,0.39,0.39,0.39
20173,0.378,0.378,0.378
20174,0.374,0.374,0.374
20175,0.384,0.384,0.384
20176,0.446,0.446,0.446
20177,0.432,0.432,0.432
20178,0.442,0.442,0.442
20179,0.44,0.44,0.44
20180,0.432,0.432,0.432
20181,0.436,0.436,0.436
20182,0.432,0.432,0.432
20183,0.43,0.43,0.43
20184,0.43,0.43,0.43
20185,0.41,0.41,0.41
20186,0.422,0.422,0.422
20187,0.43,0.43,0.43
20188,0.426,0.426,0.426
20189,0.42,0.42,0.42
20190,0.434,0.434,0.434
20191,0.422,0.422,0.422
20192,0.428,0.428,0.428
20193,0.44,0.44,0.44
20194,0.428,0.428,0.428
20195,0.428,0.428,0.428
20196,0.418,0.418,0.418
20197,0.41,0.296,0.296
20198,0.416,0.282,0.282
20199,0.402,0.268,0.268
20200,0.398,0.24,0.24
20201,0.394,0.224,0.224
20202,0.396,0.218,0.218
20203,0.384,0.184,0.184
20204,0.378,0.182,0.182
20205,0.37,0.17,0.17
20206,0.36,0.166,0.166
20207,0.35,0.152,0.152
20208,0.35,0.148,0.148
20209,0.346,0.12,0.12
20210,0.342,0.116,0.116
20211,0.336,0.102,0.102
20212,0.332,0.066,0.066
20213,0.326,0.042,0.042
20214,0.314,0.036,0.036
20215,0.318,0.02,0.02
20216,0.312,0.018,0.018
20217,0.294,0.016,0.016
20218,0.292,0.016,0.016
20219,0.294,0.01,0.01
20220,0.288,0.01,0.01
20221,0.284,0.004,0.004
20222,0.292,0.004,0.004
20223,0.306,0.004,0.004
20224,0.296,0.004,0.004
20225,0.282,0,0
20226,0.268,0,0
20227,0.24,0,0
20228,0.224,0,0
20229,0.218,0,0
20230,0.184,0,0
20231,0.182,0,0
20232,0.17,0,0
20233,0.166,0,0
20234,0.152,0,0
20235,0.148,0,0
20236,0.12,0,0
20237,0.116,0,0
20238,0.102,0,0
20239,0.066,0,0
20240,0.042,0,0
20241,0.036,0,0
20242,0.02,0,0
20243,0.018,0,0
20244,0.016,0,0
20245,0.016,0,0
20246,0.01,0,0
20247,0.01,0,0
20248,0.004,0,0
20249,0.004,0,0
20250,0.004,0,0
20251,0.004,0,0
20252,0,0,0
20253,0,0,0
20254,0,0,0
20255,0,0,0
20256,0,0,0
20257,0,0,0
20258,0,0,0
20259,0,0,0
20260,0,0,0
20261,0,0,0
20262,0,0,0
20263,0,0,0
20264,0,0,0
20265,0,0,0
20266,0,0,0
20267,0,0,0
20268,0,0,0
20269,0,0,0
20270,0,0,0
20271,0,0,0
20272,0,0,0
20273,0,0,0
20274,0,0,0
20275,0,0,0
20276,0,0,0
20277,0,0,0
20278,0,0,0
20279,0,0,0
20280,0,0,0
20281,0,0,0
20282,0,0,0
20283,0,0,0
20284,0,0,0
20285,0,0,0
20286,0,0,0
20287,0,0,0
20288,0,0,0
20289,0,0,0
20290,0,0,0
20291,0,0,0
20292,0,0,0
20293,0,0,0
20294,0,0,0
20295,0,0,0
20296,0,0,0
20297,0,0,0
20298,0,0,0
20299,0,0,0
20300,0,0,0
20301,0,0,0
20302,0.008,0.008,0.008
20303,0,0,0
20304,0,0,0
20305,0,0,0
20306,0,0,0
20307,0,0,0
20308,0,0,0
20309,0,0,0
20310,0,0,0
20311,0,0,0
20312,0,0,0
20313,0,0,0
20314,0,0,0
20315,0,0,0
20316,0,0,0
20317,0,0,0
20318,0,0,0
20319,0,0,0
20320,0,0,0
20321,0,0,0
20322,0,0,0
20323,0,0,0
20324,0,0,0
20325,0,0,0
20326,0,0,0
20327,0,0,0
20328,0,0,0
20329,0,0,0
20330,0,0,0
20331,0,0,0
20332,0.004,0.004,0.004
20333,0,0,0
20334,0,0,0
20335,0,0,0
20336,0,0,0
20337,0,0,0
20338,0,0,0
20339,0,0,0
20340,0,0,0
20341,0,0,0
20342,0,0,0
20343,0,0,0
20344,0.004,0.004,0.004
20345,0.01,0.01,0.01
20346,0.014,0.014,0.014
20347,0.018,0.018,0.018
20348,0.02,0.02,0.02
20349,0.018,0.018,0.018
20350,0.018,0.018,0.018
20351,0.052,0.052,0.052
20352,0.052,0.052,0.052
20353,0.052,0.052,0.052
20354,0.046,0.046,0.046
20355,0.044,0.044,0.044
20356,0.044,0.044,0.044
20357,0.05,0.05,0.05
20358,0.046,0.046,0.046
20359,0.044,0.044,0.044
20360,0.038,0.038,0.038
20361,0.038,0.038,0.038
20362,0.038,0.038,0.038
20363,0.048,0.048,0.048
20364,0.058,0.058,0.058
20365,0.068,0.068,0.068
20366,0.058,0.058,0.058
20367,0.054,0.054,0.054
20368,0.05,0.05,0.05
20369,0.072,0.072,0.072
20370,0.088,0.088,0.088
20371,0.11,0.11,0.11
20372,0.098,0.098,0.098
20373,0.112,0.112,0.112
20374,0.104,0.104,0.104
20375,0.134,0.134,0.134
20376,0.14,0.14,0.14
20377,0.122,0.122,0.122
20378,0.118,0.118,0.118
20379,0.12,0.12,0.12
20380,0.106,0.106,0.106
20381,0.072,0.072,0.072
20382,0.054,0.054,0.054
20383,0.054,0.054,0.054
20384,0.12,0.12,0.12
20385,0.168,0.168,0.168
20386,0.15,0.15,0.15
20387,0.128,0.128,0.128
20388,0.124,0.124,0.124
20389,0.146,0.146,0.146
20390,0.146,0.146,0.146
20391,0.144,0.144,0.144
20392,0.136,0.136,0.136
20393,0.132,0.132,0.132
20394,0.118,0.118,0.118
20395,0.13,0.13,0.13
20396,0.106,0.106,0.106
20397,0.116,0.116,0.116
20398,0.126,0.126,0.126
20399,0.12,0.12,0.12
20400,0.14,0.14,0.14
20401,0.126,0.126,0.126
20402,0.122,0.122,0.122
20403,0.118,0.118,0.118
20404,0.106,0.106,0.106
20405,0.118,0.118,0.118
20406,0.12,0.12,0.12
20407,0.108,0.108,0.108
20408,0.124,0.124,0.124
20409,0.126,0.126,0.126
20410,0.106,0.106,0.106
20411,0.098,0.098,0.098
20412,0.106,0.106,0.106
20413,0.116,0.116,0.116
20414,0.116,0.116,0.116
20415,0.13,0.13,0.13
20416,0.148,0.148,0.148
20417,0.154,0.154,0.154
20418,0.134,0.134,0.134
20419,0.154,0.154,0.154
20420,0.132,0.132,0.132
20421,0.126,0.126,0.126
20422,0.122,0.122,0.122
20423,0.134,0.134,0.134
20424,0.142,0.142,0.142
20425,0.136,0.136,0.136
20426,0.122,0.122,0.122
20427,0.16,0.16,0.16
20428,0.188,0.188,0.188
20429,0.154,0.154,0.154
20430,0.188,0.188,0.188
20431,0.17,0.17,0.17
20432,0.174,0.174,0.174
20433,0.17,0.17,0.17
20434,0.162,0.162,0.162
20435,0.158,0.158,0.158
20436,0.156,0.156,0.156
20437,0.164,0.164,0.164
20438,0.16,0.16,0.16
20439,0.164,0.164,0.164
20440,0.112,0.112,0.112
20441,0.154,0.154,0.154
20442,0.154,0.154,0.154
20443,0.154,0.154,0.154
20444,0.158,0.158,0.158
20445,0.156,0.156,0.156
20446,0.156,0.156,0.156
20447,0.16,0.16,0.16
20448,0.138,0.138,0.138
20449,0.15,0.15,0.15
20450,0.154,0.154,0.154
20451,0.162,0.162,0.162
20452,0.172,0.172,0.172
20453,0.17,0.17,0.17
20454,0.19,0.19,0.19
20455,0.23,0.23,0.23
20456,0.274,0.274,0.274
20457,0.246,0.246,0.246
20458,0.24,0.24,0.24
20459,0.276,0.276,0.276
20460,0.308,0.308,0.308
20461,0.248,0.248,0.248
20462,0.264,0.264,0.264
20463,0.262,0.262,0.262
20464,0.304,0.304,0.304
20465,0.302,0.302,0.302
20466,0.29,0.29,0.29
20467,0.246,0.246,0.246
20468,0.248,0.248,0.248
20469,0.244,0.244,0.244
20470,0.222,0.222,0.222
20471,0.228,0.228,0.228
20472,0.234,0.234,0.234
20473,0.238,0.238,0.238
20474,0.246,0.246,0.246
20475,0.242,0.242,0.242
20476,0.248,0.248,0.248
20477,0.238,0.238,0.238
20478,0.25,0.25,0.25
20479,0.248,0.248,0.248
20480,0.248,0.248,0.248
20481,0.278,0.278,0.278
20482,0.268,0.268,0.268
20483,0.274,0.274,0.274
20484,0.272,0.272,0.272
20485,0.276,0.276,0.276
20486,0.28,0.28,0.28
20487,0.288,0.288,0.288
20488,0.302,0.302,0.302
20489,0.298,0.298,0.298
20490,0.31,0.31,0.31
20491,0.312,0.312,0.312
20492,0.358,0.358,0.358
20493,0.342,0.342,0.342
20494,0.338,0.338,0.338
20495,0.338,0.338,0.338
20496,0.344,0.344,0.344
20497,0.342,0.342,0.342
20498,0.33,0.33,0.33
20499,0.332,0.332,0.332
20500,0.342,0.342,0.342
20501,0.336,0.336,0.336
20502,0.382,0.382,0.382
20503,0.368,0.368,0.368
20504,0.35,0.35,0.35
20505,0.376,0.376,0.376
20506,0.406,0.406,0.406
20507,0.39,0.39,0.39
20508,0.39,0.39,0.39
20509,0.372,0.372,0.372
20510,0.368,0.368,0.368
20511,0.38,0.38,0.38
20512,0.368,0.368,0.368
20513,0.372,0.372,0.372
20514,0.358,0.358,0.358
20515,0.366,0.366,0.366
20516,0.372,0.372,0.372
20517,0.382,0.382,0.382
20518,0.388,0.388,0.388
20519,0.39,0.39,0.39
20520,0.382,0.382,0.382
20521,0.386,0.386,0.386
20522,0.416,0.416,0.416
20523,0.406,0.406,0.406
20524,0.406,0.406,0.406
20525,0.404,0.404,0.404
20526,0.404,0.404,0.404
20527,0.402,0.402,0.402
20528,0.404,0.404,0.404
20529,0.426,0.426,0.426
20530,0.422,0.422,0.422
20531,0.418,0.418,0.418
20532,0.418,0.418,0.418
20533,0.412,0.412,0.412
20534,0.414,0.414,0.414
20535,0.398,0.398,0.398
20536,0.388,0.388,0.388
20537,0.39,0.39,0.39
20538,0.378,0.378,0.378
20539,0.374,0.374,0.374
20540,0.384,0.384,0.384
20541,0.446,0.446,0.446
20542,0.432,0.432,0.432
20543,0.442,0.442,0.442
20544,0.44,0.44,0.44
20545,0.432,0.432,0.432
20546,0.436,0.436,0.436
20547,0.432,0.432,0.432
20548,0.43,0.43,0.43
20549,0.43,0.43,0.43
20550,0.41,0.41,0.41
20551,0.422,0.422,0.422
20552,0.43,0.43,0.43
20553,0.426,0.426,0.426
20554,0.42,0.42,0.42
20555,0.434,0.434,0.434
20556,0.422,0.422,0.422
20557,0.428,0.428,0.428
20558,0.44,0.44,0.44
20559,0.428,0.428,0.428
20560,0.428,0.428,0.428
20561,0.418,0.296,0.296
20562,0.41,0.282,0.282
20563,0.416,0.268,0.268
20564,0.402,0.24,0.24
20565,0.398,0.224,0.224
20566,0.394,0.218,0.218
20567,0.396,0.184,0.184
20568,0.384,0.182,0.182
20569,0.378,0.17,0.17
20570,0.37,0.166,0.166
20571,0.36,0.152,0.152
20572,0.35,0.148,0.148
20573,0.35,0.12,0.12
20574,0.346,0.116,0.116
20575,0.342,0.102,0.102
20576,0.336,0.066,0.066
20577,0.332,0.042,0.042
20578,0.326,0.036,0.036
20579,0.314,0.02,0.02
20580,0.318,0.018,0.018
20581,0.312,0.016,0.016
20582,0.294,0.016,0.016
20583,0.292,0.01,0.01
20584,0.294,0.01,0.01
20585,0.288,0.004,0.004
20586,0.284,0.004,0.004
20587,0.292,0.004,0.004
20588,0.306,0.004,0.004
20589,0.296,0,0
20590,0.282,0,0
20591,0.268,0,0
20592,0.24,0,0
20593,0.224,0,0
20594,0.218,0,0
20595,0.184,0,0
20596,0.182,0,0
20597,0.17,0,0
20598,0.166,0,0
20599,0.152,0,0
20600,0.148,0,0
20601,0.12,0,0
20602,0.116,0,0
20603,0.102,0,0
20604,0.066,0,0
20605,0.042,0,0
20606,0.036,0,0
20607,0.02,0,0
20608,0.018,0,0
20609,0.016,0,0
20610,0.016,0,0
20611,0.01,0,0
20612,0.01,0,0
20613,0.004,0,0
20614,0.004,0,0
20615,0.004,0,0
20616,0.004,0,0
20617,0,0,0
20618,0,0,0
20619,0,0,0
20620,0,0,0
20621,0,0,0
20622,0,0,0
20623,0,0,0
20624,0,0,0
20625,0,0,0
20626,0,0,0
20627,0,0,0
20628,0,0,0
20629,0,0,0
20630,0,0,0
20631,0,0,0
20632,0,0,0
20633,0,0,0
20634,0,0,0
20635,0,0,0
20636,0,0,0
20637,0,0,0
20638,0,0,0
20639,0,0,0
20640,0,0,0
20641,0,0,0
20642,0,0,0
20643,0,0,0
20644,0,0,0
20645,0,0,0
20646,0,0,0
20647,0,0,0
20648,0,0,0
20649,0,0,0
20650,0,0,0
20651,0,0,0
20652,0,0,0
20653,0,0,0
20654,0,0,0
20655,0,0,0
20656,0,0,0
20657,0,0,0
20658,0,0,0
20659,0,0,0
20660,0,0,0
20661,0,0,0
20662,0,0,0
20663,0,0,0
20664,0,0,0
20665,0,0,0
20666,0,0,0
20667,0.008,0.008,0.008
20668,0,0,0
20669,0,0,0
20670,0,0,0
20671,0,0,0
20672,0,0,0
20673,0,0,0
20674,0,0,0
20675,0,0,0
20676,0,0,0
20677,0,0,0
20678,0,0,0
20679,0,0,0
20680,0,0,0
20681,0,0,0
20682,0,0,0
20683,0,0,0
20684,0,0,0
20685,0,0,0
20686,0,0,0
20687,0,0,0
20688,0,0,0
20689,0,0,0
20690,0,0,0
20691,0,0,0
20692,0,0,0
20693,0,0,0
20694,0,0,0
20695,0,0,0
20696,0,0,0
20697,0.004,0.004,0.004
20698,0,0,0
20699,0,0,0
20700,0,0,0
20701,0,0,0
20702,0,0,0
20703,0,0,0
20704,0,0,0
20705,0,0,0
20706,0,0,0
20707,0,0,0
20708,0,0,0
20709,0.004,0.004,0.004
20710,0.01,0.01,0.01
20711,0.014,0.014,0.014
20712,0.018,0.018,0.018
20713,0.02,0.02,0.02
20714,0.018,0.018,0.018
20715,0.018,0.018,0.018
20716,0.052,0.052,0.052
20717,0.052,0.052,0.052
20718,0.052,0.052,0.052
20719,0.046,0.046,0.046
20720,0.044,0.044,0.044
20721,0.044,0.044,0.044
20722,0.05,0.05,0.05
20723,0.046,0.046,0.046
20724,0.044,0.044,0.044
20725,0.038,0.038,0.038
20726,0.038,0.038,0.038
20727,0.038,0.038,0.038
20728,0.048,0.048,0.048
20729,0.058,0.058,0.058
20730,0.068,0.068,0.068
20731,0.058,0.058,0.058
20732,0.054,0.054,0.054
20733,0.05,0.05,0.05
20734,0.072,0.072,0.072
20735,0.088,0.088,0.088
20736,0.11,0.11,0.11
20737,0.098,0.098,0.098
20738,0.112,0.112,0.112
20739,0.104,0.104,0.104
20740,0.134,0.134,0.134
20741,0.14,0.14,0.14
20742,0.122,0.122,0.122
20743,0.118,0.118,0.118
20744,0.12,0.12,0.12
20745,0.106,0.106,0.106
20746,0.072,0.072,0.072
20747,0.054,0.054,0.054
20748,0.054,0.054,0.054
20749,0.12,0.12,0.12
20750,0.168,0.168,0.168
20751,0.15,0.15,0.15
20752,0.128,0.128,0.128
20753,0.124,0.124,0.124
20754,0.146,0.146,0.146
20755,0.146,0.146,0.146
20756,0.144,0.144,0.144
20757,0.136,0.136,0.136
20758,0.132,0.132,0.132
20759,0.118,0.118,0.118
20760,0.13,0.13,0.13
20761,0.106,0.106,0.106
20762,0.116,0.116,0.116
20763,0.126,0.126,0.126
20764,0.12,0.12,0.12
20765,0.14,0.14,0.14
20766,0.126,0.126,0.126
20767,0.122,0.122,0.122
20768,0.118,0.118,0.118
20769,0.106,0.106,0.106
20770,0.118,0.118,0.118
20771,0.12,0.12,0.12
20772,0.108,0.108,0.108
20773,0.124,0.124,0.124
20774,0.126,0.126,0.126
20775,0.106,0.106,0.106
20776,0.098,0.098,0.098
20777,0.106,0.106,0.106
20778,0.116,0.116,0.116
20779,0.116,0.116,0.116
20780,0.13,0.13,0.13
20781,0.148,0.148,0.148
20782,0.154,0.154,0.154
20783,0.134,0.134,0.134
20784,0.154,0.154,0.154
20785,0.132,0.132,0.132
20786,0.126,0.126,0.126
20787,0.122,0.122,0.122
20788,0.134,0.134,0.134
20789,0.142,0.142,0.142
20790,0.136,0.136,0.136
20791,0.122,0.122,0.122
20792,0.16,0.16,0.16
20793,0.188,0.188,0.188
20794,0.154,0.154,0.154
20795,0.188,0.188,0.188
20796,0.17,0.17,0.17
20797,0.174,0.174,0.174
20798,0.17,0.17,0.17
20799,0.162,0.162,0.162
20800,0.158,0.158,0.158
20801,0.156,0.156,0.156
20802,0.164,0.164,0.164
20803,0.16,0.16,0.16
20804,0.164,0.164,0.164
20805,0.112,0.112,0.112
20806,0.154,0.154,0.154
20807,0.154,0.154,0.154
20808,0.154,0.154,0.154
20809,0.158,0.158,0.158
20810,0.156,0.156,0.156
20811,0.156,0.156,0.156
20812,0.16,0.16,0.16
20813,0.138,0.138,0.138
20814,0.15,0.15,0.15
20815,0.154,0.154,0.154
20816,0.162,0.162,0.162
20817,0.172,0.172,0.172
20818,0.17,0.17,0.17
20819,0.19,0.19,0.19
20820,0.23,0.23,0.23
20821,0.274,0.274,0.274
20822,0.246,0.246,0.246
20823,0.24,0.24,0.24
20824,0.276,0.276,0.276
20825,0.308,0.308,0.308
20826,0.248,0.248,0.248
20827,0.264,0.264,0.264
20828,0.262,0.262,0.262
20829,0.304,0.304,0.304
20830,0.302,0.302,0.302
20831,0.29,0.29,0.29
20832,0.246,0.246,0.246
20833,0.248,0.248,0.248
20834,0.244,0.244,0.244
20835,0.222,0.222,0.222
20836,0.228,0.228,0.228
20837,0.234,0.234,0.234
20838,0.238,0.238,0.238
20839,0.246,0.246,0.246
20840,0.242,0.242,0.242
20841,0.248,0.248,0.248
20842,0.238,0.238,0.238
20843,0.25,0.25,0.25
20844,0.248,0.248,0.248
20845,0.248,0.248,0.248
20846,0.278,0.278,0.278
20847,0.268,0.268,0.268
20848,0.274,0.274,0.274
20849,0.272,0.272,0.272
20850,0.276,0.276,0.276
20851,0.28,0.28,0.28
20852,0.288,0.288,0.288
20853,0.302,0.302,0.302
20854,0.298,0.298,0.298
20855,0.31,0.31,0.31
20856,0.312,0.312,0.312
20857,0.358,0.358,0.358
20858,0.342,0.342,0.342
20859,0.338,0.338,0.338
20860,0.338,0.338,0.338
20861,0.344,0.344,0.344
20862,0.342,0.342,0.342
20863,0.33,0.33,0.33
20864,0.332,0.332,0.332
20865,0.342,0.342,0.342
20866,0.336,0.336,0.336
20867,0.382,0.382,0.382
20868,0.368,0.368,0.368
20869,0.35,0.35,0.35
20870,0.376,0.376,0.376
20871,0.406,0.406,0.406
20872,0.39,0.39,0.39
20873,0.39,0.39,0.39
20874,0.372,0.372,0.372
20875,0.368,0.368,0.368
20876,0.38,0.38,0.38
20877,0.368,0.368,0.368
20878,0.372,0.372,0.372
20879,0.358,0.358,0.358
20880,0.366,0.366,0.366
20881,0.372,0.372,0.372
20882,0.382,0.382,0.382
20883,0.388,0.388,0.388
20884,0.39,0.39,0.39
20885,0.382,0.382,0.382
20886,0.386,0.386,0.386
20887,0.416,0.416,0.416
20888,0.406,0.406,0.406
20889,0.406,0.406,0.406
20890,0.404,0.404,0.404
20891,0.404,0.404,0.404
20892,0.402,0.402,0.402
20893,0.404,0.404,0.404
20894,0.426,0.426,0.426
20895,0.422,0.422,0.422
20896,0.418,0.418,0.418
20897,0.418,0.418,0.418
20898,0.412,0.412,0.412
20899,0.414,0.414,0.414
20900,0.398,0.398,0.398
20901,0.388,0.388,0.388
20902,0.39,0.39,0.39
20903,0.378,0.378,0.378
20904,0.374,0.374,0.374
20905,0.384,0.384,0.384
20906,0.446,0.446,0.446
20907,0.432,0.432,0.432
20908,0.442,0.442,0.442
20909,0.44,0.44,0.44
20910,0.432,0.432,0.432
20911,0.436,0.436,0.436
20912,0.432,0.432,0.432
20913,0.43,0.43,0.43
20914,0.43,0.43,0.43
20915,0.41,0.41,0.41
20916,0.422,0.422,0.422
20917,0.43,0.43,0.43
20918,0.426,0.426,0.426
20919,0.42,0.42,0.42
20920,0.434,0.434,0.434
20921,0.422,0.422,0.422
20922,0.428,0.428,0.428
20923,0.44,0.44,0.44
20924,0.428,0.428,0.428
20925,0.428,0.428,0.428
20926,0.418,0.296,0.296
20927,0.41,0.282,0.282
20928,0.416,0.268,0.268
20929,0.402,0.24,0.24
20930,0.398,0.224,0.224
20931,0.394,0.218,0.218
20932,0.396,0.184,0.184
20933,0.384,0.182,0.182
20934,0.378,0.17,0.17
20935,0.37,0.166,0.166
20936,0.36,0.152,0.152
20937,0.35,0.148,0.148
20938,0.35,0.12,0.12
20939,0.346,0.116,0.116
20940,0.342,0.102,0.102
20941,0.336,0.066,0.066
20942,0.332,0.042,0.042
20943,0.326,0.036,0.036
20944,0.314,0.02,0.02
20945,0.318,0.018,0.018
20946,0.312,0.016,0.016
20947,0.294,0.016,0.016
20948,0.292,0.01,0.01
20949,0.294,0.01,0.01
20950,0.288,0.004,0.004
20951,0.284,0.004,0.004
20952,0.292,0.004,0.004
20953,0.306,0.004,0.004
20954,0.296,0,0
20955,0.282,0,0
20956,0.268,0,0
20957,0.24,0,0
20958,0.224,0,0
20959,0.218,0,0
20960,0.184,0,0
20961,0.182,0,0
20962,0.17,0,0
20963,0.166,0,0
20964,0.152,0,0
20965,0.148,0,0
20966,0.12,0,0
20967,0.116,0,0
20968,0.102,0,0
20969,0.066,0,0
20970,0.042,0,0
20971,0.036,0,0
20972,0.02,0,0
20973,0.018,0,0
20974,0.016,0,0
20975,0.016,0,0
20976,0.01,0,0
20977,0.01,0,0
20978,0.004,0,0
20979,0.004,0,0
20980,0.004,0,0
20981,0.004,0,0
20982,0,0,0
20983,0,0,0
20984,0,0,0
20985,0,0,0
20986,0,0,0
20987,0,0,0
20988,0,0,0
20989,0,0,0
20990,0,0,0
20991,0,0,0
20992,0,0,0
20993,0,0,0
20994,0,0,0
20995,0,0,0
20996,0,0,0
20997,0,0,0
20998,0,0,0
20999,0,0,0
21000,0,0,0
21001,0,0,0
21002,0,0,0
21003,0,0,0
21004,0,0,0
21005,0,0,0
21006,0,0,0
21007,0,0,0
21008,0,0,0
21009,0,0,0
21010,0,0,0
21011,0,0,0
21012,0,0,0
21013,0,0,0
21014,0,0,0
21015,0,0,0
21016,0,0,0
21017,0,0,0
21018,0,0,0
21019,0,0,0
21020,0,0,0
21021,0,0,0
21022,0,0,0
21023,0,0,0
21024,0,0,0
21025,0,0,0
21026,0,0,0
21027,0,0,0
21028,0,0,0
21029,0,0,0
21030,0,0,0
21031,0,0,0
21032,0.008,0.008,0.008
21033,0,0,0
21034,0,0,0
21035,0,0,0
21036,0,0,0
21037,0,0,0
21038,0,0,0
21039,0,0,0
21040,0,0,0
21041,0,0,0
21042,0,0,0
21043,0,0,0
21044,0,0,0
21045,0,0,0
21046,0,0,0
21047,0,0,0
21048,0,0,0
21049,0,0,0
21050,0,0,0
21051,0,0,0
21052,0,0,0
21053,0,0,0
21054,0,0,0
21055,0,0,0
21056,0,0,0
21057,0,0,0
21058,0,0,0
21059,0,0,0
21060,0,0,0
21061,0,0,0
21062,0.004,0.004,0.004
21063,0,0,0
21064,0,0,0
21065,0,0,0
21066,0,0,0
21067,0,0,0
21068,0,0,0
21069,0,0,0
21070,0,0,0
21071,0,0,0
21072,0,0,0
21073,0,0,0
21074,0.004,0.004,0.004
21075,0.01,0.01,0.01
21076,0.014,0.014,0.014
21077,0.018,0.018,0.018
21078,0.02,0.02,0.02
21079,0.018,0.018,0.018
21080,0.018,0.018,0.018
21081,0.052,0.052,0.052
21082,0.052,0.052,0.052
21083,0.052,0.052,0.052
21084,0.046,0.046,0.046
21085,0.044,0.044,0.044
21086,0.044,0.044,0.044
21087,0.05,0.05,0.05
21088,0.046,0.046,0.046
21089,0.044,0.044,0.044
21090,0.038,0.038,0.038
21091,0.038,0.038,0.038
21092,0.038,0.038,0.038
21093,0.048,0.048,0.048
21094,0.058,0.058,0.058
21095,0.068,0.068,0.068
21096,0.058,0.058,0.058
21097,0.054,0.054,0.054
21098,0.05,0.05,0.05
21099,0.072,0.072,0.072
21100,0.088,0.088,0.088
21101,0.11,0.11,0.11
21102,0.098,0.098,0.098
21103,0.112,0.112,0.112
21104,0.104,0.104,0.104
21105,0.134,0.134,0.134
21106,0.14,0.14,0.14
21107,0.122,0.122,0.122
21108,0.118,0.118,0.118
21109,0.12,0.12,0.12
21110,0.106,0.106,0.106
21111,0.072,0.072,0.072
21112,0.054,0.054,0.054
21113,0.054,0.054,0.054
21114,0.12,0.12,0.12
21115,0.168,0.168,0.168
21116,0.15,0.15,0.15
21117,0.128,0.128,0.128
21118,0.124,0.124,0.124
21119,0.146,0.146,0.146
21120,0.146,0.146,0.146
21121,0.144,0.144,0.144
21122,0.136,0.136,0.136
21123,0.132,0.132,0.132
21124,0.118,0.118,0.118
21125,0.13,0.13,0.13
21126,0.106,0.106,0.106
21127,0.116,0.116,0.116
21128,0.126,0.126,0.126
21129,0.12,0.12,0.12
21130,0.14,0.14,0.14
21131,0.126,0.126,0.126
21132,0.122,0.122,0.122
21133,0.118,0.118,0.118
21134,0.106,0.106,0.106
21135,0.118,0.118,0.118
21136,0.12,0.12,0.12
21137,0.108,0.108,0.108
21138,0.124,0.124,0.124
21139,0.126,0.126,0.126
21140,0.106,0.106,0.106
21141,0.098,0.098,0.098
21142,0.106,0.106,0.106
21143,0.116,0.116,0.116
21144,0.116,0.116,0.116
21145,0.13,0.13,0.13
21146,0.148,0.148,0.148
21147,0.154,0.154,0.154
21148,0.134,0.134,0.134
21149,0.154,0.154,0.154
21150,0.132,0.132,0.132
21151,0.126,0.126,0.126
21152,0.122,0.122,0.122
21153,0.134,0.134,0.134
21154,0.142,0.142,0.142
21155,0.136,0.136,0.136
21156,0.122,0.122,0.122
21157,0.16,0.16,0.16
21158,0.188,0.188,0.188
21159,0.154,0.154,0.154
21160,0.188,0.188,0.188
21161,0.17,0.17,0.17
21162,0.174,0.174,0.174
21163,0.17,0.17,0.17
21164,0.162,0.162,0.162
21165,0.158,0.158,0.158
21166,0.156,0.156,0.156
21167,0.164,0.164,0.164
21168,0.16,0.16,0.16
21169,0.164,0.164,0.164
21170,0.112,0.112,0.112
21171,0.154,0.154,0.154
21172,0.154,0.154,0.154
21173,0.154,0.154,0.154
21174,0.158,0.158,0.158
21175,0.156,0.156,0.156
21176,0.156,0.156,0.156
21177,0.16,0.16,0.16
21178,0.138,0.138,0.138
21179,0.15,0.15,0.15
21180,0.154,0.154,0.154
21181,0.162,0.162,0.162
21182,0.172,0.172,0.172
21183,0.17,0.17,0.17
21184,0.19,0.19,0.19
21185,0.23,0.23,0.23
21186,0.274,0.274,0.274
21187,0.246,0.246,0.246
21188,0.24,0.24,0.24
21189,0.276,0.276,0.276
21190,0.308,0.308,0.308
21191,0.248,0.248,0.248
21192,0.264,0.264,0.264
21193,0.262,0.262,0.262
21194,0.304,0.304,0.304
21195,0.302,0.302,0.302
21196,0.29,0.29,0.29
21197,0.246,0.246,0.246
21198,0.248,0.248,0.248
21199,0.244,0.244,0.244
21200,0.222,0.222,0.222
21201,0.228,0.228,0.228
21202,0.234,0.234,0.234
21203,0.238,0.238,0.238
21204,0.246,0.246,0.246
21205,0.242,0.242,0.242
21206,0.248,0.248,0.248
21207,0.238,0.238,0.238
21208,0.25,0.25,0.25
21209,0.248,0.248,0.248
21210,0.248,0.248,0.248
21211,0.278,0.278,0.278
21212,0.268,0.268,0.268
21213,0.274,0.274,0.274
21214,0.272,0.272,0.272
21215,0.276,0.276,0.276
21216,0.28,0.28,0.28
21217,0.288,0.288,0.288
21218,0.302,0.302,0.302
21219,0.298,0.298,0.298
21220,0.31,0.31,0.31
21221,0.312,0.312,0.312
21222,0.358,0.358,0.358
21223,0.342,0.342,0.342
21224,0.338,0.338,0.338
21225,0.338,0.338,0.338
21226,0.344,0.344,0.344
21227,0.342,0.342,0.342
21228,0.33,0.33,0.33
21229,0.332,0.332,0.332
21230,0.342,0.342,0.342
21231,0.336,0.336,0.336
21232,0.382,0.382,0.382
21233,0.368,0.368,0.368
21234,0.35,0.35,0.35
21235,0.376,0.376,0.376
21236,0.406,0.406,0.406
21237,0.39,0.39,0.39
21238,0.39,0.39,0.39
21239,0.372,0.372,0.372
21240,0.368,0.368,0.368
21241,0.38,0.38,0.38
21242,0.368,0.368,0.368
21243,0.372,0.372,0.372
21244,0.358,0.358,0.358
21245,0.366,0.366,0.366
21246,0.372,0.372,0.372
21247,0.382,0.382,0.382
21248,0.388,0.388,0.388
21249,0.39,0.39,0.39
21250,0.382,0.382,0.382
21251,0.386,0.386,0.386
21252,0.416,0.416,0.416
21253,0.406,0.406,0.406
21254,0.406,0.406,0.406
21255,0.404,0.404,0.404
21256,0.404,0.404,0.404
21257,0.402,0.402,0.402
21258,0.404,0.404,0.404
21259,0.426,0.426,0.426
21260,0.422,0.422,0.422
21261,0.418,0.418,0.418
21262,0.418,0.418,0.418
21263,0.412,0.412,0.412
21264,0.414,0.414,0.414
21265,0.398,0.398,0.398
21266,0.388,0.388,0.388
21267,0.39,0.39,0.39
21268,0.378,0.378,0.378
21269,0.374,0.374,0.374
21270,0.384,0.384,0.384
21271,0.446,0.446,0.446
21272,0.432,0.432,0.432
21273,0.442,0.442,0.442
21274,0.44,0.44,0.44
21275,0.432,0.432,0.432
21276,0.436,0.436,0.436
21277,0.432,0.432,0.432
21278,0.43,0.43,0.43
21279,0.43,0.43,0.43
21280,0.41,0.41,0.41
21281,0.422,0.422,0.422
21282,0.43,0.43,0.43
21283,0.426,0.426,0.426
21284,0.42,0.42,0.42
21285,0.434,0.434,0.434
21286,0.422,0.422,0.422
21287,0.428,0.428,0.428
21288,0.44,0.44,0.44
21289,0.428,0.428,0.428
21290,0.428,0.296,0.296
21291,0.418,0.282,0.282
21292,0.41,0.268,0.268
21293,0.416,0.24,0.24
21294,0.402,0.224,0.224
21295,0.398,0.218,0.218
21296,0.394,0.184,0.184
21297,0.396,0.182,0.182
21298,0.384,0.17,0.17
21299,0.378,0.166,0.166
21300,0.37,0.152,0.152
21301,0.36,0.148,0.148
21302,0.35,0.12,0.12
21303,0.35,0.116,0.116
21304,0.346,0.102,0.102
21305,0.342,0.066,0.066
21306,0.336,0.042,0.042
21307,0.332,0.036,0.036
21308,0.326,0.02,0.02
21309,0.314,0.018,0.018
21310,0.318,0.016,0.016
21311,0.312,0.016,0.016
21312,0.294,0.01,0.01
21313,0.292,0.01,0.01
21314,0.294,0.004,0.004
21315,0.288,0.004,0.004
21316,0.284,0.004,0.004
21317,0.292,0.004,0.004
21318,0.306,0,0
21319,0.296,0,0
21320,0.282,0,0
21321,0.268,0,0
21322,0.24,0,0
21323,0.224,0,0
21324,0.218,0,0
21325,0.184,0,0
21326,0.182,0,0
21327,0.17,0,0
21328,0.166,0,0
21329,0.152,0,0
21330,0.148,0,0
21331,0.12,0,0
21332,0.116,0,0
21333,0.102,0,0
21334,0.066,0,0
21335,0.042,0,0
21336,0.036,0,0
21337,0.02,0,0
21338,0.018,0,0
21339,0.016,0,0
21340,0.016,0,0
21341,0.01,0,0
21342,0.01,0,0
21343,0.004,0,0
21344,0.004,0,0
21345,0.004,0,0
21346,0.004,0,0
21347,0,0,0
21348,0,0,0
21349,0,0,0
21350,0,0,0
21351,0,0,0
21352,0,0,0
21353,0,0,0
21354,0,0,0
21355,0,0,0
21356,0,0,0
21357,0,0,0
21358,0,0,0
21359,0,0,0
21360,0,0,0
21361,0,0,0
21362,0,0,0
21363,0,0,0
21364,0,0,0
21365,0,0,0
21366,0,0,0
21367,0,0,0
21368,0,0,0
21369,0,0,0
21370,0,0,0
21371,0,0,0
21372,0,0,0
21373,0,0,0
21374,0,0,0
21375,0,0,0
21376,0,0,0
21377,0,0,0
21378,0,0,0
21379,0,0,0
21380,0,0,0
21381,0,0,0
21382,0,0,0
21383,0,0,0
21384,0,0,0
21385,0,0,0
21386,0,0,0
21387,0,0,0
21388,0,0,0
21389,0,0,0
21390,0,0,0
21391,0,0,0
21392,0,0,0
21393,0,0,0
21394,0,0,0
21395,0,0,0
21396,0,0,0
21397,0.008,0.008,0.008
21398,0,0,0
21399,0,0,0
21400,0,0,0
21401,0,0,0
21402,0,0,0
21403,0,0,0
21404,0,0,0
21405,0,0,0
21406,0,0,0
21407,0,0,0
21408,0,0,0
21409,0,0,0
21410,0,0,0
21411,0,0,0
21412,0,0,0
21413,0,0,0
21414,0,0,0
21415,0,0,0
21416,0,0,0
21417,0,0,0
21418,0,0,0
21419,0,0,0
21420,0,0,0
21421,0,0,0
21422,0,0,0
21423,0,0,0
21424,0,0,0
21425,0,0,0
21426,0,0,0
21427,0.004,0.004,0.004
21428,0,0,0
21429,0,0,0
21430,0,0,0
21431,0,0,0
21432,0,0,0
21433,0,0,0
21434,0,0,0
21435,0,0,0
21436,0,0,0
21437,0,0,0
21438,0,0,0
21439,0.004,0.004,0.004
21440,0.01,0.01,0.01
21441,0.014,0.014,0.014
21442,0.018,0.018,0.018
21443,0.02,0.02,0.02
21444,0.018,0.018,0.018
21445,0.018,0.018,0.018
21446,0.052,0.052,0.052
21447,0.052,0.052,0.052
21448,0.052,0.052,0.052
21449,0.046,0.046,0.046
21450,0.044,0.044,0.044
21451,0.044,0.044,0.044
21452,0.05,0.05,0.05
21453,0.046,0.046,0.046
21454,0.044,0.044,0.044
21455,0.038,0.038,0.038
21456,0.038,0.038,0.038
21457,0.038,0.038,0.038
21458,0.048,0.048,0.048
21459,0.058,0.058,0.058
21460,0.068,0.068,0.068
21461,0.058,0.058,0.058
21462,0.054,0.054,0.054
21463,0.05,0.05,0.05
21464,0.072,0.072,0.072
21465,0.088,0.088,0.088
21466,0.11,0.11,0.11
21467,0.098,0.098,0.098
21468,0.112,0.112,0.112
21469,0.104,0.104,0.104
21470,0.134,0.134,0.134
21471,0.14,0.14,0.14
21472,0.122,0.122,0.122
21473,0.118,0.118,0.118
21474,0.12,0.12,0.12
21475,0.106,0.106,0.106
21476,0.072,0.072,0.072
21477,0.054,0.054,0.054
21478,0.054,0.054,0.054
21479,0.12,0.12,0.12
21480,0.168,0.168,0.168
21481,0.15,0.15,0.15
21482,0.128,0.128,0.128
21483,0.124,0.124,0.124
21484,0.146,0.146,0.146
21485,0.146,0.146,0.146
21486,0.144,0.144,0.144
21487,0.136,0.136,0.136
21488,0.132,0.132,0.132
21489,0.118,0.118,0.118
21490,0.13,0.13,0.13
21491,0.106,0.106,0.106
21492,0.116,0.116,0.116
21493,0.126,0.126,0.126
21494,0.12,0.12,0.12
21495,0.14,0.14,0.14
21496,0.126,0.126,0.126
21497,0.122,0.122,0.122
21498,0.118,0.118,0.118
21499,0.106,0.106,0.106
21500,0.118,0.118,0.118
21501,0.12,0.12,0.12
21502,0.108,0.108,0.108
21503,0.124,0.124,0.124
21504,0.126,0.126,0.126
21505,0.106,0.106,0.106
21506,0.098,0.098,0.098
21507,0.106,0.106,0.106
21508,0.116,0.116,0.116
21509,0.116,0.116,0.116
21510,0.13,0.13,0.13
21511,0.148,0.148,0.148
21512,0.154,0.154,0.154
21513,0.134,0.134,0.134
21514,0.154,0.154,0.154
21515,0.132,0.132,0.132
21516,0.126,0.126,0.126
21517,0.122,0.122,0.122
21518,0.134,0.134,0.134
21519,0.142,0.142,0.142
21520,0.136,0.136,0.136
21521,0.122,0.122,0.122
21522,0.16,0.16,0.16
21523,0.188,0.188,0.188
21524,0.154,0.154,0.154
21525,0.188,0.188,0.188
21526,0.17,0.17,0.17
21527,0.174,0.174,0.174
21528,0.17,0.17,0.17
21529,0.162,0.162,0.162
21530,0.158,0.158,0.158
21531,0.156,0.156,0.156
21532,0.164,0.164,0.164
21533,0.16,0.16,0.16
21534,0.164,0.164,0.164
21535,0.112,0.112,0.112
21536,0.154,0.154,0.154
21537,0.154,0.154,0.154
21538,0.154,0.154,0.154
21539,0.158,0.158,0.158
21540,0.156,0.156,0.156
21541,0.156,0.156,0.156
21542,0.16,0.16,0.16
21543,0.138,0.138,0.138
21544,0.15,0.15,0.15
21545,0.154,0.154,0.154
21546,0.162,0.162,0.162
21547,0.172,0.172,0.172
21548,0.17,0.17,0.17
21549,0.19,0.19,0.19
21550,0.23,0.23,0.23
21551,0.274,0.274,0.274
21552,0.246,0.246,0.246
21553,0.24,0.24,0.24
21554,0.276,0.276,0.276
21555,0.308,0.308,0.308
21556,0.248,0.248,0.248
21557,0.264,0.264,0.264
21558,0.262,0.262,0.262
21559,0.304,0.304,0.304
21560,0.302,0.302,0.302
21561,0.29,0.29,0.29
21562,0.246,0.246,0.246
21563,0.248,0.248,0.248
21564,0.244,0.244,0.244
21565,0.222,0.222,0.222
21566,0.228,0.228,0.228
21567,0.234,0.234,0.234
21568,0.238,0.238,0.238
21569,0.246,0.246,0.246
21570,0.242,0.242,0.242
21571,0.248,0.248,0.248
21572,0.238,0.238,0.238
21573,0.25,0.25,0.25
21574,0.248,0.248,0.248
21575,0.248,0.248,0.248
21576,0.278,0.278,0.278
21577,0.268,0.268,0.268
21578,0.274,0.274,0.274
21579,0.272,0.272,0.272
21580,0.276,0.276,0.276
21581,0.28,0.28,0.28
21582,0.288,0.288,0.288
21583,0.302,0.302,0.302
21584,0.298,0.298,0.298
21585,0.31,0.31,0.31
21586,0.312,0.312,0.312
21587,0.358,0.358,0.358
21588,0.342,0.342,0.342
21589,0.338,0.338,0.338
21590,0.338,0.338,0.338
21591,0.344,0.344,0.344
21592,0.342,0.342,0.342
21593,0.33,0.33,0.33
21594,0.332,0.332,0.332
21595,0.342,0.342,0.342
21596,0.336,0.336,0.336
21597,0.382,0.382,0.382
21598,0.368,0.368,0.368
21599,0.35,0.35,0.35
21600,0.376,0.376,0.376
21601,0.406,0.406,0.406
21602,0.39,0.39,0.39
21603,0.39,0.39,0.39
21604,0.372,0.372,0.372
21605,0.368,0.368,0.368
21606,0.38,0.38,0.38
21607,0.368,0.368,0.368
21608,0.372,0.372,0.372
21609,0.358,0.358,0.358
21610,0.366,0.366,0.366
21611,0.372,0.372,0.372
21612,0.382,0.382,0.382
21613,0.388,0.388,0.388
21614,0.39,0.39,0.39
21615,0.382,0.382,0.382
21616,0.386,0.386,0.386
21617,0.416,0.416,0.416
21618,0.406,0.406,0.406
21619,0.406,0.406,0.406
21620,0.404,0.404,0.404
21621,0.404,0.404,0.404
21622,0.402,0.402,0.402
21623,0.404,0.404,0.404
21624,0.426,0.426,0.426
21625,0.422,0.422,0.422
21626,0.418,0.418,0.418
21627,0.418,0.418,0.418
21628,0.412,0.412,0.412
21629,0.414,0.414,0.414
21630,0.398,0.398,0.398
21631,0.388,0.388,0.388
21632,0.39,0.39,0.39
21633,0.378,0.378,0.378
21634,0.374,0.374,0.374
21635,0.384,0.384,0.384
21636,0.446,0.446,0.446
21637,0.432,0.432,0.432
21638,0.442,0.442,0.442
21639,0.44,0.44,0.44
21640,0.432,0.432,0.432
21641,0.436,0.436,0.436
21642,0.432,0.432,0.432
21643,0.43,0.43,0.43
21644,0.43,0.43,0.43
21645,0.41,0.41,0.41
21646,0.422,0.422,0.422
21647,0.43,0.43,0.43
21648,0.426,0.426,0.426
21649,0.42,0.42,0.42
21650,0.434,0.434,0.434
21651,0.422,0.422,0.422
21652,0.428,0.428,0.428
21653,0.44,0.44,0.44
21654,0.428,0.428,0.428
21655,0.428,0.296,0.296
21656,0.418,0.282,0.282
21657,0.41,0.268,0.268
21658,0.416,0.24,0.24
21659,0.402,0.224,0.224
21660,0.398,0.218,0.218
21661,0.394,0.184,0.184
21662,0.396,0.182,0.182
21663,0.384,0.17,0.17
21664,0.378,0.166,0.166
21665,0.37,0.152,0.152
21666,0.36,0.148,0.148
21667,0.35,0.12,0.12
21668,0.35,0.116,0.116
21669,0.346,0.102,0.102
21670,0.342,0.066,0.066
21671,0.336,0.042,0.042
21672,0.332,0.036,0.036
21673,0.326,0.02,0.02
21674,0.314,0.018,0.018
21675,0.318,0.016,0.016
21676,0.312,0.016,0.016
21677,0.294,0.01,0.01
21678,0.292,0.01,0.01
21679,0.294,0.004,0.004
21680,0.288,0.004,0.004
21681,0.284,0.004,0.004
21682,0.292,0.004,0.004
21683,0.306,0,0
21684,0.296,0,0
21685,0.282,0,0
21686,0.268,0,0
21687,0.24,0,0
21688,0.224,0,0
21689,0.218,0,0
21690,0.184,0,0
21691,0.182,0,0
21692,0.17,0,0
21693,0.166,0,0
21694,0.152,0,0
21695,0.148,0,0
21696,0.12,0,0
21697,0.116,0,0
21698,0.102,0,0
21699,0.066,0,0
21700,0.042,0,0
21701,0.036,0,0
21702,0.02,0,0
21703,0.018,0,0
21704,0.016,0,0
21705,0.016,0,0
21706,0.01,0,0
21707,0.01,0,0
21708,0.004,0,0
21709,0.004,0,0
21710,0.004,0,0
21711,0.004,0,0
21712,0,0,0
21713,0,0,0
21714,0,0,0
21715,0,0,0
21716,0,0,0
21717,0,0,0
21718,0,0,0
21719,0,0,0
21720,0,0,0
21721,0,0,0
21722,0,0,0
21723,0,0,0
21724,0,0,0
21725,0,0,0
21726,0,0,0
21727,0,0,0
21728,0,0,0
21729,0,0,0
21730,0,0,0
21731,0,0,0
21732,0,0,0
21733,0,0,0
21734,0,0,0
21735,0,0,0
21736,0,0,0
21737,0,0,0
21738,0,0,0
21739,0,0,0
21740,0,0,0
21741,0,0,0
21742,0,0,0
21743,0,0,0
21744,0,0,0
21745,0,0,0
21746,0,0,0
21747,0,0,0
21748,0,0,0
21749,0,0,0
21750,0,0,0
21751,0,0,0
21752,0,0,0
21753,0,0,0
21754,0,0,0
21755,0,0,0
21756,0,0,0
21757,0,0,0
21758,0,0,0
21759,0,0,0
21760,0,0,0
21761,0,0,0
21762,0.008,0.008,0.008
21763,0,0,0
21764,0,0,0
21765,0,0,0
21766,0,0,0
21767,0,0,0
21768,0,0,0
21769,0,0,0
21770,0,0,0
21771,0,0,0
21772,0,0,0
21773,0,0,0
21774,0,0,0
21775,0,0,0
21776,0,0,0
21777,0,0,0
21778,0,0,0
21779,0,0,0
21780,0,0,0
21781,0,0,0
21782,0,0,0
21783,0,0,0
21784,0,0,0
21785,0,0,0
21786,0,0,0
21787,0,0,0
21788,0,0,0
21789,0,0,0
21790,0,0,0
21791,0,0,0
21792,0.004,0.004,0.004
21793,0,0,0
21794,0,0,0
21795,0,0,0
21796,0,0,0
21797,0,0,0
21798,0,0,0
21799,0,0,0
21800,0,0,0
21801,0,0,0
21802,0,0,0
21803,0,0,0
21804,0.004,0.004,0.004
21805,0.01,0.01,0.01
21806,0.014,0.014,0.014
21807,0.018,0.018,0.018
21808,0.02,0.02,0.02
21809,0.018,0.018,0.018
21810,0.018,0.018,0.018
21811,0.052,0.052,0.052
21812,0.052,0.052,0.052
21813,0.052,0.052,0.052
21814,0.046,0.046,0.046
21815,0.044,0.044,0.044
21816,0.044,0.044,0.044
21817,0.05,0.05,0.05
21818,0.046,0.046,0.046
21819,0.044,0.044,0.044
21820,0.038,0.038,0.038
21821,0.038,0.038,0.038
21822,0.038,0.038,0.038
21823,0.048,0.048,0.048
21824,0.058,0.058,0.058
21825,0.068,0.068,0.068
21826,0.058,0.058,0.058
21827,0.054,0.054,0.054
21828,0.05,0.05,0.05
21829,0.072,0.072,0.072
21830,0.088,0.088,0.088
21831,0.11,0.11,0.11
21832,0.098,0.098,0.098
21833,0.112,0.112,0.112
21834,0.104,0.104,0.104
21835,0.134,0.134,0.134
21836,0.14,0.14,0.14
21837,0.122,0.122,0.122
21838,0.118,0.118,0.118
21839,0.12,0.12,0.12
21840,0.106,0.106,0.106
21841,0.072,0.072,0.072
21842,0.054,0.054,0.054
21843,0.054,0.054,0.054
21844,0.12,0.12,0.12
21845,0.168,0.168,0.168
21846,0.15,0.15,0.15
21847,0.128,0.128,0.128
21848,0.124,0.124,0.124
21849,0.146,0.146,0.146
21850,0.146,0.146,0.146
21851,0.144,0.144,0.144
21852,0.136,0.136,0.136
21853,0.132,0.132,0.132
21854,0.118,0.118,0.118
21855,0.13,0.13,0.13
21856,0.106,0.106,0.106
21857,0.116,0.116,0.116
21858,0.126,0.126,0.126
21859,0.12,0.12,0.12
21860,0.14,0.14,0.14
21861,0.126,0.126,0.126
21862,0.122,0.122,0.122
21863,0.118,0.118,0.118
21864,0.106,0.106,0.106
21865,0.118,0.118,0.118
21866,0.12,0.12,0.12
21867,0.108,0.108,0.108
21868,0.124,0.124,0.124
21869,0.126,0.126,0.126
21870,0.106,0.106,0.106
21871,0.098,0.098,0.098
21872,0.106,0.106,0.106
21873,0.116,0.116,0.116
21874,0.116,0.116,0.116
21875,0.13,0.13,0.13
21876,0.148,0.148,0.148
21877,0.154,0.154,0.154
21878,0.134,0.134,0.134
21879,0.154,0.154,0.154
21880,0.132,0.132,0.132
21881,0.126,0.126,0.126
21882,0.122,0.122,0.122
21883,0.134,0.134,0.134
21884,0.142,0.142,0.142
21885,0.136,0.136,0.136
21886,0.122,0.122,0.122
21887,0.16,0.16,0.16
21888,0.188,0.188,0.188
21889,0.154,0.154,0.154
21890,0.188,0.188,0.188
21891,0.17,0.17,0.17
21892,0.174,0.174,0.174
21893,0.17,0.17,0.17
21894,0.162,0.162,0.162
21895,0.158,0.158,0.158
21896,0.156,0.156,0.156
21897,0.164,0.164,0.164
21898,0.16,0.16,0.16
21899,0.164,0.164,0.164
21900,0.112,0.112,0.112
21901,0.154,0.154,0.154
21902,0.154,0.154,0.154
21903,0.154,0.154,0.154
21904,0.158,0.158,0.158
21905,0.156,0.156,0.156
21906,0.156,0.156,0.156
21907,0.16,0.16,0.16
21908,0.138,0.138,0.138
21909,0.15,0.15,0.15
21910,0.154,0.154,0.154
21911,0.162,0.162,0.162
21912,0.172,0.172,0.172
21913,0.17,0.17,0.17
21914,0.19,0.19,0.19
21915,0.23,0.23,0.23
21916,0.274,0.274,0.274
21917,0.246,0.246,0.246
21918,0.24,0.24,0.24
21919,0.276,0.276,0.276
21920,0.308,0.308,0.308
21921,0.248,0.248,0.248
21922,0.264,0.264,0.264
21923,0.262,0.262,0.262
21924,0.304,0.304,0.304
21925,0.302,0.302,0.302
21926,0.29,0.29,0.29
21927,0.246,0.246,0.246
21928,0.248,0.248,0.248
21929,0.244,0.244,0.244
21930,0.222,0.222,0.222
21931,0.228,0.228,0.228
21932,0.234,0.234,0.234
21933,0.238,0.238,0.238
21934,0.246,0.246,0.246
21935,0.242,0.242,0.242
21936,0.248,0.248,0.248
21937,0.238,0.238,0.238
21938,0.25,0.25,0.25
21939,0.248,0.248,0.248
21940,0.248,0.248,0.248
21941,0.278,0.278,0.278
21942,0.268,0.268,0.268
21943,0.274,0.274,0.274
21944,0.272,0.272,0.272
21945,0.276,0.276,0.276
21946,0.28,0.28,0.28
21947,0.288,0.288,0.288
21948,0.302,0.302,0.302
21949,0.298,0.298,0.298
21950,0.31,0.31,0.31
21951,0.312,0.312,0.312
21952,0.358,0.358,0.358
21953,0.342,0.342,0.342
21954,0.338,0.338,0.338
21955,0.338,0.338,0.338
21956,0.344,0.344,0.344
21957,0.342,0.342,0.342
21958,0.33,0.33,0.33
21959,0.332,0.332,0.332
21960,0.342,0.342,0.342
21961,0.336,0.336,0.336
21962,0.382,0.382,0.382
21963,0.368,0.368,0.368
21964,0.35,0.35,0.35
21965,0.376,0.376,0.376
21966,0.406,0.406,0.406
21967,0.39,0.39,0.39
21968,0.39,0.39,0.39
21969,0.372,0.372,0.372
21970,0.368,0.368,0.368
21971,0.38,0.38,0.38
21972,0.368,0.368,0.368
21973,0.372,0.372,0.372
21974,0.358,0.358,0.358
21975,0.366,0.366,0.366
21976,0.372,0.372,0.372
21977,0.382,0.382,0.382
21978,0.388,0.388,0.388
21979,0.39,0.39,0.39
21980,0.382,0.382,0.382
21981,0.386,0.386,0.386
21982,0.416,0.416,0.416
21983,0.406,0.406,0.406
21984,0.406,0.406,0.406
21985,0.404,0.404,0.404
21986,0.404,0.404,0.404
21987,0.402,0.402,0.402
21988,0.404,0.404,0.404
21989,0.426,0.426,0.426
21990,0.422,0.422,0.422
21991,0.418,0.418,0.418
21992,0.418,0.418,0.418
21993,0.412,0.412,0.412
21994,0.414,0.414,0.414
21995,0.398,0.398,0.398
21996,0.388,0.388,0.388
21997,0.39,0.39,0.39
21998,0.378,0.378,0.378
21999,0.374,0.374,0.374
22000,0.384,0.384,0.384
22001,0.446,0.446,0.446
22002,0.432,0.432,0.432
22003,0.442,0.442,0.442
22004,0.44,0.44,0.44
22005,0.432,0.432,0.432
22006,0.436,0.436,0.436
22007,0.432,0.432,0.432
22008,0.43,0.43,0.43
22009,0.43,0.43,0.43
22010,0.41,0.41,0.41
22011,0.422,0.422,0.422
22012,0.43,0.43,0.43
22013,0.426,0.426,0.426
22014,0.42,0.42,0.42
22015,0.434,0.434,0.434
22016,0.422,0.422,0.422
22017,0.428,0.428,0.428
22018,0.44,0.44,0.44
22019,0.428,0.296,0.296
22020,0.428,0.282,0.282
22021,0.418,0.268,0.268
22022,0.41,0.24,0.24
22023,0.416,0.224,0.224
22024,0.402,0.218,0.218
22025,0.398,0.184,0.184
22026,0.394,0.182,0.182
22027,0.396,0.17,0.17
22028,0.384,0.166,0.166
22029,0.378,0.152,0.152
22030,0.37,0.148,0.148
22031,0.36,0.12,0.12
22032,0.35,0.116,0.116
22033,0.35,0.102,0.102
22034,0.346,0.066,0.066
22035,0.342,0.042,0.042
22036,0.336,0.036,0.036
22037,0.332,0.02,0.02
22038,0.326,0.018,0.018
22039,0.314,0.016,0.016
22040,0.318,0.016,0.016
22041,0.312,0.01,0.01
22042,0.294,0.01,0.01
22043,0.292,0.004,0.004
22044,0.294,0.004,0.004
22045,0.288,0.004,0.004
22046,0.284,0.004,0.004
22047,0.292,0,0
22048,0.306,0,0
22049,0.296,0,0
22050,0.282,0,0
22051,0.268,0,0
22052,0.24,0,0
22053,0.224,0,0
22054,0.218,0,0
22055,0.184,0,0
22056,0.182,0,0
22057,0.17,0,0
22058,0.166,0,0
22059,0.152,0,0
22060,0.148,0,0
22061,0.12,0,0
22062,0.116,0,0
22063,0.102,0,0
22064,0.066,0,0
22065,0.042,0,0
22066,0.036,0,0
22067,0.02,0,0
22068,0.018,0,0
22069,0.016,0,0
22070,0.016,0,0
22071,0.01,0,0
22072,0.01,0,0
22073,0.004,0,0
22074,0.004,0,0
22075,0.004,0,0
22076,0.004,0,0
22077,0,0,0
22078,0,0,0
22079,0,0,0
22080,0,0,0
22081,0,0,0
22082,0,0,0
22083,0,0,0
22084,0,0,0
22085,0,0,0
22086,0,0,0
22087,0,0,0
22088,0,0,0
22089,0,0,0
22090,0,0,0
22091,0,0,0
22092,0,0,0
22093,0,0,0
22094,0,0,0
22095,0,0,0
22096,0,0,0
22097,0,0,0
22098,0,0,0
22099,0,0,0
22100,0,0,0
22101,0,0,0
22102,0,0,0
22103,0,0,0
22104,0,0,0
22105,0,0,0
22106,0,0,0
22107,0,0,0
22108,0,0,0
22109,0,0,0
22110,0,0,0
22111,0,0,0
22112,0,0,0
22113,0,0,0
22114,0,0,0
22115,0,0,0
22116,0,0,0
22117,0,0,0
22118,0,0,0
22119,0,0,0
22120,0,0,0
22121,0,0,0
22122,0,0,0
22123,0,0,0
22124,0,0,0
22125,0,0,0
22126,0,0,0
22127,0.008,0.008,0.008
22128,0,0,0
22129,0,0,0
22130,0,0,0
22131,0,0,0
22132,0,0,0
22133,0,0,0
22134,0,0,0
22135,0,0,0
22136,0,0,0
22137,0,0,0
22138,0,0,0
22139,0,0,0
22140,0,0,0
22141,0,0,0
22142,0,0,0
22143,0,0,0
22144,0,0,0
22145,0,0,0
22146,0,0,0
22147,0,0,0
22148,0,0,0
22149,0,0,0
22150,0,0,0
22151,0,0,0
22152,0,0,0
22153,0,0,0
22154,0,0,0
22155,0,0,0
22156,0,0,0
22157,0.004,0.004,0.004
22158,0,0,0
22159,0,0,0
22160,0,0,0
22161,0,0,0
22162,0,0,0
22163,0,0,0
22164,0,0,0
22165,0,0,0
22166,0,0,0
22167,0,0,0
22168,0,0,0
22169,0.004,0.004,0.004
22170,0.01,0.01,0.01
22171,0.014,0.014,0.014
22172,0.018,0.018,0.018
22173,0.02,0.02,0.02
22174,0.018,0.018,0.018
22175,0.018,0.018,0.018
22176,0.052,0.052,0.052
22177,0.052,0.052,0.052
22178,0.052,0.052,0.052
22179,0.046,0.046,0.046
22180,0.044,0.044,0.044
22181,0.044,0.044,0.044
22182,0.05,0.05,0.05
22183,0.046,0.046,0.046
22184,0.044,0.044,0.044
22185,0.038,0.038,0.038
22186,0.038,0.038,0.038
22187,0.038,0.038,0.038
22188,0.048,0.048,0.048
22189,0.058,0.058,0.058
22190,0.068,0.068,0.068
22191,0.058,0.058,0.058
22192,0.054,0.054,0.054
22193,0.05,0.05,0.05
22194,0.072,0.072,0.072
22195,0.088,0.088,0.088
22196,0.11,0.11,0.11
22197,0.098,0.098,0.098
22198,0.112,0.112,0.112
22199,0.104,0.104,0.104
22200,0.134,0.134,0.134
22201,0.14,0.14,0.14
22202,0.122,0.122,0.122
22203,0.118,0.118,0.118
22204,0.12,0.12,0.12
22205,0.106,0.106,0.106
22206,0.072,0.072,0.072
22207,0.054,0.054,0.054
22208,0.054,0.054,0.054
22209,0.12,0.12,0.12
22210,0.168,0.168,0.168
22211,0.15,0.15,0.15
22212,0.128,0.128,0.128
22213,0.124,0.124,0.124
22214,0.146,0.146,0.146
22215,0.146,0.146,0.146
22216,0.144,0.144,0.144
22217,0.136,0.136,0.136
22218,0.132,0.132,0.132
22219,0.118,0.118,0.118
22220,0.13,0.13,0.13
22221,0.106,0.106,0.106
22222,0.116,0.116,0.116
22223,0.126,0.126,0.126
22224,0.12,0.12,0.12
22225,0.14,0.14,0.14
22226,0.126,0.126,0.126
22227,0.122,0.122,0.122
22228,0.118,0.118,0.118
22229,0.106,0.106,0.106
22230,0.118,0.118,0.118
22231,0.12,0.12,0.12
22232,0.108,0.108,0.108
22233,0.124,0.124,0.124
22234,0.126,0.126,0.126
22235,0.106,0.106,0.106
22236,0.098,0.098,0.098
22237,0.106,0.106,0.106
22238,0.116,0.116,0.116
22239,0.116,0.116,0.116
22240,0.13,0.13,0.13
22241,0.148,0.148,0.148
22242,0.154,0.154,0.154
22243,0.134,0.134,0.134
22244,0.154,0.154,0.154
22245,0.132,0.132,0.132
22246,0.126,0.126,0.126
22247,0.122,0.122,0.122
22248,0.134,0.134,0.134
22249,0.142,0.142,0.142
22250,0.136,0.136,0.136
22251,0.122,0.122,0.122
22252,0.16,0.16,0.16
22253,0.188,0.188,0.188
22254,0.154,0.154,0.154
22255,0.188,0.188,0.188
22256,0.17,0.17,0.17
22257,0.174,0.174,0.174
22258,0.17,0.17,0.17
22259,0.162,0.162,0.162
22260,0.158,0.158,0.158
22261,0.156,0.156,0.156
22262,0.164,0.164,0.164
22263,0.16,0.16,0.16
22264,0.164,0.164,0.164
22265,0.112,0.112,0.112
22266,0.154,0.154,0.154
22267,0.154,0.154,0.154
22268,0.154,0.154,0.154
22269,0.158,0.158,0.158
22270,0.156,0.156,0.156
22271,0.156,0.156,0.156
22272,0.16,0.16,0.16
22273,0.138,0.138,0.138
22274,0.15,0.15,0.15
22275,0.154,0.154,0.154
22276,0.162,0.162,0.162
22277,0.172,0.172,0.172
22278,0.17,0.17,0.17
22279,0.19,0.19,0.19
22280,0.23,0.23,0.23
22281,0.274,0.274,0.274
22282,0.246,0.246,0.246
22283,0.24,0.24,0.24
22284,0.276,0.276,0.276
22285,0.308,0.308,0.308
22286,0.248,0.248,0.248
22287,0.264,0.264,0.264
22288,0.262,0.262,0.262
22289,0.304,0.304,0.304
22290,0.302,0.302,0.302
22291,0.29,0.29,0.29
22292,0.246,0.246,0.246
22293,0.248,0.248,0.248
22294,0.244,0.244,0.244
22295,0.222,0.222,0.222
22296,0.228,0.228,0.228
22297,0.234,0.234,0.234
22298,0.238,0.238,0.238
22299,0.246,0.246,0.246
22300,0.242,0.242,0.242
22301,0.248,0.248,0.248
22302,0.238,0.238,0.238
22303,0.25,0.25,0.25
22304,0.248,0.248,0.248
22305,0.248,0.248,0.248
22306,0.278,0.278,0.278
22307,0.268,0.268,0.268
22308,0.274,0.274,0.274
22309,0.272,0.272,0.272
22310,0.276,0.276,0.276
22311,0.28,0.28,0.28
22312,0.288,0.288,0.288
22313,0.302,0.302,0.302
22314,0.298,0.298,0.298
22315,0.31,0.31,0.31
22316,0.312,0.312,0.312
22317,0.358,0.358,0.358
22318,0.342,0.342,0.342
22319,0.338,0.338,0.338
22320,0.338,0.338,0.338
22321,0.344,0.344,0.344
22322,0.342,0.342,0.342
22323,0.33,0.33,0.33
22324,0.332,0.332,0.332
22325,0.342,0.342,0.342
22326,0.336,0.336,0.336
22327,0.382,0.382,0.382
22328,0.368,0.368,0.368
22329,0.35,0.35,0.35
22330,0.376,0.376,0.376
22331,0.406,0.406,0.406
22332,0.39,0.39,0.39
22333,0.39,0.39,0.39
22334,0.372,0.372,0.372
22335,0.368,0.368,0.368
22336,0.38,0.38,0.38
22337,0.368,0.368,0.368
22338,0.372,0.372,0.372
22339,0.358,0.358,0.358
22340,0.366,0.366,0.366
22341,0.372,0.372,0.372
22342,0.382,0.382,0.382
22343,0.388,0.388,0.388
22344,0.39,0.39,0.39
22345,0.382,0.382,0.382
22346,0.386,0.386,0.386
22347,0.416,0.416,0.416
22348,0.406,0.406,0.406
22349,0.406,0.406,0.406
22350,0.404,0.404,0.404
22351,0.404,0.404,0.404
22352,0.402,0.402,0.402
22353,0.404,0.404,0.404
22354,0.426,0.426,0.426
22355,0.422,0.422,0.422
22356,0.418,0.418,0.418
22357,0.418,0.418,0.418
22358,0.412,0.412,0.412
22359,0.414,0.414,0.414
22360,0.398,0.398,0.398
22361,0.388,0.388,0.388
22362,0.39,0.39,0.39
22363,0.378,0.378,0.378
22364,0.374,0.374,0.374
22365,0.384,0.384,0.384
22366,0.446,0.446,0.446
22367,0.432,0.432,0.432
22368,0.442,0.442,0.442
22369,0.44,0.44,0.44
22370,0.432,0.432,0.432
22371,0.436,0.436,0.436
22372,0.432,0.432,0.432
22373,0.43,0.43,0.43
22374,0.43,0.43,0.43
22375,0.41,0.41,0.41
22376,0.422,0.422,0.422
22377,0.43,0.43,0.43
22378,0.426,0.426,0.426
22379,0.42,0.42,0.42
22380,0.434,0.434,0.434
22381,0.422,0.422,0.422
22382,0.428,0.428,0.428
22383,0.44,0.44,0.44
22384,0.428,0.296,0.296
22385,0.428,0.282,0.282
22386,0.418,0.268,0.268
22387,0.41,0.24,0.24
22388,0.416,0.224,0.224
22389,0.402,0.218,0.218
22390,0.398,0.184,0.184
22391,0.394,0.182,0.182
22392,0.396,0.17,0.17
22393,0.384,0.166,0.166
22394,0.378,0.152,0.152
22395,0.37,0.148,0.148
22396,0.36,0.12,0.12
22397,0.35,0.116,0.116
22398,0.35,0.102,0.102
22399,0.346,0.066,0.066
22400,0.342,0.042,0.042
22401,0.336,0.036,0.036
22402,0.332,0.02,0.02
22403,0.326,0.018,0.018
22404,0.314,0.016,0.016
22405,0.318,0.016,0.016
22406,0.312,0.01,0.01
22407,0.294,0.01,0.01
22408,0.292,0.004,0.004
22409,0.294,0.004,0.004
22410,0.288,0.004,0.004
22411,0.284,0.004,0.004
22412,0.292,0,0
22413,0.306,0,0
22414,0.296,0,0
22415,0.282,0,0
22416,0.268,0,0
22417,0.24,0,0
22418,0.224,0,0
22419,0.218,0,0
22420,0.184,0,0
22421,0.182,0,0
22422,0.17,0,0
22423,0.166,0,0
22424,0.152,0,0
22425,0.148,0,0
22426,0.12,0,0
22427,0.116,0,0
22428,0.102,0,0
22429,0.066,0,0
22430,0.042,0,0
22431,0.036,0,0
22432,0.02,0,0
22433,0.018,0,0
22434,0.016,0,0
22435,0.016,0,0
22436,0.01,0,0
22437,0.01,0,0
22438,0.004,0,0
22439,0.004,0,0
22440,0.004,0,0
22441,0.004,0,0
22442,0,0,0
22443,0,0,0
22444,0,0,0
22445,0,0,0
22446,0,0,0
22447,0,0,0
22448,0,0,0
22449,0,0,0
22450,0,0,0
22451,0,0,0
22452,0,0,0
22453,0,0,0
22454,0,0,0
22455,0,0,0
22456,0,0,0
22457,0,0,0
22458,0,0,0
22459,0,0,0
22460,0,0,0
22461,0,0,0
22462,0,0,0
22463,0,0,0
22464,0,0,0
22465,0,0,0
22466,0,0,0
22467,0,0,0
22468,0,0,0
22469,0,0,0
22470,0,0,0
22471,0,0,0
22472,0,0,0
22473,0,0,0
22474,0,0,0
22475,0,0,0
22476,0,0,0
22477,0,0,0
22478,0,0,0
22479,0,0,0
22480,0,0,0
22481,0,0,0
22482,0,0,0
22483,0,0,0
22484,0,0,0
22485,0,0,0
22486,0,0,0
22487,0,0,0
22488,0,0,0
22489,0,0,0
22490,0,0,0
22491,0,0,0
22492,0.008,0.008,0.008
22493,0,0,0
22494,0,0,0
22495,0,0,0
22496,0,0,0
22497,0,0,0
22498,0,0,0
22499,0,0,0
22500,0,0,0
22501,0,0,0
22502,0,0,0
22503,0,0,0
22504,0,0,0
22505,0,0,0
22506,0,0,0
22507,0,0,0
22508,0,0,0
22509,0,0,0
22510,0,0,0
22511,0,0,0
22512,0,0,0
22513,0,0,0
22514,0,0,0
22515,0,0,0
22516,0,0,0
22517,0,0,0
22518,0,0,0
22519,0,0,0
22520,0,0,0
22521,0,0,0
22522,0.004,0.004,0.004
22523,0,0,0
22524,0,0,0
22525,0,0,0
22526,0,0,0
22527,0,0,0
22528,0,0,0
22529,0,0,0
22530,0,0,0
22531,0,0,0
22532,0,0,0
22533,0,0,0
22534,0.004,0.004,0.004
22535,0.01,0.01,0.01
22536,0.014,0.014,0.014
22537,0.018,0.018,0.018
22538,0.02,0.02,0.02
22539,0.018,0.018,0.018
22540,0.018,0.018,0.018
22541,0.052,0.052,0.052
22542,0.052,0.052,0.052
22543,0.052,0.052,0.052
22544,0.046,0.046,0.046
22545,0.044,0.044,0.044
22546,0.044,0.044,0.044
22547,0.05,0.05,0.05
22548,0.046,0.046,0.046
22549,0.044,0.044,0.044
22550,0.038,0.038,0.038
22551,0.038,0.038,0.038
22552,0.038,0.038,0.038
22553,0.048,0.048,0.048
22554,0.058,0.058,0.058
22555,0.068,0.068,0.068
22556,0.058,0.058,0.058
22557,0.054,0.054,0.054
22558,0.05,0.05,0.05
22559,0.072,0.072,0.072
22560,0.088,0.088,0.088
22561,0.11,0.11,0.11
22562,0.098,0.098,0.098
22563,0.112,0.112,0.112
22564,0.104,0.104,0.104
22565,0.134,0.134,0.134
22566,0.14,0.14,0.14
22567,0.122,0.122,0.122
22568,0.118,0.118,0.118
22569,0.12,0.12,0.12
22570,0.106,0.106,0.106
22571,0.072,0.072,0.072
22572,0.054,0.054,0.054
22573,0.054,0.054,0.054
22574,0.12,0.12,0.12
22575,0.168,0.168,0.168
22576,0.15,0.15,0.15
22577,0.128,0.128,0.128
22578,0.124,0.124,0.124
22579,0.146,0.146,0.146
22580,0.146,0.146,0.146
22581,0.144,0.144,0.144
22582,0.136,0.136,0.136
22583,0.132,0.132,0.132
22584,0.118,0.118,0.118
22585,0.13,0.13,0.13
22586,0.106,0.106,0.106
22587,0.116,0.116,0.116
22588,0.126,0.126,0.126
22589,0.12,0.12,0.12
22590,0.14,0.14,0.14
22591,0.126,0.126,0.126
22592,0.122,0.122,0.122
22593,0.118,0.118,0.118
22594,0.106,0.106,0.106
22595,0.118,0.118,0.118
22596,0.12,0.12,0.12
22597,0.108,0.108,0.108
22598,0.124,0.124,0.124
22599,0.126,0.126,0.126
22600,0.106,0.106,0.106
22601,0.098,0.098,0.098
22602,0.106,0.106,0.106
22603,0.116,0.116,0.116
22604,0.116,0.116,0.116
22605,0.13,0.13,0.13
22606,0.148,0.148,0.148
22607,0.154,0.154,0.154
22608,0.134,0.134,0.134
22609,0.154,0.154,0.154
22610,0.132,0.132,0.132
22611,0.126,0.126,0.126
22612,0.122,0.122,0.122
22613,0.134,0.134,0.134
22614,0.142,0.142,0.142
22615,0.136,0.136,0.136
22616,0.122,0.122,0.122
22617,0.16,0.16,0.16
22618,0.188,0.188,0.188
22619,0.154,0.154,0.154
22620,0.188,0.188,0.188
22621,0.17,0.17,0.17
22622,0.174,0.174,0.174
22623,0.17,0.17,0.17
22624,0.162,0.162,0.162
22625,0.158,0.158,0.158
22626,0.156,0.156,0.156
22627,0.164,0.164,0.164
22628,0.16,0.16,0.16
22629,0.164,0.164,0.164
22630,0.112,0.112,0.112
22631,0.154,0.154,0.154
22632,0.154,0.154,0.154
22633,0.154,0.154,0.154
22634,0.158,0.158,0.158
22635,0.156,0.156,0.156
22636,0.156,0.156,0.156
22637,0.16,0.16,0.16
22638,0.138,0.138,0.138
22639,0.15,0.15,0.15
22640,0.154,0.154,0.154
22641,0.162,0.162,0.162
22642,0.172,0.172,0.172
22643,0.17,0.17,0.17
22644,0.19,0.19,0.19
22645,0.23,0.23,0.23
22646,0.274,0.274,0.274
22647,0.246,0.246,0.246
22648,0.24,0.24,0.24
22649,0.276,0.276,0.276
22650,0.308,0.308,0.308
22651,0.248,0.248,0.248
22652,0.264,0.264,0.264
22653,0.262,0.262,0.262
22654,0.304,0.304,0.304
22655,0.302,0.302,0.302
22656,0.29,0.29,0.29
22657,0.246,0.246,0.246
22658,0.248,0.248,0.248
22659,0.244,0.244,0.244
22660,0.222,0.222,0.222
22661,0.228,0.228,0.228
22662,0.234,0.234,0.234
22663,0.238,0.238,0.238
22664,0.246,0.246,0.246
22665,0.242,0.242,0.242
22666,0.248,0.248,0.248
22667,0.238,0.238,0.238
22668,0.25,0.25,0.25
22669,0.248,0.248,0.248
22670,0.248,0.248,0.248
22671,0.278,0.278,0.278
22672,0.268,0.268,0.268
22673,0.274,0.274,0.274
22674,0.272,0.272,0.272
22675,0.276,0.276,0.276
22676,0.28,0.28,0.28
22677,0.288,0.288,0.288
22678,0.302,0.302,0.302
22679,0.298,0.298,0.298
22680,0.31,0.31,0.31
22681,0.312,0.312,0.312
22682,0.358,0.358,0.358
22683,0.342,0.342,0.342
22684,0.338,0.338,0.338
22685,0.338,0.338,0.338
22686,0.344,0.344,0.344
22687,0.342,0.342,0.342
22688,0.33,0.33,0.33
22689,0.332,0.332,0.332
22690,0.342,0.342,0.342
22691,0.336,0.336,0.336
22692,0.382,0.382,0.382
22693,0.368,0.368,0.368
22694,0.35,0.35,0.35
22695,0.376,0.376,0.376
22696,0.406,0.406,0.406
22697,0.39,0.39,0.39
22698,0.39,0.39,0.39
22699,0.372,0.372,0.372
22700,0.368,0.368,0.368
22701,0.38,0.38,0.38
22702,0.368,0.368,0.368
22703,0.372,0.372,0.372
22704,0.358,0.358,0.358
22705,0.366,0.366,0.366
22706,0.372,0.372,0.372
22707,0.382,0.382,0.382
22708,0.388,0.388,0.388
22709,0.39,0.39,0.39
22710,0.382,0.382,0.382
22711,0.386,0.386,0.386
22712,0.416,0.416,0.416
22713,0.406,0.406,0.406
22714,0.406,0.406,0.406
22715,0.404,0.404,0.404
22716,0.404,0.404,0.404
22717,0.402,0.402,0.402
22718,0.404,0.404,0.404
22719,0.426,0.426,0.426
22720,0.422,0.422,0.422
22721,0.418,0.418,0.418
22722,0.418,0.418,0.418
22723,0.412,0.412,0.412
22724,0.414,0.414,0.414
22725,0.398,0.398,0.398
22726,0.388,0.388,0.388
22727,0.39,0.39,0.39
22728,0.378,0.378,0.378
22729,0.374,0.374,0.374
22730,0.384,0.384,0.384
22731,0.446,0.446,0.446
22732,0.432,0.432,0.432
22733,0.442,0.442,0.442
22734,0.44,0.44,0.44
22735,0.432,0.432,0.432
22736,0.436,0.436,0.436
22737,0.432,0.432,0.432
22738,0.43,0.43,0.43
22739,0.43,0.43,0.43
22740,0.41,0.41,0.41
22741,0.422,0.422,0.422
22742,0.43,0.43,0.43
22743,0.426,0.426,0.426
22744,0.42,0.42,0.42
22745,0.434,0.434,0.434
22746,0.422,0.422,0.422
22747,0.428,0.428,0.428
22748,0.44,0.296,0.296
22749,0.428,0.282,0.282
22750,0.428,0.268,0.268
22751,0.418,0.24,0.24
22752,0.41,0.224,0.224
22753,0.416,0.218,0.218
22754,0.402,0.184,0.184
22755,0.398,0.182,0.182
22756,0.394,0.17,0.17
22757,0.396,0.166,0.166
22758,0.384,0.152,0.152
22759,0.378,0.148,0.148
22760,0.37,0.12,0.12
22761,0.36,0.116,0.116
22762,0.35,0.102,0.102
22763,0.35,0.066,0.066
22764,0.346,0.042,0.042
22765,0.342,0.036,0.036
22766,0.336,0.02,0.02
22767,0.332,0.018,0.018
22768,0.326,0.016,0.016
22769,0.314,0.016,0.016
22770,0.318,0.01,0.01
22771,0.312,0.01,0.01
22772,0.294,0.004,0.004
22773,0.292,0.004,0.004
22774,0.294,0.004,0.004
22775,0.288,0.004,0.004
22776,0.284,0,0
22777,0.292,0,0
22778,0.306,0,0
22779,0.296,0,0
22780,0.282,0,0
22781,0.268,0,0
22782,0.24,0,0
22783,0.224,0,0
22784,0.218,0,0
22785,0.184,0,0
22786,0.182,0,0
22787,0.17,0,0
22788,0.166,0,0
22789,0.152,0,0
22790,0.148,0,0
22791,0.12,0,0
22792,0.116,0,0
22793,0.102,0,0
22794,0.066,0,0
22795,0.042,0,0
22796,0.036,0,0
22797,0.02,0,0
22798,0.018,0,0
22799,0.016,0,0
22800,0.016,0,0
22801,0.01,0,0
22802,0.01,0,0
22803,0.004,0,0
22804,0.004,0,0
22805,0.004,0,0
22806,0.004,0,0
22807,0,0,0
22808,0,0,0
22809,0,0,0
22810,0,0,0
22811,0,0,0
22812,0,0,0
22813,0,0,0
22814,0,0,0
22815,0,0,0
22816,0,0,0
22817,0,0,0
22818,0,0,0
22819,0,0,0
22820,0,0,0
22821,0,0,0
22822,0,0,0
22823,0,0,0
22824,0,0,0
22825,0,0,0
22826,0,0,0
22827,0,0,0
22828,0,0,0
22829,0,0,0
22830,0,0,0
22831,0,0,0
22832,0,0,0
22833,0,0,0
22834,0,0,0
22835,0,0,0
22836,0,0,0
22837,0,0,0
22838,0,0,0
22839,0,0,0
22840,0,0,0
22841,0,0,0
22842,0,0,0
22843,0,0,0
22844,0,0,0
22845,0,0,0
22846,0,0,0
22847,0,0,0
22848,0,0,0
22849,0,0,0
22850,0,0,0
22851,0,0,0
22852,0,0,0
22853,0,0,0
22854,0,0,0
22855,0,0,0
22856,0,0,0
22857,0.008,0.008,0.008
22858,0,0,0
22859,0,0,0
22860,0,0,0
22861,0,0,0
22862,0,0,0
22863,0,0,0
22864,0,0,0
22865,0,0,0
22866,0,0,0
22867,0,0,0
22868,0,0,0
22869,0,0,0
22870,0,0,0
22871,0,0,0
22872,0,0,0
22873,0,0,0
22874,0,0,0
22875,0,0,0
22876,0,0,0
22877,0,0,0
22878,0,0,0
22879,0,0,0
22880,0,0,0
22881,0,0,0
22882,0,0,0
22883,0,0,0
22884,0,0,0
22885,0,0,0
22886,0,0,0
22887,0.004,0.004,0.004
22888,0,0,0
22889,0,0,0
22890,0,0,0
22891,0,0,0
22892,0,0,0
22893,0,0,0
22894,0,0,0
22895,0,0,0
22896,0,0,0
22897,0,0,0
22898,0,0,0
22899,0.004,0.004,0.004
22900,0.01,0.01,0.01
22901,0.014,0.014,0.014
22902,0.018,0.018,0.018
22903,0.02,0.02,0.02
22904,0.018,0.018,0.018
22905,0.018,0.018,0.018
22906,0.052,0.052,0.052
22907,0.052,0.052,0.052
22908,0.052,0.052,0.052
22909,0.046,0.046,0.046
22910,0.044,0.044,0.044
22911,0.044,0.044,0.044
22912,0.05,0.05,0.05
22913,0.046,0.046,0.046
22914,0.044,0.044,0.044
22915,0.038,0.038,0.038
22916,0.038,0.038,0.038
22917,0.038,0.038,0.038
22918,0.048,0.048,0.048
22919,0.058,0.058,0.058
22920,0.068,0.068,0.068
22921,0.058,0.058,0.058
22922,0.054,0.054,0.054
22923,0.05,0.05,0.05
22924,0.072,0.072,0.072
22925,0.088,0.088,0.088
22926,0.11,0.11,0.11
22927,0.098,0.098,0.098
22928,0.112,0.112,0.112
22929,0.104,0.104,0.104
22930,0.134,0.134,0.134
22931,0.14,0.14,0.14
22932,0.122,0.122,0.122
22933,0.118,0.118,0.118
22934,0.12,0.12,0.12
22935,0.106,0.106,0.106
22936,0.072,0.072,0.072
22937,0.054,0.054,0.054
22938,0.054,0.054,0.054
22939,0.12,0.12,0.12
22940,0.168,0.168,0.168
22941,0.15,0.15,0.15
22942,0.128,0.128,0.128
22943,0.124,0.124,0.124
22944,0.146,0.146,0.146
22945,0.146,0.146,0.146
22946,0.144,0.144,0.144
22947,0.136,0.136,0.136
22948,0.132,0.132,0.132
22949,0.118,0.118,0.118
22950,0.13,0.13,0.13
22951,0.106,0.106,0.106
22952,0.116,0.116,0.116
22953,0.126,0.126,0.126
22954,0.12,0.12,0.12
22955,0.14,0.14,0.14
22956,0.126,0.126,0.126
22957,0.122,0.122,0.122
22958,0.118,0.118,0.118
22959,0.106,0.106,0.106
22960,0.118,0.118,0.118
22961,0.12,0.12,0.12
22962,0.108,0.108,0.108
22963,0.124,0.124,0.124
22964,0.126,0.126,0.126
22965,0.106,0.106,0.106
22966,0.098,0.098,0.098
22967,0.106,0.106,0.106
22968,0.116,0.116,0.116
22969,0.116,0.116,0.116
22970,0.13,0.13,0.13
22971,0.148,0.148,0.148
22972,0.154,0.154,0.154
22973,0.134,0.134,0.134
22974,0.154,0.154,0.154
22975,0.132,0.132,0.132
22976,0.126,0.126,0.126
22977,0.122,0.122,0.122
22978,0.134,0.134,0.134
22979,0.142,0.142,0.142
22980,0.136,0.136,0.136
22981,0.122,0.122,0.122
22982,0.16,0.16,0.16
22983,0.188,0.188,0.188
22984,0.154,0.154,0.154
22985,0.188,0.188,0.188
22986,0.17,0.17,0.17
22987,0.174,0.174,0.174
22988,0.17,0.17,0.17
22989,0.162,0.162,0.162
22990,0.158,0.158,0.158
22991,0.156,0.156,0.156
22992,0.164,0.164,0.164
22993,0.16,0.16,0.16
22994,0.164,0.164,0.164
22995,0.112,0.112,0.112
22996,0.154,0.154,0.154
22997,0.154,0.154,0.154
22998,0.154,0.154,0.154
22999,0.158,0.158,0.158
23000,0.156,0.156,0.156
23001,0.156,0.156,0.156
23002,0.16,0.16,0.16
23003,0.138,0.138,0.138
23004,0.15,0.15,0.15
23005,0.154,0.154,0.154
23006,0.162,0.162,0.162
23007,0.172,0.172,0.172
23008,0.17,0.17,0.17
23009,0.19,0.19,0.19
23010,0.23,0.23,0.23
23011,0.274,0.274,0.274
23012,0.246,0.246,0.246
23013,0.24,0.24,0.24
23014,0.276,0.276,0.276
23015,0.308,0.308,0.308
23016,0.248,0.248,0.248
23017,0.264,0.264,0.264
23018,0.262,0.262,0.262
23019,0.304,0.304,0.304
23020,0.302,0.302,0.302
23021,0.29,0.29,0.29
23022,0.246,0.246,0.246
23023,0.248,0.248,0.248
23024,0.244,0.244,0.244
23025,0.222,0.222,0.222
23026,0.228,0.228,0.228
23027,0.234,0.234,0.234
23028,0.238,0.238,0.238
23029,0.246,0.246,0.246
23030,0.242,0.242,0.242
23031,0.248,0.248,0.248
23032,0.238,0.238,0.238
23033,0.25,0.25,0.25
23034,0.248,0.248,0.248
23035,0.248,0.248,0.248
23036,0.278,0.278,0.278
23037,0.268,0.268,0.268
23038,0.274,0.274,0.274
23039,0.272,0.272,0.272
23040,0.276,0.276,0.276
23041,0.28,0.28,0.28
23042,0.288,0.288,0.288
23043,0.302,0.302,0.302
23044,0.298,0.298,0.298
23045,0.31,0.31,0.31
23046,0.312,0.312,0.312
23047,0.358,0.358,0.358
23048,0.342,0.342,0.342
23049,0.338,0.338,0.338
23050,0.338,0.338,0.338
23051,0.344,0.344,0.344
23052,0.342,0.342,0.342
23053,0.33,0.33,0.33
23054,0.332,0.332,0.332
23055,0.342,0.342,0.342
23056,0.336,0.336,0.336
23057,0.382,0.382,0.382
23058,0.368,0.368,0.368
23059,0.35,0.35,0.35
23060,0.376,0.376,0.376
23061,0.406,0.406,0.406
23062,0.39,0.39,0.39
23063,0.39,0.39,0.39
23064,0.372,0.372,0.372
23065,0.368,0.368,0.368
23066,0.38,0.38,0.38
23067,0.368,0.368,0.368
23068,0.372,0.372,0.372
23069,0.358,0.358,0.358
23070,0.366,0.366,0.366
23071,0.372,0.372,0.372
23072,0.382,0.382,0.382
23073,0.388,0.388,0.388
23074,0.39,0.39,0.39
23075,0.382,0.382,0.382
23076,0.386,0.386,0.386
23077,0.416,0.416,0.416
23078,0.406,0.406,0.406
23079,0.406,0.406,0.406
23080,0.404,0.404,0.404
23081,0.404,0.404,0.404
23082,0.402,0.402,0.402
23083,0.404,0.404,0.404
23084,0.426,0.426,0.426
23085,0.422,0.422,0.422
23086,0.418,0.418,0.418
23087,0.418,0.418,0.418
23088,0.412,0.412,0.412
23089,0.414,0.414,0.414
23090,0.398,0.398,0.398
23091,0.388,0.388,0.388
23092,0.39,0.39,0.39
23093,0.378,0.378,0.378
23094,0.374,0.374,0.374
23095,0.384,0.384,0.384
23096,0.446,0.446,0.446
23097,0.432,0.432,0.432
23098,0.442,0.442,0.442
23099,0.44,0.44,0.44
23100,0.432,0.432,0.432
23101,0.436,0.436,0.436
23102,0.432,0.432,0.432
23103,0.43,0.43,0.43
23104,0.43,0.43,0.43
23105,0.41,0.41,0.41
23106,0.422,0.422,0.422
23107,0.43,0.43,0.43
23108,0.426,0.426,0.426
23109,0.42,0.42,0.42
23110,0.434,0.434,0.434
23111,0.422,0.422,0.422
23112,0.428,0.428,0.428
23113,0.44,0.296,0.296
23114,0.428,0.282,0.282
23115,0.428,0.268,0.268
23116,0.418,0.24,0.24
23117,0.41,0.224,0.224
23118,0.416,0.218,0.218
23119,0.402,0.184,0.184
23120,0.398,0.182,0.182
23121,0.394,0.17,0.17
23122,0.396,0.166,0.166
23123,0.384,0.152,0.152
23124,0.378,0.148,0.148
23125,0.37,0.12,0.12
23126,0.36,0.116,0.116
23127,0.35,0.102,0.102
23128,0.35,0.066,0.066
23129,0.346,0.042,0.042
23130,0.342,0.036,0.036
23131,0.336,0.02,0.02
23132,0.332,0.018,0.018
23133,0.326,0.016,0.016
23134,0.314,0.016,0.016
23135,0.318,0.01,0.01
23136,0.312,0.01,0.01
23137,0.294,0.004,0.004
23138,0.292,0.004,0.004
23139,0.294,0.004,0.004
23140,0.288,0.004,0.004
23141,0.284,0,0
23142,0.292,0,0
23143,0.306,0,0
23144,0.296,0,0
23145,0.282,0,0
23146,0.268,0,0
23147,0.24,0,0
23148,0.224,0,0
23149,0.218,0,0
23150,0.184,0,0
23151,0.182,0,0
23152,0.17,0,0
23153,0.166,0,0
23154,0.152,0,0
23155,0.148,0,0
23156,0.12,0,0
23157,0.116,0,0
23158,0.102,0,0
23159,0.066,0,0
23160,0.042,0,0
23161,0.036,0,0
23162,0.02,0,0
23163,0.018,0,0
23164,0.016,0,0
23165,0.016,0,0
23166,0.01,0,0
23167,0.01,0,0
23168,0.004,0,0
23169,0.004,0,0
23170,0.004,0,0
23171,0.004,0,0
23172,0,0,0
23173,0,0,0
23174,0,0,0
23175,0,0,0
23176,0,0,0
23177,0,0,0
23178,0,0,0
23179,0,0,0
23180,0,0,0
23181,0,0,0
23182,0,0,0
23183,0,0,0
23184,0,0,0
23185,0,0,0
23186,0,0,0
23187,0,0,0
23188,0,0,0
23189,0,0,0
23190,0,0,0
23191,0,0,0
23192,0,0,0
23193,0,0,0
23194,0,0,0
23195,0,0,0
23196,0,0,0
23197,0,0,0
23198,0,0,0
23199,0,0,0
23200,0,0,0
23201,0,0,0
23202,0,0,0
23203,0,0,0
23204,0,0,0
23205,0,0,0
23206,0,0,0
23207,0,0,0
23208,0,0,0
23209,0,0,0
23210,0,0,0
23211,0,0,0
23212,0,0,0
23213,0,0,0
23214,0,0,0
23215,0,0,0
23216,0,0,0
23217,0,0,0
23218,0,0,0
23219,0,0,0
23220,0,0,0
23221,0,0,0
23222,0.008,0.008,0.008
23223,0,0,0
23224,0,0,0
23225,0,0,0
23226,0,0,0
23227,0,0,0
23228,0,0,0
23229,0,0,0
23230,0,0,0
23231,0,0,0
23232,0,0,0
23233,0,0,0
23234,0,0,0
23235,0,0,0
23236,0,0,0
23237,0,0,0
23238,0,0,0
23239,0,0,0
23240,0,0,0
23241,0,0,0
23242,0,0,0
23243,0,0,0
23244,0,0,0
23245,0,0,0
23246,0,0,0
23247,0,0,0
23248,0,0,0
23249,0,0,0
23250,0,0,0
23251,0,0,0
23252,0.004,0.004,0.004
23253,0,0,0
23254,0,0,0
23255,0,0,0
23256,0,0,0
23257,0,0,0
23258,0,0,0
23259,0,0,0
23260,0,0,0
23261,0,0,0
23262,0,0,0
23263,0,0,0
23264,0.004,0.004,0.004
23265,0.01,0.01,0.01
23266,0.014,0.014,0.014
23267,0.018,0.018,0.018
23268,0.02,0.02,0.02
23269,0.018,0.018,0.018
23270,0.018,0.018,0.018
23271,0.052,0.052,0.052
23272,0.052,0.052,0.052
23273,0.052,0.052,0.052
23274,0.046,0.046,0.046
23275,0.044,0.044,0.044
23276,0.044,0.044,0.044
23277,0.05,0.05,0.05
23278,0.046,0.046,0.046
23279,0.044,0.044,0.044
23280,0.038,0.038,0.038
23281,0.038,0.038,0.038
23282,0.038,0.038,0.038
23283,0.048,0.048,0.048
23284,0.058,0.058,0.058
23285,0.068,0.068,0.068
23286,0.058,0.058,0.058
23287,0.054,0.054,0.054
23288,0.05,0.05,0.05
23289,0.072,0.072,0.072
23290,0.088,0.088,0.088
23291,0.11,0.11,0.11
23292,0.098,0.098,0.098
23293,0.112,0.112,0.112
23294,0.104,0.104,0.104
23295,0.134,0.134,0.134
23296,0.14,0.14,0.14
23297,0.122,0.122,0.122
23298,0.118,0.118,0.118
23299,0.12,0.12,0.12
23300,0.106,0.106,0.106
23301,0.072,0.072,0.072
23302,0.054,0.054,0.054
23303,0.054,0.054,0.054
23304,0.12,0.12,0.12
23305,0.168,0.168,0.168
23306,0.15,0.15,0.15
23307,0.128,0.128,0.128
23308,0.124,0.124,0.124
23309,0.146,0.146,0.146
23310,0.146,0.146,0.146
23311,0.144,0.144,0.144
23312,0.136,0.136,0.136
23313,0.132,0.132,0.132
23314,0.118,0.118,0.118
23315,0.13,0.13,0.13
23316,0.106,0.106,0.106
23317,0.116,0.116,0.116
23318,0.126,0.126,0.126
23319,0.12,0.12,0.12
23320,0.14,0.14,0.14
23321,0.126,0.126,0.126
23322,0.122,0.122,0.122
23323,0.118,0.118,0.118
23324,0.106,0.106,0.106
23325,0.118,0.118,0.118
23326,0.12,0.12,0.12
23327,0.108,0.108,0.108
23328,0.124,0.124,0.124
23329,0.126,0.126,0.126
23330,0.106,0.106,0.106
23331,0.098,0.098,0.098
23332,0.106,0.106,0.106
23333,0.116,0.116,0.116
23334,0.116,0.116,0.116
23335,0.13,0.13,0.13
23336,0.148,0.148,0.148
23337,0.154,0.154,0.154
23338,0.134,0.134,0.134
23339,0.154,0.154,0.154
23340,0.132,0.132,0.132
23341,0.126,0.126,0.126
23342,0.122,0.122,0.122
23343,0.134,0.134,0.134
23344,0.142,0.142,0.142
23345,0.136,0.136,0.136
23346,0.122,0.122,0.122
23347,0.16,0.16,0.16
23348,0.188,0.188,0.188
23349,0.154,0.154,0.154
23350,0.188,0.188,0.188
23351,0.17,0.17,0.17
23352,0.174,0.174,0.174
23353,0.17,0.17,0.17
23354,0.162,0.162,0.162
23355,0.158,0.158,0.158
23356,0.156,0.156,0.156
23357,0.164,0.164,0.164
23358,0.16,0.16,0.16
23359,0.164,0.164,0.164
23360,0.112,0.112,0.112
23361,0.154,0.154,0.154
23362,0.154,0.154,0.154
23363,0.154,0.154,0.154
23364,0.158,0.158,0.158
23365,0.156,0.156,0.156
23366,0.156,0.156,0.156
23367,0.16,0.16,0.16
23368,0.138,0.138,0.138
23369,0.15,0.15,0.15
23370,0.154,0.154,0.154
23371,0.162,0.162,0.162
23372,0.172,0.172,0.172
23373,0.17,0.17,0.17
23374,0.19,0.19,0.19
23375,0.23,0.23,0.23
23376,0.274,0.274,0.274
23377,0.246,0.246,0.246
23378,0.24,0.24,0.24
23379,0.276,0.276,0.276
23380,0.308,0.308,0.308
23381,0.248,0.248,0.248
23382,0.264,0.264,0.264
23383,0.262,0.262,0.262
23384,0.304,0.304,0.304
23385,0.302,0.302,0.302
23386,0.29,0.29,0.29
23387,0.246,0.246,0.246
23388,0.248,0.248,0.248
23389,0.244,0.244,0.244
23390,0.222,0.222,0.222
23391,0.228,0.228,0.228
23392,0.234,0.234,0.234
23393,0.238,0.238,0.238
23394,0.246,0.246,0.246
23395,0.242,0.242,0.242
23396,0.248,0.248,0.248
23397,0.238,0.238,0.238
23398,0.25,0.25,0.25
23399,0.248,0.248,0.248
23400,0.248,0.248,0.248
23401,0.278,0.278,0.278
23402,0.268,0.268,0.268
23403,0.274,0.274,0.274
23404,0.272,0.272,0.272
23405,0.276,0.276,0.276
23406,0.28,0.28,0.28
23407,0.288,0.288,0.288
23408,0.302,0.302,0.302
23409,0.298,0.298,0.298
23410,0.31,0.31,0.31
23411,0.312,0.312,0.312
23412,0.358,0.358,0.358
23413,0.342,0.342,0.342
23414,0.338,0.338,0.338
23415,0.338,0.338,0.338
23416,0.344,0.344,0.344
23417,0.342,0.342,0.342
23418,0.33,0.33,0.33
23419,0.332,0.332,0.332
23420,0.342,0.342,0.342
23421,0.336,0.336,0.336
23422,0.382,0.382,0.382
23423,0.368,0.368,0.368
23424,0.35,0.35,0.35
23425,0.376,0.376,0.376
23426,0.406,0.406,0.406
23427,0.39,0.39,0.39
23428,0.39,0.39,0.39
23429,0.372,0.372,0.372
23430,0.368,0.368,0.368
23431,0.38,0.38,0.38
23432,0.368,0.368,0.368
23433,0.372,0.372,0.372
23434,0.358,0.358,0.358
23435,0.366,0.366,0.366
23436,0.372,0.372,0.372
23437,0.382,0.382,0.382
23438,0.388,0.388,0.388
23439,0.39,0.39,0.39
23440,0.382,0.382,0.382
23441,0.386,0.386,0.386
23442,0.416,0.416,0.416
23443,0.406,0.406,0.406
23444,0.406,0.406,0.406
23445,0.404,0.404,0.404
23446,0.404,0.404,0.404
23447,0.402,0.402,0.402
23448,0.404,0.404,0.404
23449,0.426,0.426,0.426
23450,0.422,0.422,0.422
23451,0.418,0.418,0.418
23452,0.418,0.418,0.418
23453,0.412,0.412,0.412
23454,0.414,0.414,0.414
23455,0.398,0.398,0.398
23456,0.388,0.388,0.388
23457,0.39,0.39,0.39
23458,0.378,0.378,0.378
23459,0.374,0.374,0.374
23460,0.384,0.384,0.384
23461,0.446,0.446,0.446
23462,0.432,0.432,0.432
23463,0.442,0.442,0.442
23464,0.44,0.44,0.44
23465,0.432,0.432,0.432
23466,0.436,0.436,0.436
23467,0.432,0.432,0.432
23468,0.43,0.43,0.43
23469,0.43,0.43,0.43
23470,0.41,0.41,0.41
23471,0.422,0.422,0.422
23472,0.43,0.43,0.43
23473,0.426,0.426,0.426
23474,0.42,0.42,0.42
23475,0.434,0.434,0.434
23476,0.422,0.422,0.422
23477,0.428,0.296,0.296
23478,0.44,0.282,0.282
23479,0.428,0.268,0.268
23480,0.428,0.24,0.24
23481,0.418,0.224,0.224
23482,0.41,0.218,0.218
23483,0.416,0.184,0.184
23484,0.402,0.182,0.182
23485,0.398,0.17,0.17
23486,0.394,0.166,0.166
23487,0.396,0.152,0.152
23488,0.384,0.148,0.148
23489,0.378,0.12,0.12
23490,0.37,0.116,0.116
23491,0.36,0.102,0.102
23492,0.35,0.066,0.066
23493,0.35,0.042,0.042
23494,0.346,0.036,0.036
23495,0.342,0.02,0.02
23496,0.336,0.018,0.018
23497,0.332,0.016,0.016
23498,0.326,0.016,0.016
23499,0.314,0.01,0.01
23500,0.318,0.01,0.01
23501,0.312,0.004,0.004
23502,0.294,0.004,0.004
23503,0.292,0.004,0.004
23504,0.294,0.004,0.004
23505,0.288,0,0
23506,0.284,0,0
23507,0.292,0,0
23508,0.306,0,0
23509,0.296,0,0
23510,0.282,0,0
23511,0.268,0,0
23512,0.24,0,0
23513,0.224,0,0
23514,0.218,0,0
23515,0.184,0,0
23516,0.182,0,0
23517,0.17,0,0
23518,0.166,0,0
23519,0.152,0,0
23520,0.148,0,0
23521,0.12,0,0
23522,0.116,0,0
23523,0.102,0,0
23524,0.066,0,0
23525,0.042,0,0
23526,0.036,0,0
23527,0.02,0,0
23528,0.018,0,0
23529,0.016,0,0
23530,0.016,0,0
23531,0.01,0,0
23532,0.01,0,0
23533,0.004,0,0
23534,0.004,0,0
23535,0.004,0,0
23536,0.004,0,0
23537,0,0,0
23538,0,0,0
23539,0,0,0
23540,0,0,0
23541,0,0,0
23542,0,0,0
23543,0,0,0
23544,0,0,0
23545,0,0,0
23546,0,0,0
23547,0,0,0
23548,0,0,0
23549,0,0,0
23550,0,0,0
23551,0,0,0
23552,0,0,0
23553,0,0,0
23554,0,0,0
23555,0,0,0
23556,0,0,0
23557,0,0,0
23558,0,0,0
23559,0,0,0
23560,0,0,0
23561,0,0,0
23562,0,0,0
23563,0,0,0
23564,0,0,0
23565,0,0,0
23566,0,0,0
23567,0,0,0
23568,0,0,0
23569,0,0,0
23570,0,0,0
23571,0,0,0
23572,0,0,0
23573,0,0,0
23574,0,0,0
23575,0,0,0
23576,0,0,0
23577,0,0,0
23578,0,0,0
23579,0,0,0
23580,0,0,0
23581,0,0,0
23582,0,0,0
23583,0,0,0
23584,0,0,0
23585,0,0,0
23586,0,0,0
23587,0.008,0.008,0.008
23588,0,0,0
23589,0,0,0
23590,0,0,0
23591,0,0,0
23592,0,0,0
23593,0,0,0
23594,0,0,0
23595,0,0,0
23596,0,0,0
23597,0,0,0
23598,0,0,0
23599,0,0,0
23600,0,0,0
23601,0,0,0
23602,0,0,0
23603,0,0,0
23604,0,0,0
23605,0,0,0
23606,0,0,0
23607,0,0,0
23608,0,0,0
23609,0,0,0
23610,0,0,0
23611,0,0,0
23612,0,0,0
23613,0,0,0
23614,0,0,0
23615,0,0,0
23616,0,0,0
23617,0.004,0.004,0.004
23618,0,0,0
23619,0,0,0
23620,0,0,0
23621,0,0,0
23622,0,0,0
23623,0,0,0
23624,0,0,0
23625,0,0,0
23626,0,0,0
23627,0,0,0
23628,0,0,0
23629,0.004,0.004,0.004
23630,0.01,0.01,0.01
23631,0.014,0.014,0.014
23632,0.018,0.018,0.018
23633,0.02,0.02,0.02
23634,0.018,0.018,0.018
23635,0.018,0.018,0.018
23636,0.052,0.052,0.052
23637,0.052,0.052,0.052
23638,0.052,0.052,0.052
23639,0.046,0.046,0.046
23640,0.044,0.044,0.044
23641,0.044,0.044,0.044
23642,0.05,0.05,0.05
23643,0.046,0.046,0.046
23644,0.044,0.044,0.044
23645,0.038,0.038,0.038
23646,0.038,0.038,0.038
23647,0.038,0.038,0.038
23648,0.048,0.048,0.048
23649,0.058,0.058,0.058
23650,0.068,0.068,0.068
23651,0.058,0.058,0.058
23652,0.054,0.054,0.054
23653,0.05,0.05,0.05
23654,0.072,0.072,0.072
23655,0.088,0.088,0.088
23656,0.11,0.11,0.11
23657,0.098,0.098,0.098
23658,0.112,0.112,0.112
23659,0.104,0.104,0.104
23660,0.134,0.134,0.134
23661,0.14,0.14,0.14
23662,0.122,0.122,0.122
23663,0.118,0.118,0.118
23664,0.12,0.12,0.12
23665,0.106,0.106,0.106
23666,0.072,0.072,0.072
23667,0.054,0.054,0.054
23668,0.054,0.054,0.054
23669,0.12,0.12,0.12
23670,0.168,0.168,0.168
23671,0.15,0.15,0.15
23672,0.128,0.128,0.128
23673,0.124,0.124,0.124
23674,0.146,0.146,0.146
23675,0.146,0.146,0.146
23676,0.144,0.144,0.144
23677,0.136,0.136,0.136
23678,0.132,0.132,0.132
23679,0.118,0.118,0.118
23680,0.13,0.13,0.13
23681,0.106,0.106,0.106
23682,0.116,0.116,0.116
23683,0.126,0.126,0.126
23684,0.12,0.12,0.12
23685,0.14,0.14,0.14
23686,0.126,0.126,0.126
23687,0.122,0.122,0.122
23688,0.118,0.118,0.118
23689,0.106,0.106,0.106
23690,0.118,0.118,0.118
23691,0.12,0.12,0.12
23692,0.108,0.108,0.108
23693,0.124,0.124,0.124
23694,0.126,0.126,0.126
23695,0.106,0.106,0.106
23696,0.098,0.098,0.098
23697,0.106,0.106,0.106
23698,0.116,0.116,0.116
23699,0.116,0.116,0.116
23700,0.13,0.13,0.13
23701,0.148,0.148,0.148
23702,0.154,0.154,0.154
23703,0.134,0.134,0.134
23704,0.154,0.154,0.154
23705,0.132,0.132,0.132
23706,0.126,0.126,0.126
23707,0.122,0.122,0.122
23708,0.134,0.134,0.134
23709,0.142,0.142,0.142
23710,0.136,0.136,0.136
23711,0.122,0.122,0.122
23712,0.16,0.16,0.16
23713,0.188,0.188,0.188
23714,0.154,0.154,0.154
23715,0.188,0.188,0.188
23716,0.17,0.17,0.17
23717,0.174,0.174,0.174
23718,0.17,0.17,0.17
23719,0.162,0.162,0.162
23720,0.158,0.158,0.158
23721,0.156,0.156,0.156
23722,0.164,0.164,0.164
23723,0.16,0.16,0.16
23724,0.164,0.164,0.164
23725,0.112,0.112,0.112
23726,0.154,0.154,0.154
23727,0.154,0.154,0.154
23728,0.154,0.154,0.154
23729,0.158,0.158,0.158
23730,0.156,0.156,0.156
23731,0.156,0.156,0.156
23732,0.16,0.16,0.16
23733,0.138,0.138,0.138
23734,0.15,0.15,0.15
23735,0.154,0.154,0.154
23736,0.162,0.162,0.162
23737,0.172,0.172,0.172
23738,0.17,0.17,0.17
23739,0.19,0.19,0.19
23740,0.23,0.23,0.23
23741,0.274,0.274,0.274
23742,0.246,0.246,0.246
23743,0.24,0.24,0.24
23744,0.276,0.276,0.276
23745,0.308,0.308,0.308
23746,0.248,0.248,0.248
23747,0.264,0.264,0.264
23748,0.262,0.262,0.262
23749,0.304,0.304,0.304
23750,0.302,0.302,0.302
23751,0.29,0.29,0.29
23752,0.246,0.246,0.246
23753,0.248,0.248,0.248
23754,0.244,0.244,0.244
23755,0.222,0.222,0.222
23756,0.228,0.228,0.228
23757,0.234,0.234,0.234
23758,0.238,0.238,0.238
23759,0.246,0.246,0.246
23760,0.242,0.242,0.242
23761,0.248,0.248,0.248
23762,0.238,0.238,0.238
23763,0.25,0.25,0.25
23764,0.248,0.248,0.248
23765,0.248,0.248,0.248
23766,0.278,0.278,0.278
23767,0.268,0.268,0.268
23768,0.274,0.274,0.274
23769,0.272,0.272,0.272
23770,0.276,0.276,0.276
23771,0.28,0.28,0.28
23772,0.288,0.288,0.288
23773,0.302,0.302,0.302
23774,0.298,0.298,0.298
23775,0.31,0.31,0.31
23776,0.312,0.312,0.312
23777,0.358,0.358,0.358
23778,0.342,0.342,0.342
23779,0.338,0.338,0.338
23780,0.338,0.338,0.338
23781,0.344,0.344,0.344
23782,0.342,0.342,0.342
23783,0.33,0.33,0.33
23784,0.332,0.332,0.332
23785,0.342,0.342,0.342
23786,0.336,0.336,0.336
23787,0.382,0.382,0.382
23788,0.368,0.368,0.368
23789,0.35,0.35,0.35
23790,0.376,0.376,0.376
23791,0.406,0.406,0.406
23792,0.39,0.39,0.39
23793,0.39,0.39,0.39
23794,0.372,0.372,0.372
23795,0.368,0.368,0.368
23796,0.38,0.38,0.38
23797,0.368,0.368,0.368
23798,0.372,0.372,0.372
23799,0.358,0.358,0.358
23800,0.366,0.366,0.366
23801,0.372,0.372,0.372
23802,0.382,0.382,0.382
23803,0.388,0.388,0.388
23804,0.39,0.39,0.39
23805,0.382,0.382,0.382
23806,0.386,0.386,0.386
23807,0.416,0.416,0.416
23808,0.406,0.406,0.406
23809,0.406,0.406,0.406
23810,0.404,0.404,0.404
23811,0.404,0.404,0.404
23812,0.402,0.402,0.402
23813,0.404,0.404,0.404
23814,0.426,0.426,0.426
23815,0.422,0.422,0.422
23816,0.418,0.418,0.418
23817,0.418,0.418,0.418
23818,0.412,0.412,0.412
23819,0.414,0.414,0.414
23820,0.398,0.398,0.398
23821,0.388,0.388,0.388
23822,0.39,0.39,0.39
23823,0.378,0.378,0.378
23824,0.374,0.374,0.374
23825,0.384,0.384,0.384
23826,0.446,0.446,0.446
23827,0.432,0.432,0.432
23828,0.442,0.442,0.442
23829,0.44,0.44,0.44
23830,0.432,0.432,0.432
23831,0.436,0.436,0.436
23832,0.432,0.432,0.432
23833,0.43,0.43,0.43
23834,0.43,0.43,0.43
23835,0.41,0.41,0.41
23836,0.422,0.422,0.422
23837,0.43,0.43,0.43
23838,0.426,0.426,0.426
23839,0.42,0.42,0.42
23840,0.434,0.434,0.434
23841,0.422,0.422,0.422
23842,0.428,0.296,0.296
23843,0.44,0.282,0.282
23844,0.428,0.268,0.268
23845,0.428,0.24,0.24
23846,0.418,0.224,0.224
23847,0.41,0.218,0.218
23848,0.416,0.184,0.184
23849,0.402,0.182,0.182
23850,0.398,0.17,0.17
23851,0.394,0.166,0.166
23852,0.396,0.152,0.152
23853,0.384,0.148,0.148
23854,0.378,0.12,0.12
23855,0.37,0.116,0.116
23856,0.36,0.102,0.102
23857,0.35,0.066,0.066
23858,0.35,0.042,0.042
23859,0.346,0.036,0.036
23860,0.342,0.02,0.02
23861,0.336,0.018,0.018
23862,0.332,0.016,0.016
23863,0.326,0.016,0.016
23864,0.314,0.01,0.01
23865,0.318,0.01,0.01
23866,0.312,0.004,0.004
23867,0.294,0.004,0.004
23868,0.292,0.004,0.004
23869,0.294,0.004,0.004
23870,0.288,0,0
23871,0.284,0,0
23872,0.292,0,0
23873,0.306,0,0
23874,0.296,0,0
23875,0.282,0,0
23876,0.268,0,0
23877,0.24,0,0
23878,0.224,0,0
23879,0.218,0,0
23880,0.184,0,0
23881,0.182,0,0
23882,0.17,0,0
23883,0.166,0,0
23884,0.152,0,0
23885,0.148,0,0
23886,0.12,0,0
23887,0.116,0,0
23888,0.102,0,0
23889,0.066,0,0
23890,0.042,0,0
23891,0.036,0,0
23892,0.02,0,0
23893,0.018,0,0
23894,0.016,0,0
23895,0.016,0,0
23896,0.01,0,0
23897,0.01,0,0
23898,0.004,0,0
23899,0.004,0,0
23900,0.004,0,0
23901,0.004,0,0
23902,0,0,0
23903,0,0,0
23904,0,0,0
23905,0,0,0
23906,0,0,0
23907,0,0,0
23908,0,0,0
23909,0,0,0
23910,0,0,0
23911,0,0,0
23912,0,0,0
23913,0,0,0
23914,0,0,0
23915,0,0,0
23916,0,0,0
23917,0,0,0
23918,0,0,0
23919,0,0,0
23920,0,0,0
23921,0,0,0
23922,0,0,0
23923,0,0,0
23924,0,0,0
23925,0,0,0
23926,0,0,0
23927,0,0,0
23928,0,0,0
23929,0,0,0
23930,0,0,0
23931,0,0,0
23932,0,0,0
23933,0,0,0
23934,0,0,0
23935,0,0,0
23936,0,0,0
23937,0,0,0
23938,0,0,0
23939,0,0,0
23940,0,0,0
23941,0,0,0
23942,0,0,0
23943,0,0,0
23944,0,0,0
23945,0,0,0
23946,0,0,0
23947,0,0,0
23948,0,0,0
23949,0,0,0
23950,0,0,0
23951,0,0,0
23952,0.008,0.008,0.008
23953,0,0,0
23954,0,0,0
23955,0,0,0
23956,0,0,0
23957,0,0,0
23958,0,0,0
23959,0,0,0
23960,0,0,0
23961,0,0,0
23962,0,0,0
23963,0,0,0
23964,0,0,0
23965,0,0,0
23966,0,0,0
23967,0,0,0
23968,0,0,0
23969,0,0,0
23970,0,0,0
23971,0,0,0
23972,0,0,0
23973,0,0,0
23974,0,0,0
23975,0,0,0
23976,0,0,0
23977,0,0,0
23978,0,0,0
23979,0,0,0
23980,0,0,0
23981,0,0,0
23982,0.004,0.004,0.004
23983,0,0,0
23984,0,0,0
23985,0,0,0
23986,0,0,0
23987,0,0,0
23988,0,0,0
23989,0,0,0
23990,0,0,0
23991,0,0,0
23992,0,0,0
23993,0,0,0
23994,0.004,0.004,0.004
23995,0.01,0.01,0.01
23996,0.014,0.014,0.014
23997,0.018,0.018,0.018
23998,0.02,0.02,0.02
23999,0.018,0.018,0.018
24000,0.018,0.018,0.018
24001,0.052,0.052,0.052
24002,0.052,0.052,0.052
24003,0.052,0.052,0.052
24004,0.046,0.046,0.046
24005,0.044,0.044,0.044
24006,0.044,0.044,0.044
24007,0.05,0.05,0.05
24008,0.046,0.046,0.046
24009,0.044,0.044,0.044
24010,0.038,0.038,0.038
24011,0.038,0.038,0.038
24012,0.038,0.038,0.038
24013,0.048,0.048,0.048
24014,0.058,0.058,0.058
24015,0.068,0.068,0.068
24016,0.058,0.058,0.058
24017,0.054,0.054,0.054
24018,0.05,0.05,0.05
24019,0.072,0.072,0.072
24020,0.088,0.088,0.088
24021,0.11,0.11,0.11
24022,0.098,0.098,0.098
24023,0.112,0.112,0.112
24024,0.104,0.104,0.104
24025,0.134,0.134,0.134
24026,0.14,0.14,0.14
24027,0.122,0.122,0.122
24028,0.118,0.118,0.118
24029,0.12,0.12,0.12
24030,0.106,0.106,0.106
24031,0.072,0.072,0.072
24032,0.054,0.054,0.054
24033,0.054,0.054,0.054
24034,0.12,0.12,0.12
24035,0.168,0.168,0.168
24036,0.15,0.15,0.15
24037,0.128,0.128,0.128
24038,0.124,0.124,0.124
24039,0.146,0.146,0.146
24040,0.146,0.146,0.146
24041,0.144,0.144,0.144
24042,0.136,0.136,0.136
24043,0.132,0.132,0.132
24044,0.118,0.118,0.118
24045,0.13,0.13,0.13
24046,0.106,0.106,0.106
24047,0.116,0.116,0.116
24048,0.126,0.126,0.126
24049,0.12,0.12,0.12
24050,0.14,0.14,0.14
24051,0.126,0.126,0.126
24052,0.122,0.122,0.122
24053,0.118,0.118,0.118
24054,0.106,0.106,0.106
24055,0.118,0.118,0.118
24056,0.12,0.12,0.12
24057,0.108,0.108,0.108
24058,0.124,0.124,0.124
24059,0.126,0.126,0.126
24060,0.106,0.106,0.106
24061,0.098,0.098,0.098
24062,0.106,0.106,0.106
24063,0.116,0.116,0.116
24064,0.116,0.116,0.116
24065,0.13,0.13,0.13
24066,0.148,0.148,0.148
24067,0.154,0.154,0.154
24068,0.134,0.134,0.134
24069,0.154,0.154,0.154
24070,0.132,0.132,0.132
24071,0.126,0.126,0.126
24072,0.122,0.122,0.122
24073,0.134,0.134,0.134
24074,0.142,0.142,0.142
24075,0.136,0.136,0.136
24076,0.122,0.122,0.122
24077,0.16,0.16,0.16
24078,0.188,0.188,0.188
24079,0.154,0.154,0.154
24080,0.188,0.188,0.188
24081,0.17,0.17,0.17
24082,0.174,0.174,0.174
24083,0.17,0.17,0.17
24084,0.162,0.162,0.162
24085,0.158,0.158,0.158
24086,0.156,0.156,0.156
24087,0.164,0.164,0.164
24088,0.16,0.16,0.16
24089,0.164,0.164,0.164
24090,0.112,0.112,0.112
24091,0.154,0.154,0.154
24092,0.154,0.154,0.154
24093,0.154,0.154,0.154
24094,0.158,0.158,0.158
24095,0.156,0.156,0.156
24096,0.156,0.156,0.156
24097,0.16,0.16,0.16
24098,0.138,0.138,0.138
24099,0.15,0.15,0.15
24100,0.154,0.154,0.154
24101,0.162,0.162,0.162
24102,0.172,0.172,0.172
24103,0.17,0.17,0.17
24104,0.19,0.19,0.19
24105,0.23,0.23,0.23
24106,0.274,0.274,0.274
24107,0.246,0.246,0.246
24108,0.24,0.24,0.24
24109,0.276,0.276,0.276
24110,0.308,0.308,0.308
24111,0.248,0.248,0.248
24112,0.264,0.264,0.264
24113,0.262,0.262,0.262
24114,0.304,0.304,0.304
24115,0.302,0.302,0.302
24116,0.29,0.29,0.29
24117,0.246,0.246,0.246
24118,0.248,0.248,0.248
24119,0.244,0.244,0.244
24120,0.222,0.222,0.222
24121,0.228,0.228,0.228
24122,0.234,0.234,0.234
24123,0.238,0.238,0.238
24124,0.246,0.246,0.246
24125,0.242,0.242,0.242
24126,0.248,0.248,0.248
24127,0.238,0.238,0.238
24128,0.25,0.25,0.25
24129,0.248,0.248,0.248
24130,0.248,0.248,0.248
24131,0.278,0.278,0.278
24132,0.268,0.268,0.268
24133,0.274,0.274,0.274
24134,0.272,0.272,0.272
24135,0.276,0.276,0.276
24136,0.28,0.28,0.28
24137,0.288,0.288,0.288
24138,0.302,0.302,0.302
24139,0.298,0.298,0.298
24140,0.31,0.31,0.31
24141,0.312,0.312,0.312
24142,0.358,0.358,0.358
24143,0.342,0.342,0.342
24144,0.338,0.338,0.338
24145,0.338,0.338,0.338
24146,0.344,0.344,0.344
24147,0.342,0.342,0.342
24148,0.33,0.33,0.33
24149,0.332,0.332,0.332
24150,0.342,0.342,0.342
24151,0.336,0.336,0.336
24152,0.382,0.382,0.382
24153,0.368,0.368,0.368
24154,0.35,0.35,0.35
24155,0.376,0.376,0.376
24156,0.406,0.406,0.406
24157,0.39,0.39,0.39
24158,0.39,0.39,0.39
24159,0.372,0.372,0.372
24160,0.368,0.368,0.368
24161,0.38,0.38,0.38
24162,0.368,0.368,0.368
24163,0.372,0.372,0.372
24164,0.358,0.358,0.358
24165,0.366,0.366,0.366
24166,0.372,0.372,0.372
24167,0.382,0.382,0.382
24168,0.388,0.388,0.388
24169,0.39,0.39,0.39
24170,0.382,0.382,0.382
24171,0.386,0.386,0.386
24172,0.416,0.416,0.416
24173,0.406,0.406,0.406
24174,0.406,0.406,0.406
24175,0.404,0.404,0.404
24176,0.404,0.404,0.404
24177,0.402,0.402,0.402
24178,0.404,0.404,0.404
24179,0.426,0.426,0.426
24180,0.422,0.422,0.422
24181,0.418,0.418,0.418
24182,0.418,0.418,0.418
24183,0.412,0.412,0.412
24184,0.414,0.414,0.414
24185,0.398,0.398,0.398
24186,0.388,0.388,0.388
24187,0.39,0.39,0.39
24188,0.378,0.378,0.378
24189,0.374,0.374,0.374
24190,0.384,0.384,0.384
24191,0.446,0.446,0.446
24192,0.432,0.432,0.432
24193,0.442,0.442,0.442
24194,0.44,0.44,0.44
24195,0.432,0.432,0.432
24196,0.436,0.436,0.436
24197,0.432,0.432,0.432
24198,0.43,0.43,0.43
24199,0.43,0.43,0.43
24200,0.41,0.41,0.41
24201,0.422,0.422,0.422
24202,0.43,0.43,0.43
24203,0.426,0.426,0.426
24204,0.42,0.42,0.42
24205,0.434,0.434,0.434
24206,0.422,0.296,0.296
24207,0.428,0.282,0.282
24208,0.44,0.268,0.268
24209,0.428,0.24,0.24
24210,0.428,0.224,0.224
24211,0.418,0.218,0.218
24212,0.41,0.184,0.184
24213,0.416,0.182,0.182
24214,0.402,0.17,0.17
24215,0.398,0.166,0.166
24216,0.394,0.152,0.152
24217,0.396,0.148,0.148
24218,0.384,0.12,0.12
24219,0.378,0.116,0.116
24220,0.37,0.102,0.102
24221,0.36,0.066,0.066
24222,0.35,0.042,0.042
24223,0.35,0.036,0.036
24224,0.346,0.02,0.02
24225,0.342,0.018,0.018
24226,0.336,0.016,0.016
24227,0.332,0.016,0.016
24228,0.326,0.01,0.01
24229,0.314,0.01,0.01
24230,0.318,0.004,0.004
24231,0.312,0.004,0.004
24232,0.294,0.004,0.004
24233,0.292,0.004,0.004
24234,0.294,0,0
24235,0.288,0,0
24236,0.284,0,0
24237,0.292,0,0
24238,0.306,0,0
24239,0.296,0,0
24240,0.282,0,0
24241,0.268,0,0
24242,0.24,0,0
24243,0.224,0,0
24244,0.218,0,0
24245,0.184,0,0
24246,0.182,0,0
24247,0.17,0,0
24248,0.166,0,0
24249,0.152,0,0
24250,0.148,0,0
24251,0.12,0,0
24252,0.116,0,0
24253,0.102,0,0
24254,0.066,0,0
24255,0.042,0,0
24256,0.036,0,0
24257,0.02,0,0
24258,0.018,0,0
24259,0.016,0,0
24260,0.016,0,0
24261,0.01,0,0
24262,0.01,0,0
24263,0.004,0,0
24264,0.004,0,0
24265,0.004,0,0
24266,0.004,0,0
24267,0,0,0
24268,0,0,0
24269,0,0,0
24270,0,0,0
24271,0,0,0
24272,0,0,0
24273,0,0,0
24274,0,0,0
24275,0,0,0
24276,0,0,0
24277,0,0,0
24278,0,0,0
24279,0,0,0
24280,0,0,0
24281,0,0,0
24282,0,0,0
24283,0,0,0
24284,0,0,0
24285,0,0,0
24286,0,0,0
24287,0,0,0
24288,0,0,0
24289,0,0,0
24290,0,0,0
24291,0,0,0
24292,0,0,0
24293,0,0,0
24294,0,0,0
24295,0,0,0
24296,0,0,0
24297,0,0,0
24298,0,0,0
24299,0,0,0
24300,0,0,0
24301,0,0,0
24302,0,0,0
24303,0,0,0
24304,0,0,0
24305,0,0,0
24306,0,0,0
24307,0,0,0
24308,0,0,0
24309,0,0,0
24310,0,0,0
24311,0,0,0
24312,0,0,0
24313,0,0,0
24314,0,0,0
24315,0,0,0
24316,0,0,0
24317,0.008,0.008,0.008
24318,0,0,0
24319,0,0,0
24320,0,0,0
24321,0,0,0
24322,0,0,0
24323,0,0,0
24324,0,0,0
24325,0,0,0
24326,0,0,0
24327,0,0,0
24328,0,0,0
24329,0,0,0
24330,0,0,0
24331,0,0,0
24332,0,0,0
24333,0,0,0
24334,0,0,0
24335,0,0,0
24336,0,0,0
24337,0,0,0
24338,0,0,0
24339,0,0,0
24340,0,0,0
24341,0,0,0
24342,0,0,0
24343,0,0,0
24344,0,0,0
24345,0,0,0
24346,0,0,0
24347,0.004,0.004,0.004
24348,0,0,0
24349,0,0,0
24350,0,0,0
24351,0,0,0
24352,0,0,0
24353,0,0,0
24354,0,0,0
24355,0,0,0
24356,0,0,0
24357,0,0,0
24358,0,0,0
24359,0.004,0.004,0.004
24360,0.01,0.01,0.01
24361,0.014,0.014,0.014
24362,0.018,0.018,0.018
24363,0.02,0.02,0.02
24364,0.018,0.018,0.018
24365,0.018,0.018,0.018
24366,0.052,0.052,0.052
24367,0.052,0.052,0.052
24368,0.052,0.052,0.052
24369,0.046,0.046,0.046
24370,0.044,0.044,0.044
24371,0.044,0.044,0.044
24372,0.05,0.05,0.05
24373,0.046,0.046,0.046
24374,0.044,0.044,0.044
24375,0.038,0.038,0.038
24376,0.038,0.038,0.038
24377,0.038,0.038,0.038
24378,0.048,0.048,0.048
24379,0.058,0.058,0.058
24380,0.068,0.068,0.068
24381,0.058,0.058,0.058
24382,0.054,0.054,0.054
24383,0.05,0.05,0.05
24384,0.072,0.072,0.072
24385,0.088,0.088,0.088
24386,0.11,0.11,0.11
24387,0.098,0.098,0.098
24388,0.112,0.112,0.112
24389,0.104,0.104,0.104
24390,0.134,0.134,0.134
24391,0.14,0.14,0.14
24392,0.122,0.122,0.122
24393,0.118,0.118,0.118
24394,0.12,0.12,0.12
24395,0.106,0.106,0.106
24396,0.072,0.072,0.072
24397,0.054,0.054,0.054
24398,0.054,0.054,0.054
24399,0.12,0.12,0.12
24400,0.168,0.168,0.168
24401,0.15,0.15,0.15
24402,0.128,0.128,0.128
24403,0.124,0.124,0.124
24404,0.146,0.146,0.146
24405,0.146,0.146,0.146
24406,0.144,0.144,0.144
24407,0.136,0.136,0.136
24408,0.132,0.132,0.132
24409,0.118,0.118,0.118
24410,0.13,0.13,0.13
24411,0.106,0.106,0.106
24412,0.116,0.116,0.116
24413,0.126,0.126,0.126
24414,0.12,0.12,0.12
24415,0.14,0.14,0.14
24416,0.126,0.126,0.126
24417,0.122,0.122,0.122
24418,0.118,0.118,0.118
24419,0.106,0.106,0.106
24420,0.118,0.118,0.118
24421,0.12,0.12,0.12
24422,0.108,0.108,0.108
24423,0.124,0.124,0.124
24424,0.126,0.126,0.126
24425,0.106,0.106,0.106
24426,0.098,0.098,0.098
24427,0.106,0.106,0.106
24428,0.116,0.116,0.116
24429,0.116,0.116,0.116
24430,0.13,0.13,0.13
24431,0.148,0.148,0.148
24432,0.154,0.154,0.154
24433,0.134,0.134,0.134
24434,0.154,0.154,0.154
24435,0.132,0.132,0.132
24436,0.126,0.126,0.126
24437,0.122,0.122,0.122
24438,0.134,0.134,0.134
24439,0.142,0.142,0.142
24440,0.136,0.136,0.136
24441,0.122,0.122,0.122
24442,0.16,0.16,0.16
24443,0.188,0.188,0.188
24444,0.154,0.154,0.154
24445,0.188,0.188,0.188
24446,0.17,0.17,0.17
24447,0.174,0.174,0.174
24448,0.17,0.17,0.17
24449,0.162,0.162,0.162
24450,0.158,0.158,0.158
24451,0.156,0.156,0.156
24452,0.164,0.164,0.164
24453,0.16,0.16,0.16
24454,0.164,0.164,0.164
24455,0.112,0.112,0.112
24456,0.154,0.154,0.154
24457,0.154,0.154,0.154
24458,0.154,0.154,0.154
24459,0.158,0.158,0.158
24460,0.156,0.156,0.156
24461,0.156,0.156,0.156
24462,0.16,0.16,0.16
24463,0.138,0.138,0.138
24464,0.15,0.15,0.15
24465,0.154,0.154,0.154
24466,0.162,0.162,0.162
24467,0.172,0.172,0.172
24468,0.17,0.17,0.17
24469,0.19,0.19,0.19
24470,0.23,0.23,0.23
24471,0.274,0.274,0.274
24472,0.246,0.246,0.246
24473,0.24,0.24,0.24
24474,0.276,0.276,0.276
24475,0.308,0.308,0.308
24476,0.248,0.248,0.248
24477,0.264,0.264,0.264
24478,0.262,0.262,0.262
24479,0.304,0.304,0.304
24480,0.302,0.302,0.302
24481,0.29,0.29,0.29
24482,0.246,0.246,0.246
24483,0.248,0.248,0.248
24484,0.244,0.244,0.244
24485,0.222,0.222,0.222
24486,0.228,0.228,0.228
24487,0.234,0.234,0.234
24488,0.238,0.238,0.238
24489,0.246,0.246,0.246
24490,0.242,0.242,0.242
24491,0.248,0.248,0.248
24492,0.238,0.238,0.238
24493,0.25,0.25,0.25
24494,0.248,0.248,0.248
24495,0.248,0.248,0.248
24496,0.278,0.278,0.278
24497,0.268,0.268,0.268
24498,0.274,0.274,0.274
24499,0.272,0.272,0.272
24500,0.276,0.276,0.276
24501,0.28,0.28,0.28
24502,0.288,0.288,0.288
24503,0.302,0.302,0.302
24504,0.298,0.298,0.298
24505,0.31,0.31,0.31
24506,0.312,0.312,0.312
24507,0.358,0.358,0.358
24508,0.342,0.342,0.342
24509,0.338,0.338,0.338
24510,0.338,0.338,0.338
24511,0.344,0.344,0.344
24512,0.342,0.342,0.342
24513,0.33,0.33,0.33
24514,0.332,0.332,0.332
24515,0.342,0.342,0.342
24516,0.336,0.336,0.336
24517,0.382,0.382,0.382
24518,0.368,0.368,0.368
24519,0.35,0.35,0.35
24520,0.376,0.376,0.376
24521,0.406,0.406,0.406
24522,0.39,0.39,0.39
24523,0.39,0.39,0.39
24524,0.372,0.372,0.372
24525,0.368,0.368,0.368
24526,0.38,0.38,0.38
24527,0.368,0.368,0.368
24528,0.372,0.372,0.372
24529,0.358,0.358,0.358
24530,0.366,0.366,0.366
24531,0.372,0.372,0.372
24532,0.382,0.382,0.382
24533,0.388,0.388,0.388
24534,0.39,0.39,0.39
24535,0.382,0.382,0.382
24536,0.386,0.386,0.386
24537,0.416,0.416,0.416
24538,0.406,0.406,0.406
24539,0.406,0.406,0.406
24540,0.404,0.404,0.404
24541,0.404,0.404,0.404
24542,0.402,0.402,0.402
24543,0.404,0.404,0.404
24544,0.426,0.426,0.426
24545,0.422,0.422,0.422
24546,0.418,0.418,0.418
24547,0.418,0.418,0.418
24548,0.412,0.412,0.412
24549,0.414,0.414,0.414
24550,0.398,0.398,0.398
24551,0.388,0.388,0.388
24552,0.39,0.39,0.39
24553,0.378,0.378,0.378
24554,0.374,0.374,0.374
24555,0.384,0.384,0.384
24556,0.446,0.446,0.446
24557,0.432,0.432,0.432
24558,0.442,0.442,0.442
24559,0.44,0.44,0.44
24560,0.432,0.432,0.432
24561,0.436,0.436,0.436
24562,0.432,0.432,0.432
24563,0.43,0.43,0.43
24564,0.43,0.43,0.43
24565,0.41,0.41,0.41
24566,0.422,0.422,0.422
24567,0.43,0.43,0.43
24568,0.426,0.426,0.426
24569,0.42,0.42,0.42
24570,0.434,0.434,0.434
24571,0.422,0.296,0.296
24572,0.428,0.282,0.282
24573,0.44,0.268,0.268
24574,0.428,0.24,0.24
24575,0.428,0.224,0.224
24576,0.418,0.218,0.218
24577,0.41,0.184,0.184
24578,0.416,0.182,0.182
24579,0.402,0.17,0.17
24580,0.398,0.166,0.166
24581,0.394,0.152,0.152
24582,0.396,0.148,0.148
24583,0.384,0.12,0.12
24584,0.378,0.116,0.116
24585,0.37,0.102,0.102
24586,0.36,0.066,0.066
24587,0.35,0.042,0.042
24588,0.35,0.036,0.036
24589,0.346,0.02,0.02
24590,0.342,0.018,0.018
24591,0.336,0.016,0.016
24592,0.332,0.016,0.016
24593,0.326,0.01,0.01
24594,0.314,0.01,0.01
24595,0.318,0.004,0.004
24596,0.312,0.004,0.004
24597,0.294,0.004,0.004
24598,0.292,0.004,0.004
24599,0.294,0,0
24600,0.288,0,0
24601,0.284,0,0
24602,0.292,0,0
24603,0.306,0,0
24604,0.296,0,0
24605,0.282,0,0
24606,0.268,0,0
24607,0.24,0,0
24608,0.224,0,0
24609,0.218,0,0
24610,0.184,0,0
24611,0.182,0,0
24612,0.17,0,0
24613,0.166,0,0
24614,0.152,0,0
24615,0.148,0,0
24616,0.12,0,0
24617,0.116,0,0
24618,0.102,0,0
24619,0.066,0,0
24620,0.042,0,0
24621,0.036,0,0
24622,0.02,0,0
24623,0.018,0,0
24624,0.016,0,0
24625,0.016,0,0
24626,0.01,0,0
24627,0.01,0,0
24628,0.004,0,0
24629,0.004,0,0
24630,0.004,0,0
24631,0.004,0,0
24632,0,0,0
24633,0,0,0
24634,0,0,0
24635,0,0,0
24636,0,0,0
24637,0,0,0
24638,0,0,0
24639,0,0,0
24640,0,0,0
24641,0,0,0
24642,0,0,0
24643,0,0,0
24644,0,0,0
24645,0,0,0
24646,0,0,0
24647,0,0,0
24648,0,0,0
24649,0,0,0
24650,0,0,0
24651,0,0,0
24652,0,0,0
24653,0,0,0
24654,0,0,0
24655,0,0,0
24656,0,0,0
24657,0,0,0
24658,0,0,0
24659,0,0,0
24660,0,0,0
24661,0,0,0
24662,0,0,0
24663,0,0,0
24664,0,0,0
24665,0,0,0
24666,0,0,0
24667,0,0,0
24668,0,0,0
24669,0,0,0
24670,0,0,0
24671,0,0,0
24672,0,0,0
24673,0,0,0
24674,0,0,0
24675,0,0,0
24676,0,0,0
24677,0,0,0
24678,0,0,0
24679,0,0,0
24680,0,0,0
24681,0,0,0
24682,0.008,0.008,0.008
24683,0,0,0
24684,0,0,0
24685,0,0,0
24686,0,0,0
24687,0,0,0
24688,0,0,0
24689,0,0,0
24690,0,0,0
24691,0,0,0
24692,0,0,0
24693,0,0,0
24694,0,0,0
24695,0,0,0
24696,0,0,0
24697,0,0,0
24698,0,0,0
24699,0,0,0
24700,0,0,0
24701,0,0,0
24702,0,0,0
24703,0,0,0
24704,0,0,0
24705,0,0,0
24706,0,0,0
24707,0,0,0
24708,0,0,0
24709,0,0,0
24710,0,0,0
24711,0,0,0
24712,0.004,0.004,0.004
24713,0,0,0
24714,0,0,0
24715,0,0,0
24716,0,0,0
24717,0,0,0
24718,0,0,0
24719,0,0,0
24720,0,0,0
24721,0,0,0
24722,0,0,0
24723,0,0,0
24724,0.004,0.004,0.004
24725,0.01,0.01,0.01
24726,0.014,0.014,0.014
24727,0.018,0.018,0.018
24728,0.02,0.02,0.02
24729,0.018,0.018,0.018
24730,0.018,0.018,0.018
24731,0.052,0.052,0.052
24732,0.052,0.052,0.052
24733,0.052,0.052,0.052
24734,0.046,0.046,0.046
24735,0.044,0.044,0.044
24736,0.044,0.044,0.044
24737,0.05,0.05,0.05
24738,0.046,0.046,0.046
24739,0.044,0.044,0.044
24740,0.038,0.038,0.038
24741,0.038,0.038,0.038
24742,0.038,0.038,0.038
24743,0.048,0.048,0.048
24744,0.058,0.058,0.058
24745,0.068,0.068,0.068
24746,0.058,0.058,0.058
24747,0.054,0.054,0.054
24748,0.05,0.05,0.05
24749,0.072,0.072,0.072
24750,0.088,0.088,0.088
24751,0.11,0.11,0.11
24752,0.098,0.098,0.098
24753,0.112,0.112,0.112
24754,0.104,0.104,0.104
24755,0.134,0.134,0.134
24756,0.14,0.14,0.14
24757,0.122,0.122,0.122
24758,0.118,0.118,0.118
24759,0.12,0.12,0.12
24760,0.106,0.106,0.106
24761,0.072,0.072,0.072
24762,0.054,0.054,0.054
24763,0.054,0.054,0.054
24764,0.12,0.12,0.12
24765,0.168,0.168,0.168
24766,0.15,0.15,0.15
24767,0.128,0.128,0.128
24768,0.124,0.124,0.124
24769,0.146,0.146,0.146
24770,0.146,0.146,0.146
24771,0.144,0.144,0.144
24772,0.136,0.136,0.136
24773,0.132,0.132,0.132
24774,0.118,0.118,0.118
24775,0.13,0.13,0.13
24776,0.106,0.106,0.106
24777,0.116,0.116,0.116
24778,0.126,0.126,0.126
24779,0.12,0.12,0.12
24780,0.14,0.14,0.14
24781,0.126,0.126,0.126
24782,0.122,0.122,0.122
24783,0.118,0.118,0.118
24784,0.106,0.106,0.106
24785,0.118,0.118,0.118
24786,0.12,0.12,0.12
24787,0.108,0.108,0.108
24788,0.124,0.124,0.124
24789,0.126,0.126,0.126
24790,0.106,0.106,0.106
24791,0.098,0.098,0.098
24792,0.106,0.106,0.106
24793,0.116,0.116,0.116
24794,0.116,0.116,0.116
24795,0.13,0.13,0.13
24796,0.148,0.148,0.148
24797,0.154,0.154,0.154
24798,0.134,0.134,0.134
24799,0.154,0.154,0.154
24800,0.132,0.132,0.132
24801,0.126,0.126,0.126
24802,0.122,0.122,0.122
24803,0.134,0.134,0.134
24804,0.142,0.142,0.142
24805,0.136,0.136,0.136
24806,0.122,0.122,0.122
24807,0.16,0.16,0.16
24808,0.188,0.188,0.188
24809,0.154,0.154,0.154
24810,0.188,0.188,0.188
24811,0.17,0.17,0.17
24812,0.174,0.174,0.174
24813,0.17,0.17,0.17
24814,0.162,0.162,0.162
24815,0.158,0.158,0.158
24816,0.156,0.156,0.156
24817,0.164,0.164,0.164
24818,0.16,0.16,0.16
24819,0.164,0.164,0.164
24820,0.112,0.112,0.112
24821,0.154,0.154,0.154
24822,0.154,0.154,0.154
24823,0.154,0.154,0.154
24824,0.158,0.158,0.158
24825,0.156,0.156,0.156
24826,0.156,0.156,0.156
24827,0.16,0.16,0.16
24828,0.138,0.138,0.138
24829,0.15,0.15,0.15
24830,0.154,0.154,0.154
24831,0.162,0.162,0.162
24832,0.172,0.172,0.172
24833,0.17,0.17,0.17
24834,0.19,0.19,0.19
24835,0.23,0.23,0.23
24836,0.274,0.274,0.274
24837,0.246,0.246,0.246
24838,0.24,0.24,0.24
24839,0.276,0.276,0.276
24840,0.308,0.308,0.308
24841,0.248,0.248,0.248
24842,0.264,0.264,0.264
24843,0.262,0.262,0.262
24844,0.304,0.304,0.304
24845,0.302,0.302,0.302
24846,0.29,0.29,0.29
24847,0.246,0.246,0.246
24848,0.248,0.248,0.248
24849,0.244,0.244,0.244
24850,0.222,0.222,0.222
24851,0.228,0.228,0.228
24852,0.234,0.234,0.234
24853,0.238,0.238,0.238
24854,0.246,0.246,0.246
24855,0.242,0.242,0.242
24856,0.248,0.248,0.248
24857,0.238,0.238,0.238
24858,0.25,0.25,0.25
24859,0.248,0.248,0.248
24860,0.248,0.248,0.248
24861,0.278,0.278,0.278
24862,0.268,0.268,0.268
24863,0.274,0.274,0.274
24864,0.272,0.272,0.272
24865,0.276,0.276,0.276
24866,0.28,0.28,0.28
24867,0.288,0.288,0.288
24868,0.302,0.302,0.302
24869,0.298,0.298,0.298
24870,0.31,0.31,0.31
24871,0.312,0.312,0.312
24872,0.358,0.358,0.358
24873,0.342,0.342,0.342
24874,0.338,0.338,0.338
24875,0.338,0.338,0.338
24876,0.344,0.344,0.344
24877,0.342,0.342,0.342
24878,0.33,0.33,0.33
24879,0.332,0.332,0.332
24880,0.342,0.342,0.342
24881,0.336,0.336,0.336
24882,0.382,0.382,0.382
24883,0.368,0.368,0.368
24884,0.35,0.35,0.35
24885,0.376,0.376,0.376
24886,0.406,0.406,0.406
24887,0.39,0.39,0.39
24888,0.39,0.39,0.39
24889,0.372,0.372,0.372
24890,0.368,0.368,0.368
24891,0.38,0.38,0.38
24892,0.368,0.368,0.368
24893,0.372,0.372,0.372
24894,0.358,0.358,0.358
24895,0.366,0.366,0.366
24896,0.372,0.372,0.372
24897,0.382,0.382,0.382
24898,0.388,0.388,0.388
24899,0.39,0.39,0.39
24900,0.382,0.382,0.382
24901,0.386,0.386,0.386
24902,0.416,0.416,0.416
24903,0.406,0.406,0.406
24904,0.406,0.406,0.406
24905,0.404,0.404,0.404
24906,0.404,0.404,0.404
24907,0.402,0.402,0.402
24908,0.404,0.404,0.404
24909,0.426,0.426,0.426
24910,0.422,0.422,0.422
24911,0.418,0.418,0.418
24912,0.418,0.418,0.418
24913,0.412,0.412,0.412
24914,0.414,0.414,0.414
24915,0.398,0.398,0.398
24916,0.388,0.388,0.388
24917,0.39,0.39,0.39
24918,0.378,0.378,0.378
24919,0.374,0.374,0.374
24920,0.384,0.384,0.384
24921,0.446,0.446,0.446
24922,0.432,0.432,0.432
24923,0.442,0.442,0.442
24924,0.44,0.44,0.44
24925,0.432,0.432,0.432
24926,0.436,0.436,0.436
24927,0.432,0.432,0.432
24928,0.43,0.43,0.43
24929,0.43,0.43,0.43
24930,0.41,0.41,0.41
24931,0.422,0.422,0.422
24932,0.43,0.43,0.43
24933,0.426,0.426,0.426
24934,0.42,0.42,0.42
24935,0.434,0.296,0.296
24936,0.422,0.282,0.282
24937,0.428,0.268,0.268
24938,0.44,0.24,0.24
24939,0.428,0.224,0.224
24940,0.428,0.218,0.218
24941,0.418,0.184,0.184
24942,0.41,0.182,0.182
24943,0.416,0.17,0.17
24944,0.402,0.166,0.166
24945,0.398,0.152,0.152
24946,0.394,0.148,0.148
24947,0.396,0.12,0.12
24948,0.384,0.116,0.116
24949,0.378,0.102,0.102
24950,0.37,0.066,0.066
24951,0.36,0.042,0.042
24952,0.35,0.036,0.036
24953,0.35,0.02,0.02
24954,0.346,0.018,0.018
24955,0.342,0.016,0.016
24956,0.336,0.016,0.016
24957,0.332,0.01,0.01
24958,0.326,0.01,0.01
24959,0.314,0.004,0.004
24960,0.318,0.004,0.004
24961,0.312,0.004,0.004
24962,0.294,0.004,0.004
24963,0.292,0,0
24964,0.294,0,0
24965,0.288,0,0
24966,0.284,0,0
24967,0.292,0,0
24968,0.306,0,0
24969,0.296,0,0
24970,0.282,0,0
24971,0.268,0,0
24972,0.24,0,0
24973,0.224,0,0
24974,0.218,0,0
24975,0.184,0,0
24976,0.182,0,0
24977,0.17,0,0
24978,0.166,0,0
24979,0.152,0,0
24980,0.148,0,0
24981,0.12,0,0
24982,0.116,0,0
24983,0.102,0,0
24984,0.066,0,0
24985,0.042,0,0
24986,0.036,0,0
24987,0.02,0,0
24988,0.018,0,0
24989,0.016,0,0
24990,0.016,0,0
24991,0.01,0,0
24992,0.01,0,0
24993,0.004,0,0
24994,0.004,0,0
24995,0.004,0,0
24996,0.004,0,0
24997,0,0,0
24998,0,0,0
24999,0,0,0
25000,0,0,0
25001,0,0,0
25002,0,0,0
25003,0,0,0
25004,0,0,0
25005,0,0,0
25006,0,0,0
25007,0,0,0
25008,0,0,0
25009,0,0,0
25010,0,0,0
25011,0,0,0
25012,0,0,0
25013,0,0,0
25014,0,0,0
25015,0,0,0
25016,0,0,0
25017,0,0,0
25018,0,0,0
25019,0,0,0
25020,0,0,0
25021,0,0,0
25022,0,0,0
25023,0,0,0
25024,0,0,0
25025,0,0,0
25026,0,0,0
25027,0,0,0
25028,0,0,0
25029,0,0,0
25030,0,0,0
25031,0,0,0
25032,0,0,0
25033,0,0,0
25034,0,0,0
25035,0,0,0
25036,0,0,0
25037,0,0,0
25038,0,0,0
25039,0,0,0
25040,0,0,0
25041,0,0,0
25042,0,0,0
25043,0,0,0
25044,0,0,0
25045,0,0,0
25046,0,0,0
25047,0.008,0.008,0.008
25048,0,0,0
25049,0,0,0
25050,0,0,0
25051,0,0,0
25052,0,0,0
25053,0,0,0
25054,0,0,0
25055,0,0,0
25056,0,0,0
25057,0,0,0
25058,0,0,0
25059,0,0,0
25060,0,0,0
25061,0,0,0
25062,0,0,0
25063,0,0,0
25064,0,0,0
25065,0,0,0
25066,0,0,0
25067,0,0,0
25068,0,0,0
25069,0,0,0
25070,0,0,0
25071,0,0,0
25072,0,0,0
25073,0,0,0
25074,0,0,0
25075,0,0,0
25076,0,0,0
25077,0.004,0.004,0.004
25078,0,0,0
25079,0,0,0
25080,0,0,0
25081,0,0,0
25082,0,0,0
25083,0,0,0
25084,0,0,0
25085,0,0,0
25086,0,0,0
25087,0,0,0
25088,0,0,0
25089,0.004,0.004,0.004
25090,0.01,0.01,0.01
25091,0.014,0.014,0.014
25092,0.018,0.018,0.018
25093,0.02,0.02,0.02
25094,0.018,0.018,0.018
25095,0.018,0.018,0.018
25096,0.052,0.052,0.052
25097,0.052,0.052,0.052
25098,0.052,0.052,0.052
25099,0.046,0.046,0.046
25100,0.044,0.044,0.044
25101,0.044,0.044,0.044
25102,0.05,0.05,0.05
25103,0.046,0.046,0.046
25104,0.044,0.044,0.044
25105,0.038,0.038,0.038
25106,0.038,0.038,0.038
25107,0.038,0.038,0.038
25108,0.048,0.048,0.048
25109,0.058,0.058,0.058
25110,0.068,0.068,0.068
25111,0.058,0.058,0.058
25112,0.054,0.054,0.054
25113,0.05,0.05,0.05
25114,0.072,0.072,0.072
25115,0.088,0.088,0.088
25116,0.11,0.11,0.11
25117,0.098,0.098,0.098
25118,0.112,0.112,0.112
25119,0.104,0.104,0.104
25120,0.134,0.134,0.134
25121,0.14,0.14,0.14
25122,0.122,0.122,0.122
25123,0.118,0.118,0.118
25124,0.12,0.12,0.12
25125,0.106,0.106,0.106
25126,0.072,0.072,0.072
25127,0.054,0.054,0.054
25128,0.054,0.054,0.054
25129,0.12,0.12,0.12
25130,0.168,0.168,0.168
25131,0.15,0.15,0.15
25132,0.128,0.128,0.128
25133,0.124,0.124,0.124
25134,0.146,0.146,0.146
25135,0.146,0.146,0.146
25136,0.144,0.144,0.144
25137,0.136,0.136,0.136
25138,0.132,0.132,0.132
25139,0.118,0.118,0.118
25140,0.13,0.13,0.13
25141,0.106,0.106,0.106
25142,0.116,0.116,0.116
25143,0.126,0.126,0.126
25144,0.12,0.12,0.12
25145,0.14,0.14,0.14
25146,0.126,0.126,0.126
25147,0.122,0.122,0.122
25148,0.118,0.118,0.118
25149,0.106,0.106,0.106
25150,0.118,0.118,0.118
25151,0.12,0.12,0.12
25152,0.108,0.108,0.108
25153,0.124,0.124,0.124
25154,0.126,0.126,0.126
25155,0.106,0.106,0.106
25156,0.098,0.098,0.098
25157,0.106,0.106,0.106
25158,0.116,0.116,0.116
25159,0.116,0.116,0.116
25160,0.13,0.13,0.13
25161,0.148,0.148,0.148
25162,0.154,0.154,0.154
25163,0.134,0.134,0.134
25164,0.154,0.154,0.154
25165,0.132,0.132,0.132
25166,0.126,0.126,0.126
25167,0.122,0.122,0.122
25168,0.134,0.134,0.134
25169,0.142,0.142,0.142
25170,0.136,0.136,0.136
25171,0.122,0.122,0.122
25172,0.16,0.16,0.16
25173,0.188,0.188,0.188
25174,0.154,0.154,0.154
25175,0.188,0.188,0.188
25176,0.17,0.17,0.17
25177,0.174,0.174,0.174
25178,0.17,0.17,0.17
25179,0.162,0.162,0.162
25180,0.158,0.158,0.158
25181,0.156,0.156,0.156
25182,0.164,0.164,0.164
25183,0.16,0.16,0.16
25184,0.164,0.164,0.164
25185,0.112,0.112,0.112
25186,0.154,0.154,0.154
25187,0.154,0.154,0.154
25188,0.154,0.154,0.154
25189,0.158,0.158,0.158
25190,0.156,0.156,0.156
25191,0.156,0.156,0.156
25192,0.16,0.16,0.16
25193,0.138,0.138,0.138
25194,0.15,0.15,0.15
25195,0.154,0.154,0.154
25196,0.162,0.162,0.162
25197,0.172,0.172,0.172
25198,0.17,0.17,0.17
25199,0.19,0.19,0.19
25200,0.23,0.23,0.23
25201,0.274,0.274,0.274
25202,0.246,0.246,0.246
25203,0.24,0.24,0.24
25204,0.276,0.276,0.276
25205,0.308,0.308,0.308
25206,0.248,0.248,0.248
25207,0.264,0.264,0.264
25208,0.262,0.262,0.262
25209,0.304,0.304,0.304
25210,0.302,0.302,0.302
25211,0.29,0.29,0.29
25212,0.246,0.246,0.246
25213,0.248,0.248,0.248
25214,0.244,0.244,0.244
25215,0.222,0.222,0.222
25216,0.228,0.228,0.228
25217,0.234,0.234,0.234
25218,0.238,0.238,0.238
25219,0.246,0.246,0.246
25220,0.242,0.242,0.242
25221,0.248,0.248,0.248
25222,0.238,0.238,0.238
25223,0.25,0.25,0.25
25224,0.248,0.248,0.248
25225,0.248,0.248,0.248
25226,0.278,0.278,0.278
25227,0.268,0.268,0.268
25228,0.274,0.274,0.274
25229,0.272,0.272,0.272
25230,0.276,0.276,0.276
25231,0.28,0.28,0.28
25232,0.288,0.288,0.288
25233,0.302,0.302,0.302
25234,0.298,0.298,0.298
25235,0.31,0.31,0.31
25236,0.312,0.312,0.312
25237,0.358,0.358,0.358
25238,0.342,0.342,0.342
25239,0.338,0.338,0.338
25240,0.338,0.338,0.338
25241,0.344,0.344,0.344
25242,0.342,0.342,0.342
25243,0.33,0.33,0.33
25244,0.332,0.332,0.332
25245,0.342,0.342,0.342
25246,0.336,0.336,0.336
25247,0.382,0.382,0.382
25248,0.368,0.368,0.368
25249,0.35,0.35,0.35
25250,0.376,0.376,0.376
25251,0.406,0.406,0.406
25252,0.39,0.39,0.39
25253,0.39,0.39,0.39
25254,0.372,0.372,0.372
25255,0.368,0.368,0.368
25256,0.38,0.38,0.38
25257,0.368,0.368,0.368
25258,0.372,0.372,0.372
25259,0.358,0.358,0.358
25260,0.366,0.366,0.366
25261,0.372,0.372,0.372
25262,0.382,0.382,0.382
25263,0.388,0.388,0.388
25264,0.39,0.39,0.39
25265,0.382,0.382,0.382
25266,0.386,0.386,0.386
25267,0.416,0.416,0.416
25268,0.406,0.406,0.406
25269,0.406,0.406,0.406
25270,0.404,0.404,0.404
25271,0.404,0.404,0.404
25272,0.402,0.402,0.402
25273,0.404,0.404,0.404
25274,0.426,0.426,0.426
25275,0.422,0.422,0.422
25276,0.418,0.418,0.418
25277,0.418,0.418,0.418
25278,0.412,0.412,0.412
25279,0.414,0.414,0.414
25280,0.398,0.398,0.398
25281,0.388,0.388,0.388
25282,0.39,0.39,0.39
25283,0.378,0.378,0.378
25284,0.374,0.374,0.374
25285,0.384,0.384,0.384
25286,0.446,0.446,0.446
25287,0.432,0.432,0.432
25288,0.442,0.442,0.442
25289,0.44,0.44,0.44
25290,0.432,0.432,0.432
25291,0.436,0.436,0.436
25292,0.432,0.432,0.432
25293,0.43,0.43,0.43
25294,0.43,0.43,0.43
25295,0.41,0.41,0.41
25296,0.422,0.422,0.422
25297,0.43,0.43,0.43
25298,0.426,0.426,0.426
25299,0.42,0.42,0.42
25300,0.434,0.296,0.296
25301,0.422,0.282,0.282
25302,0.428,0.268,0.268
25303,0.44,0.24,0.24
25304,0.428,0.224,0.224
25305,0.428,0.218,0.218
25306,0.418,0.184,0.184
25307,0.41,0.182,0.182
25308,0.416,0.17,0.17
25309,0.402,0.166,0.166
25310,0.398,0.152,0.152
25311,0.394,0.148,0.148
25312,0.396,0.12,0.12
25313,0.384,0.116,0.116
25314,0.378,0.102,0.102
25315,0.37,0.066,0.066
25316,0.36,0.042,0.042
25317,0.35,0.036,0.036
25318,0.35,0.02,0.02
25319,0.346,0.018,0.018
25320,0.342,0.016,0.016
25321,0.336,0.016,0.016
25322,0.332,0.01,0.01
25323,0.326,0.01,0.01
25324,0.314,0.004,0.004
25325,0.318,0.004,0.004
25326,0.312,0.004,0.004
25327,0.294,0.004,0.004
25328,0.292,0,0
25329,0.294,0,0
25330,0.288,0,0
25331,0.284,0,0
25332,0.292,0,0
25333,0.306,0,0
25334,0.296,0,0
25335,0.282,0,0
25336,0.268,0,0
25337,0.24,0,0
25338,0.224,0,0
25339,0.218,0,0
25340,0.184,0,0
25341,0.182,0,0
25342,0.17,0,0
25343,0.166,0,0
25344,0.152,0,0
25345,0.148,0,0
25346,0.12,0,0
25347,0.116,0,0
25348,0.102,0,0
25349,0.066,0,0
25350,0.042,0,0
25351,0.036,0,0
25352,0.02,0,0
25353,0.018,0,0
25354,0.016,0,0
25355,0.016,0,0
25356,0.01,0,0
25357,0.01,0,0
25358,0.004,0,0
25359,0.004,0,0
25360,0.004,0,0
25361,0.004,0,0
25362,0,0,0
25363,0,0,0
25364,0,0,0
25365,0,0,0
25366,0,0,0
25367,0,0,0
25368,0,0,0
25369,0,0,0
25370,0,0,0
25371,0,0,0
25372,0,0,0
25373,0,0,0
25374,0,0,0
25375,0,0,0
25376,0,0,0
25377,0,0,0
25378,0,0,0
25379,0,0,0
25380,0,0,0
25381,0,0,0
25382,0,0,0
25383,0,0,0
25384,0,0,0
25385,0,0,0
25386,0,0,0
25387,0,0,0
25388,0,0,0
25389,0,0,0
25390,0,0,0
25391,0,0,0
25392,0,0,0
25393,0,0,0
25394,0,0,0
25395,0,0,0
25396,0,0,0
25397,0,0,0
25398,0,0,0
25399,0,0,0
25400,0,0,0
25401,0,0,0
25402,0,0,0
25403,0,0,0
25404,0,0,0
25405,0,0,0
25406,0,0,0
25407,0,0,0
25408,0,0,0
25409,0,0,0
25410,0,0,0
25411,0,0,0
25412,0.008,0.008,0.008
25413,0,0,0
25414,0,0,0
25415,0,0,0
25416,0,0,0
25417,0,0,0
25418,0,0,0
25419,0,0,0
25420,0,0,0
25421,0,0,0
25422,0,0,0
25423,0,0,0
25424,0,0,0
25425,0,0,0
25426,0,0,0
25427,0,0,0
25428,0,0,0
25429,0,0,0
25430,0,0,0
25431,0,0,0
25432,0,0,0
25433,0,0,0
25434,0,0,0
25435,0,0,0
25436,0,0,0
25437,0,0,0
25438,0,0,0
25439,0,0,0
25440,0,0,0
25441,0,0,0
25442,0.004,0.004,0.004
25443,0,0,0
25444,0,0,0
25445,0,0,0
25446,0,0,0
25447,0,0,0
25448,0,0,0
25449,0,0,0
25450,0,0,0
25451,0,0,0
25452,0,0,0
25453,0,0,0
25454,0.004,0.004,0.004
25455,0.01,0.01,0.01
25456,0.014,0.014,0.014
25457,0.018,0.018,0.018
25458,0.02,0.02,0.02
25459,0.018,0.018,0.018
25460,0.018,0.018,0.018
25461,0.052,0.052,0.052
25462,0.052,0.052,0.052
25463,0.052,0.052,0.052
25464,0.046,0.046,0.046
25465,0.044,0.044,0.044
25466,0.044,0.044,0.044
25467,0.05,0.05,0.05
25468,0.046,0.046,0.046
25469,0.044,0.044,0.044
25470,0.038,0.038,0.038
25471,0.038,0.038,0.038
25472,0.038,0.038,0.038
25473,0.048,0.048,0.048
25474,0.058,0.058,0.058
25475,0.068,0.068,0.068
25476,0.058,0.058,0.058
25477,0.054,0.054,0.054
25478,0.05,0.05,0.05
25479,0.072,0.072,0.072
25480,0.088,0.088,0.088
25481,0.11,0.11,0.11
25482,0.098,0.098,0.098
25483,0.112,0.112,0.112
25484,0.104,0.104,0.104
25485,0.134,0.134,0.134
25486,0.14,0.14,0.14
25487,0.122,0.122,0.122
25488,0.118,0.118,0.118
25489,0.12,0.12,0.12
25490,0.106,0.106,0.106
25491,0.072,0.072,0.072
25492,0.054,0.054,0.054
25493,0.054,0.054,0.054
25494,0.12,0.12,0.12
25495,0.168,0.168,0.168
25496,0.15,0.15,0.15
25497,0.128,0.128,0.128
25498,0.124,0.124,0.124
25499,0.146,0.146,0.146
25500,0.146,0.146,0.146
25501,0.144,0.144,0.144
25502,0.136,0.136,0.136
25503,0.132,0.132,0.132
25504,0.118,0.118,0.118
25505,0.13,0.13,0.13
25506,0.106,0.106,0.106
25507,0.116,0.116,0.116
25508,0.126,0.126,0.126
25509,0.12,0.12,0.12
25510,0.14,0.14,0.14
25511,0.126,0.126,0.126
25512,0.122,0.122,0.122
25513,0.118,0.118,0.118
25514,0.106,0.106,0.106
25515,0.118,0.118,0.118
25516,0.12,0.12,0.12
25517,0.108,0.108,0.108
25518,0.124,0.124,0.124
25519,0.126,0.126,0.126
25520,0.106,0.106,0.106
25521,0.098,0.098,0.098
25522,0.106,0.106,0.106
25523,0.116,0.116,0.116
25524,0.116,0.116,0.116
25525,0.13,0.13,0.13
25526,0.148,0.148,0.148
25527,0.154,0.154,0.154
25528,0.134,0.134,0.134
25529,0.154,0.154,0.154
25530,0.132,0.132,0.132
25531,0.126,0.126,0.126
25532,0.122,0.122,0.122
25533,0.134,0.134,0.134
25534,0.142,0.142,0.142
25535,0.136,0.136,0.136
25536,0.122,0.122,0.122
25537,0.16,0.16,0.16
25538,0.188,0.188,0.188
25539,0.154,0.154,0.154
25540,0.188,0.188,0.188
25541,0.17,0.17,0.17
25542,0.174,0.174,0.174
25543,0.17,0.17,0.17
25544,0.162,0.162,0.162
25545,0.158,0.158,0.158
25546,0.156,0.156,0.156
25547,0.164,0.164,0.164
25548,0.16,0.16,0.16
25549,0.164,0.164,0.164
25550,0.112,0.112,0.112
25551,0.154,0.154,0.154
25552,0.154,0.154,0.154
25553,0.154,0.154,0.154
25554,0.158,0.158,0.158
25555,0.156,0.156,0.156
25556,0.156,0.156,0.156
25557,0.16,0.16,0.16
25558,0.138,0.138,0.138
25559,0.15,0.15,0.15
25560,0.154,0.154,0.154
25561,0.162,0.162,0.162
25562,0.172,0.172,0.172
25563,0.17,0.17,0.17
25564,0.19,0.19,0.19
25565,0.23,0.23,0.23
25566,0.274,0.274,0.274
25567,0.246,0.246,0.246
25568,0.24,0.24,0.24
25569,0.276,0.276,0.276
25570,0.308,0.308,0.308
25571,0.248,0.248,0.248
25572,0.264,0.264,0.264
25573,0.262,0.262,0.262
25574,0.304,0.304,0.304
25575,0.302,0.302,0.302
25576,0.29,0.29,0.29
25577,0.246,0.246,0.246
25578,0.248,0.248,0.248
25579,0.244,0.244,0.244
25580,0.222,0.222,0.222
25581,0.228,0.228,0.228
25582,0.234,0.234,0.234
25583,0.238,0.238,0.238
25584,0.246,0.246,0.246
25585,0.242,0.242,0.242
25586,0.248,0.248,0.248
25587,0.238,0.238,0.238
25588,0.25,0.25,0.25
25589,0.248,0.248,0.248
25590,0.248,0.248,0.248
25591,0.278,0.278,0.278
25592,0.268,0.268,0.268
25593,0.274,0.274,0.274
25594,0.272,0.272,0.272
25595,0.276,0.276,0.276
25596,0.28,0.28,0.28
25597,0.288,0.288,0.288
25598,0.302,0.302,0.302
25599,0.298,0.298,0.298
25600,0.31,0.31,0.31
25601,0.312,0.312,0.312
25602,0.358,0.358,0.358
25603,0.342,0.342,0.342
25604,0.338,0.338,0.338
25605,0.338,0.338,0.338
25606,0.344,0.344,0.344
25607,0.342,0.342,0.342
25608,0.33,0.33,0.33
25609,0.332,0.332,0.332
25610,0.342,0.342,0.342
25611,0.336,0.336,0.336
25612,0.382,0.382,0.382
25613,0.368,0.368,0.368
25614,0.35,0.35,0.35
25615,0.376,0.376,0.376
25616,0.406,0.406,0.406
25617,0.39,0.39,0.39
25618,0.39,0.39,0.39
25619,0.372,0.372,0.372
25620,0.368,0.368,0.368
25621,0.38,0.38,0.38
25622,0.368,0.368,0.368
25623,0.372,0.372,0.372
25624,0.358,0.358,0.358
25625,0.366,0.366,0.366
25626,0.372,0.372,0.372
25627,0.382,0.382,0.382
25628,0.388,0.388,0.388
25629,0.39,0.39,0.39
25630,0.382,0.382,0.382
25631,0.386,0.386,0.386
25632,0.416,0.416,0.416
25633,0.406,0.406,0.406
25634,0.406,0.406,0.406
25635,0.404,0.404,0.404
25636,0.404,0.404,0.404
25637,0.402,0.402,0.402
25638,0.404,0.404,0.404
25639,0.426,0.426,0.426
25640,0.422,0.422,0.422
25641,0.418,0.418,0.418
25642,0.418,0.418,0.418
25643,0.412,0.412,0.412
25644,0.414,0.414,0.414
25645,0.398,0.398,0.398
25646,0.388,0.388,0.388
25647,0.39,0.39,0.39
25648,0.378,0.378,0.378
25649,0.374,0.374,0.374
25650,0.384,0.384,0.384
25651,0.446,0.446,0.446
25652,0.432,0.432,0.432
25653,0.442,0.442,0.442
25654,0.44,0.44,0.44
25655,0.432,0.432,0.432
25656,0.436,0.436,0.436
25657,0.432,0.432,0.432
25658,0.43,0.43,0.43
25659,0.43,0.43,0.43
25660,0.41,0.41,0.41
25661,0.422,0.422,0.422
25662,0.43,0.43,0.43
25663,0.426,0.426,0.426
25664,0.42,0.296,0.296
25665,0.434,0.282,0.282
25666,0.422,0.268,0.268
25667,0.428,0.24,0.24
25668,0.44,0.224,0.224
25669,0.428,0.218,0.218
25670,0.428,0.184,0.184
25671,0.418,0.182,0.182
25672,0.41,0.17,0.17
25673,0.416,0.166,0.166
25674,0.402,0.152,0.152
25675,0.398,0.148,0.148
25676,0.394,0.12,0.12
25677,0.396,0.116,0.116
25678,0.384,0.102,0.102
25679,0.378,0.066,0.066
25680,0.37,0.042,0.042
25681,0.36,0.036,0.036
25682,0.35,0.02,0.02
25683,0.35,0.018,0.018
25684,0.346,0.016,0.016
25685,0.342,0.016,0.016
25686,0.336,0.01,0.01
25687,0.332,0.01,0.01
25688,0.326,0.004,0.004
25689,0.314,0.004,0.004
25690,0.318,0.004,0.004
25691,0.312,0.004,0.004
25692,0.294,0,0
25693,0.292,0,0
25694,0.294,0,0
25695,0.288,0,0
25696,0.284,0,0
25697,0.292,0,0
25698,0.306,0,0
25699,0.296,0,0
25700,0.282,0,0
25701,0.268,0,0
25702,0.24,0,0
25703,0.224,0,0
25704,0.218,0,0
25705,0.184,0,0
25706,0.182,0,0
25707,0.17,0,0
25708,0.166,0,0
25709,0.152,0,0
25710,0.148,0,0
25711,0.12,0,0
25712,0.116,0,0
25713,0.102,0,0
25714,0.066,0,0
25715,0.042,0,0
25716,0.036,0,0
25717,0.02,0,0
25718,0.018,0,0
25719,0.016,0,0
25720,0.016,0,0
25721,0.01,0,0
25722,0.01,0,0
25723,0.004,0,0
25724,0.004,0,0
25725,0.004,0,0
25726,0.004,0,0
25727,0,0,0
25728,0,0,0
25729,0,0,0
25730,0,0,0
25731,0,0,0
25732,0,0,0
25733,0,0,0
25734,0,0,0
25735,0,0,0
25736,0,0,0
25737,0,0,0
25738,0,0,0
25739,0,0,0
25740,0,0,0
25741,0,0,0
25742,0,0,0
25743,0,0,0
25744,0,0,0
25745,0,0,0
25746,0,0,0
25747,0,0,0
25748,0,0,0
25749,0,0,0
25750,0,0,0
25751,0,0,0
25752,0,0,0
25753,0,0,0
25754,0,0,0
25755,0,0,0
25756,0,0,0
25757,0,0,0
25758,0,0,0
25759,0,0,0
25760,0,0,0
25761,0,0,0
25762,0,0,0
25763,0,0,0
25764,0,0,0
25765,0,0,0
25766,0,0,0
25767,0,0,0
25768,0,0,0
25769,0,0,0
25770,0,0,0
25771,0,0,0
25772,0,0,0
25773,0,0,0
25774,0,0,0
25775,0,0,0
25776,0,0,0
25777,0.008,0.008,0.008
25778,0,0,0
25779,0,0,0
25780,0,0,0
25781,0,0,0
25782,0,0,0
25783,0,0,0
25784,0,0,0
25785,0,0,0
25786,0,0,0
25787,0,0,0
25788,0,0,0
25789,0,0,0
25790,0,0,0
25791,0,0,0
25792,0,0,0
25793,0,0,0
25794,0,0,0
25795,0,0,0
25796,0,0,0
25797,0,0,0
25798,0,0,0
25799,0,0,0
25800,0,0,0
25801,0,0,0
25802,0,0,0
25803,0,0,0
25804,0,0,0
25805,0,0,0
25806,0,0,0
25807,0.004,0.004,0.004
25808,0,0,0
25809,0,0,0
25810,0,0,0
25811,0,0,0
25812,0,0,0
25813,0,0,0
25814,0,0,0
25815,0,0,0
25816,0,0,0
25817,0,0,0
25818,0,0,0
25819,0.004,0.004,0.004
25820,0.01,0.01,0.01
25821,0.014,0.014,0.014
25822,0.018,0.018,0.018
25823,0.02,0.02,0.02
25824,0.018,0.018,0.018
25825,0.018,0.018,0.018
25826,0.052,0.052,0.052
25827,0.052,0.052,0.052
25828,0.052,0.052,0.052
25829,0.046,0.046,0.046
25830,0.044,0.044,0.044
25831,0.044,0.044,0.044
25832,0.05,0.05,0.05
25833,0.046,0.046,0.046
25834,0.044,0.044,0.044
25835,0.038,0.038,0.038
25836,0.038,0.038,0.038
25837,0.038,0.038,0.038
25838,0.048,0.048,0.048
25839,0.058,0.058,0.058
25840,0.068,0.068,0.068
25841,0.058,0.058,0.058
25842,0.054,0.054,0.054
25843,0.05,0.05,0.05
25844,0.072,0.072,0.072
25845,0.088,0.088,0.088
25846,0.11,0.11,0.11
25847,0.098,0.098,0.098
25848,0.112,0.112,0.112
25849,0.104,0.104,0.104
25850,0.134,0.134,0.134
25851,0.14,0.14,0.14
25852,0.122,0.122,0.122
25853,0.118,0.118,0.118
25854,0.12,0.12,0.12
25855,0.106,0.106,0.106
25856,0.072,0.072,0.072
25857,0.054,0.054,0.054
25858,0.054,0.054,0.054
25859,0.12,0.12,0.12
25860,0.168,0.168,0.168
25861,0.15,0.15,0.15
25862,0.128,0.128,0.128
25863,0.124,0.124,0.124
25864,0.146,0.146,0.146
25865,0.146,0.146,0.146
25866,0.144,0.144,0.144
25867,0.136,0.136,0.136
25868,0.132,0.132,0.132
25869,0.118,0.118,0.118
25870,0.13,0.13,0.13
25871,0.106,0.106,0.106
25872,0.116,0.116,0.116
25873,0.126,0.126,0.126
25874,0.12,0.12,0.12
25875,0.14,0.14,0.14
25876,0.126,0.126,0.126
25877,0.122,0.122,0.122
25878,0.118,0.118,0.118
25879,0.106,0.106,0.106
25880,0.118,0.118,0.118
25881,0.12,0.12,0.12
25882,0.108,0.108,0.108
25883,0.124,0.124,0.124
25884,0.126,0.126,0.126
25885,0.106,0.106,0.106
25886,0.098,0.098,0.098
25887,0.106,0.106,0.106
25888,0.116,0.116,0.116
25889,0.116,0.116,0.116
25890,0.13,0.13,0.13
25891,0.148,0.148,0.148
25892,0.154,0.154,0.154
25893,0.134,0.134,0.134
25894,0.154,0.154,0.154
25895,0.132,0.132,0.132
25896,0.126,0.126,0.126
25897,0.122,0.122,0.122
25898,0.134,0.134,0.134
25899,0.142,0.142,0.142
25900,0.136,0.136,0.136
25901,0.122,0.122,0.122
25902,0.16,0.16,0.16
25903,0.188,0.188,0.188
25904,0.154,0.154,0.154
25905,0.188,0.188,0.188
25906,0.17,0.17,0.17
25907,0.174,0.174,0.174
25908,0.17,0.17,0.17
25909,0.162,0.162,0.162
25910,0.158,0.158,0.158
25911,0.156,0.156,0.156
25912,0.164,0.164,0.164
25913,0.16,0.16,0.16
25914,0.164,0.164,0.164
25915,0.112,0.112,0.112
25916,0.154,0.154,0.154
25917,0.154,0.154,0.154
25918,0.154,0.154,0.154
25919,0.158,0.158,0.158
25920,0.156,0.156,0.156
25921,0.156,0.156,0.156
25922,0.16,0.16,0.16
25923,0.138,0.138,0.138
25924,0.15,0.15,0.15
25925,0.154,0.154,0.154
25926,0.162,0.162,0.162
25927,0.172,0.172,0.172
25928,0.17,0.17,0.17
25929,0.19,0.19,0.19
25930,0.23,0.23,0.23
25931,0.274,0.274,0.274
25932,0.246,0.246,0.246
25933,0.24,0.24,0.24
25934,0.276,0.276,0.276
25935,0.308,0.308,0.308
25936,0.248,0.248,0.248
25937,0.264,0.264,0.264
25938,0.262,0.262,0.262
25939,0.304,0.304,0.304
25940,0.302,0.302,0.302
25941,0.29,0.29,0.29
25942,0.246,0.246,0.246
25943,0.248,0.248,0.248
25944,0.244,0.244,0.244
25945,0.222,0.222,0.222
25946,0.228,0.228,0.228
25947,0.234,0.234,0.234
25948,0.238,0.238,0.238
25949,0.246,0.246,0.246
25950,0.242,0.242,0.242
25951,0.248,0.248,0.248
25952,0.238,0.238,0.238
25953,0.25,0.25,0.25
25954,0.248,0.248,0.248
25955,0.248,0.248,0.248
25956,0.278,0.278,0.278
25957,0.268,0.268,0.268
25958,0.274,0.274,0.274
25959,0.272,0.272,0.272
25960,0.276,0.276,0.276
25961,0.28,0.28,0.28
25962,0.288,0.288,0.288
25963,0.302,0.302,0.302
25964,0.298,0.298,0.298
25965,0.31,0.31,0.31
25966,0.312,0.312,0.312
25967,0.358,0.358,0.358
25968,0.342,0.342,0.342
25969,0.338,0.338,0.338
25970,0.338,0.338,0.338
25971,0.344,0.344,0.344
25972,0.342,0.342,0.342
25973,0.33,0.33,0.33
25974,0.332,0.332,0.332
25975,0.342,0.342,0.342
25976,0.336,0.336,0.336
25977,0.382,0.382,0.382
25978,0.368,0.368,0.368
25979,0.35,0.35,0.35
25980,0.376,0.376,0.376
25981,0.406,0.406,0.406
25982,0.39,0.39,0.39
25983,0.39,0.39,0.39
25984,0.372,0.372,0.372
25985,0.368,0.368,0.368
25986,0.38,0.38,0.38
25987,0.368,0.368,0.368
25988,0.372,0.372,0.372
25989,0.358,0.358,0.358
25990,0.366,0.366,0.366
25991,0.372,0.372,0.372
25992,0.382,0.382,0.382
25993,0.388,0.388,0.388
25994,0.39,0.39,0.39
25995,0.382,0.382,0.382
25996,0.386,0.386,0.386
25997,0.416,0.416,0.416
25998,0.406,0.406,0.406
25999,0.406,0.406,0.406
26000,0.404,0.404,0.404
26001,0.404,0.404,0.404
26002,0.402,0.402,0.402
26003,0.404,0.404,0.404
26004,0.426,0.426,0.426
26005,0.422,0.422,0.422
26006,0.418,0.418,0.418
26007,0.418,0.418,0.418
26008,0.412,0.412,0.412
26009,0.414,0.414,0.414
26010,0.398,0.398,0.398
26011,0.388,0.388,0.388
26012,0.39,0.39,0.39
26013,0.378,0.378,0.378
26014,0.374,0.374,0.374
26015,0.384,0.384,0.384
26016,0.446,0.446,0.446
26017,0.432,0.432,0.432
26018,0.442,0.442,0.442
26019,0.44,0.44,0.44
26020,0.432,0.432,0.432
26021,0.436,0.436,0.436
26022,0.432,0.432,0.432
26023,0.43,0.43,0.43
26024,0.43,0.43,0.43
26025,0.41,0.41,0.41
26026,0.422,0.422,0.422
26027,0.43,0.43,0.43
26028,0.426,0.426,0.426
26029,0.42,0.296,0.296
26030,0.434,0.282,0.282
26031,0.422,0.268,0.268
26032,0.428,0.24,0.24
26033,0.44,0.224,0.224
26034,0.428,0.218,0.218
26035,0.428,0.184,0.184
26036,0.418,0.182,0.182
26037,0.41,0.17,0.17
26038,0.416,0.166,0.166
26039,0.402,0.152,0.152
26040,0.398,0.148,0.148
26041,0.394,0.12,0.12
26042,0.396,0.116,0.116
26043,0.384,0.102,0.102
26044,0.378,0.066,0.066
26045,0.37,0.042,0.042
26046,0.36,0.036,0.036
26047,0.35,0.02,0.02
26048,0.35,0.018,0.018
26049,0.346,0.016,0.016
26050,0.342,0.016,0.016
26051,0.336,0.01,0.01
26052,0.332,0.01,0.01
26053,0.326,0.004,0.004
26054,0.314,0.004,0.004
26055,0.318,0.004,0.004
26056,0.312,0.004,0.004
26057,0.294,0,0
26058,0.292,0,0
26059,0.294,0,0
26060,0.288,0,0
26061,0.284,0,0
26062,0.292,0,0
26063,0.306,0,0
26064,0.296,0,0
26065,0.282,0,0
26066,0.268,0,0
26067,0.24,0,0
26068,0.224,0,0
26069,0.218,0,0
26070,0.184,0,0
26071,0.182,0,0
26072,0.17,0,0
26073,0.166,0,0
26074,0.152,0,0
26075,0.148,0,0
26076,0.12,0,0
26077,0.116,0,0
26078,0.102,0,0
26079,0.066,0,0
26080,0.042,0,0
26081,0.036,0,0
26082,0.02,0,0
26083,0.018,0,0
26084,0.016,0,0
26085,0.016,0,0
26086,0.01,0,0
26087,0.01,0,0
26088,0.004,0,0
26089,0.004,0,0
26090,0.004,0,0
26091,0.004,0,0
26092,0,0,0
26093,0,0,0
26094,0,0,0
26095,0,0,0
26096,0,0,0
26097,0,0,0
26098,0,0,0
26099,0,0,0
26100,0,0,0
26101,0,0,0
26102,0,0,0
26103,0,0,0
26104,0,0,0
26105,0,0,0
26106,0,0,0
26107,0,0,0
26108,0,0,0
26109,0,0,0
26110,0,0,0
26111,0,0,0
26112,0,0,0
26113,0,0,0
26114,0,0,0
26115,0,0,0
26116,0,0,0
26117,0,0,0
26118,0,0,0
26119,0,0,0
26120,0,0,0
26121,0,0,0
26122,0,0,0
26123,0,0,0
26124,0,0,0
26125,0,0,0
26126,0,0,0
26127,0,0,0
26128,0,0,0
26129,0,0,0
26130,0,0,0
26131,0,0,0
26132,0,0,0
26133,0,0,0
26134,0,0,0
26135,0,0,0
26136,0,0,0
26137,0,0,0
26138,0,0,0
26139,0,0,0
26140,0,0,0
26141,0,0,0
26142,0.008,0.008,0.008
26143,0,0,0
26144,0,0,0
26145,0,0,0
26146,0,0,0
26147,0,0,0
26148,0,0,0
26149,0,0,0
26150,0,0,0
26151,0,0,0
26152,0,0,0
26153,0,0,0
26154,0,0,0
26155,0,0,0
26156,0,0,0
26157,0,0,0
26158,0,0,0
26159,0,0,0
26160,0,0,0
26161,0,0,0
26162,0,0,0
26163,0,0,0
26164,0,0,0
26165,0,0,0
26166,0,0,0
26167,0,0,0
26168,0,0,0
26169,0,0,0
26170,0,0,0
26171,0,0,0
26172,0.004,0.004,0.004
26173,0,0,0
26174,0,0,0
26175,0,0,0
26176,0,0,0
26177,0,0,0
26178,0,0,0
26179,0,0,0
26180,0,0,0
26181,0,0,0
26182,0,0,0
26183,0,0,0
26184,0.004,0.004,0.004
26185,0.01,0.01,0.01
26186,0.014,0.014,0.014
26187,0.018,0.018,0.018
26188,0.02,0.02,0.02
26189,0.018,0.018,0.018
26190,0.018,0.018,0.018
26191,0.052,0.052,0.052
26192,0.052,0.052,0.052
26193,0.052,0.052,0.052
26194,0.046,0.046,0.046
26195,0.044,0.044,0.044
26196,0.044,0.044,0.044
26197,0.05,0.05,0.05
26198,0.046,0.046,0.046
26199,0.044,0.044,0.044
26200,0.038,0.038,0.038
26201,0.038,0.038,0.038
26202,0.038,0.038,0.038
26203,0.048,0.048,0.048
26204,0.058,0.058,0.058
26205,0.068,0.068,0.068
26206,0.058,0.058,0.058
26207,0.054,0.054,0.054
26208,0.05,0.05,0.05
26209,0.072,0.072,0.072
26210,0.088,0.088,0.088
26211,0.11,0.11,0.11
26212,0.098,0.098,0.098
26213,0.112,0.112,0.112
26214,0.104,0.104,0.104
26215,0.134,0.134,0.134
26216,0.14,0.14,0.14
26217,0.122,0.122,0.122
26218,0.118,0.118,0.118
26219,0.12,0.12,0.12
26220,0.106,0.106,0.106
26221,0.072,0.072,0.072
26222,0.054,0.054,0.054
26223,0.054,0.054,0.054
26224,0.12,0.12,0.12
26225,0.168,0.168,0.168
26226,0.15,0.15,0.15
26227,0.128,0.128,0.128
26228,0.124,0.124,0.124
26229,0.146,0.146,0.146
26230,0.146,0.146,0.146
26231,0.144,0.144,0.144
26232,0.136,0.136,0.136
26233,0.132,0.132,0.132
26234,0.118,0.118,0.118
26235,0.13,0.13,0.13
26236,0.106,0.106,0.106
26237,0.116,0.116,0.116
26238,0.126,0.126,0.126
26239,0.12,0.12,0.12
26240,0.14,0.14,0.14
26241,0.126,0.126,0.126
26242,0.122,0.122,0.122
26243,0.118,0.118,0.118
26244,0.106,0.106,0.106
26245,0.118,0.118,0.118
26246,0.12,0.12,0.12
26247,0.108,0.108,0.108
26248,0.124,0.124,0.124
26249,0.126,0.126,0.126
26250,0.106,0.106,0.106
26251,0.098,0.098,0.098
26252,0.106,0.106,0.106
26253,0.116,0.116,0.116
26254,0.116,0.116,0.116
26255,0.13,0.13,0.13
26256,0.148,0.148,0.148
26257,0.154,0.154,0.154
26258,0.134,0.134,0.134
26259,0.154,0.154,0.154
26260,0.132,0.132,0.132
26261,0.126,0.126,0.126
26262,0.122,0.122,0.122
26263,0.134,0.134,0.134
26264,0.142,0.142,0.142
26265,0.136,0.136,0.136
26266,0.122,0.122,0.122
26267,0.16,0.16,0.16
26268,0.188,0.188,0.188
26269,0.154,0.154,0.154
26270,0.188,0.188,0.188
26271,0.17,0.17,0.17
26272,0.174,0.174,0.174
26273,0.17,0.17,0.17
26274,0.162,0.162,0.162
26275,0.158,0.158,0.158
26276,0.156,0.156,0.156
26277,0.164,0.164,0.164
26278,0.16,0.16,0.16
26279,0.164,0.164,0.164
26280,0.112,0.112,0.112
26281,0.154,0.154,0.154
26282,0.154,0.154,0.154
26283,0.154,0.154,0.154
26284,0.158,0.158,0.158
26285,0.156,0.156,0.156
26286,0.156,0.156,0.156
26287,0.16,0.16,0.16
26288,0.138,0.138,0.138
26289,0.15,0.15,0.15
26290,0.154,0.154,0.154
26291,0.162,0.162,0.162
26292,0.172,0.172,0.172
26293,0.17,0.17,0.17
26294,0.19,0.19,0.19
26295,0.23,0.23,0.23
26296,0.274,0.274,0.274
26297,0.246,0.246,0.246
26298,0.24,0.24,0.24
26299,0.276,0.276,0.276
26300,0.308,0.308,0.308
26301,0.248,0.248,0.248
26302,0.264,0.264,0.264
26303,0.262,0.262,0.262
26304,0.304,0.304,0.304
26305,0.302,0.302,0.302
26306,0.29,0.29,0.29
26307,0.246,0.246,0.246
26308,0.248,0.248,0.248
26309,0.244,0.244,0.244
26310,0.222,0.222,0.222
26311,0.228,0.228,0.228
26312,0.234,0.234,0.234
26313,0.238,0.238,0.238
26314,0.246,0.246,0.246
26315,0.242,0.242,0.242
26316,0.248,0.248,0.248
26317,0.238,0.238,0.238
26318,0.25,0.25,0.25
26319,0.248,0.248,0.248
26320,0.248,0.248,0.248
26321,0.278,0.278,0.278
26322,0.268,0.268,0.268
26323,0.274,0.274,0.274
26324,0.272,0.272,0.272
26325,0.276,0.276,0.276
26326,0.28,0.28,0.28
26327,0.288,0.288,0.288
26328,0.302,0.302,0.302
26329,0.298,0.298,0.298
26330,0.31,0.31,0.31
26331,0.312,0.312,0.312
26332,0.358,0.358,0.358
26333,0.342,0.342,0.342
26334,0.338,0.338,0.338
26335,0.338,0.338,0.338
26336,0.344,0.344,0.344
26337,0.342,0.342,0.342
26338,0.33,0.33,0.33
26339,0.332,0.332,0.332
26340,0.342,0.342,0.342
26341,0.336,0.336,0.336
26342,0.382,0.382,0.382
26343,0.368,0.368,0.368
26344,0.35,0.35,0.35
26345,0.376,0.376,0.376
26346,0.406,0.406,0.406
26347,0.39,0.39,0.39
26348,0.39,0.39,0.39
26349,0.372,0.372,0.372
26350,0.368,0.368,0.368
26351,0.38,0.38,0.38
26352,0.368,0.368,0.368
26353,0.372,0.372,0.372
26354,0.358,0.358,0.358
26355,0.366,0.366,0.366
26356,0.372,0.372,0.372
26357,0.382,0.382,0.382
26358,0.388,0.388,0.388
26359,0.39,0.39,0.39
26360,0.382,0.382,0.382
26361,0.386,0.386,0.386
26362,0.416,0.416,0.416
26363,0.406,0.406,0.406
26364,0.406,0.406,0.406
26365,0.404,0.404,0.404
26366,0.404,0.404,0.404
26367,0.402,0.402,0.402
26368,0.404,0.404,0.404
26369,0.426,0.426,0.426
26370,0.422,0.422,0.422
26371,0.418,0.418,0.418
26372,0.418,0.418,0.418
26373,0.412,0.412,0.412
26374,0.414,0.414,0.414
26375,0.398,0.398,0.398
26376,0.388,0.388,0.388
26377,0.39,0.39,0.39
26378,0.378,0.378,0.378
26379,0.374,0.374,0.374
26380,0.384,0.384,0.384
26381,0.446,0.446,0.446
26382,0.432,0.432,0.432
26383,0.442,0.442,0.442
26384,0.44,0.44,0.44
26385,0.432,0.432,0.432
26386,0.436,0.436,0.436
26387,0.432,0.432,0.432
26388,0.43,0.43,0.43
26389,0.43,0.43,0.43
26390,0.41,0.41,0.41
26391,0.422,0.422,0.422
26392,0.43,0.43,0.43
26393,0.426,0.296,0.296
26394,0.42,0.282,0.282
26395,0.434,0.268,0.268
26396,0.422,0.24,0.24
26397,0.428,0.224,0.224
26398,0.44,0.218,0.218
26399,0.428,0.184,0.184
26400,0.428,0.182,0.182
26401,0.418,0.17,0.17
26402,0.41,0.166,0.166
26403,0.416,0.152,0.152
26404,0.402,0.148,0.148
26405,0.398,0.12,0.12
26406,0.394,0.116,0.116
26407,0.396,0.102,0.102
26408,0.384,0.066,0.066
26409,0.378,0.042,0.042
26410,0.37,0.036,0.036
26411,0.36,0.02,0.02
26412,0.35,0.018,0.018
26413,0.35,0.016,0.016
26414,0.346,0.016,0.016
26415,0.342,0.01,0.01
26416,0.336,0.01,0.01
26417,0.332,0.004,0.004
26418,0.326,0.004,0.004
26419,0.314,0.004,0.004
26420,0.318,0.004,0.004
26421,0.312,0,0
26422,0.294,0,0
26423,0.292,0,0
26424,0.294,0,0
26425,0.288,0,0
26426,0.284,0,0
26427,0.292,0,0
26428,0.306,0,0
26429,0.296,0,0
26430,0.282,0,0
26431,0.268,0,0
26432,0.24,0,0
26433,0.224,0,0
26434,0.218,0,0
26435,0.184,0,0
26436,0.182,0,0
26437,0.17,0,0
26438,0.166,0,0
26439,0.152,0,0
26440,0.148,0,0
26441,0.12,0,0
26442,0.116,0,0
26443,0.102,0,0
26444,0.066,0,0
26445,0.042,0,0
26446,0.036,0,0
26447,0.02,0,0
26448,0.018,0,0
26449,0.016,0,0
26450,0.016,0,0
26451,0.01,0,0
26452,0.01,0,0
26453,0.004,0,0
26454,0.004,0,0
26455,0.004,0,0
26456,0.004,0,0
26457,0,0,0
26458,0,0,0
26459,0,0,0
26460,0,0,0
26461,0,0,0
26462,0,0,0
26463,0,0,0
26464,0,0,0
26465,0,0,0
26466,0,0,0
26467,0,0,0
26468,0,0,0
26469,0,0,0
26470,0,0,0
26471,0,0,0
26472,0,0,0
26473,0,0,0
26474,0,0,0
26475,0,0,0
26476,0,0,0
26477,0,0,0
26478,0,0,0
26479,0,0,0
26480,0,0,0
26481,0,0,0
26482,0,0,0
26483,0,0,0
26484,0,0,0
26485,0,0,0
26486,0,0,0
26487,0,0,0
26488,0,0,0
26489,0,0,0
26490,0,0,0
26491,0,0,0
26492,0,0,0
26493,0,0,0
26494,0,0,0
26495,0,0,0
26496,0,0,0
26497,0,0,0
26498,0,0,0
26499,0,0,0
26500,0,0,0
26501,0,0,0
26502,0,0,0
26503,0,0,0
26504,0,0,0
26505,0,0,0
26506,0,0,0
26507,0.008,0.008,0.008
26508,0,0,0
26509,0,0,0
26510,0,0,0
26511,0,0,0
26512,0,0,0
26513,0,0,0
26514,0,0,0
26515,0,0,0
26516,0,0,0
26517,0,0,0
26518,0,0,0
26519,0,0,0
26520,0,0,0
26521,0,0,0
26522,0,0,0
26523,0,0,0
26524,0,0,0
26525,0,0,0
26526,0,0,0
26527,0,0,0
26528,0,0,0
26529,0,0,0
26530,0,0,0
26531,0,0,0
26532,0,0,0
26533,0,0,0
26534,0,0,0
26535,0,0,0
26536,0,0,0
26537,0.004,0.004,0.004
26538,0,0,0
26539,0,0,0
26540,0,0,0
26541,0,0,0
26542,0,0,0
26543,0,0,0
26544,0,0,0
26545,0,0,0
26546,0,0,0
26547,0,0,0
26548,0,0,0
26549,0.004,0.004,0.004
26550,0.01,0.01,0.01
26551,0.014,0.014,0.014
26552,0.018,0.018,0.018
26553,0.02,0.02,0.02
26554,0.018,0.018,0.018
26555,0.018,0.018,0.018
26556,0.052,0.052,0.052
26557,0.052,0.052,0.052
26558,0.052,0.052,0.052
26559,0.046,0.046,0.046
26560,0.044,0.044,0.044
26561,0.044,0.044,0.044
26562,0.05,0.05,0.05
26563,0.046,0.046,0.046
26564,0.044,0.044,0.044
26565,0.038,0.038,0.038
26566,0.038,0.038,0.038
26567,0.038,0.038,0.038
26568,0.048,0.048,0.048
26569,0.058,0.058,0.058
26570,0.068,0.068,0.068
26571,0.058,0.058,0.058
26572,0.054,0.054,0.054
26573,0.05,0.05,0.05
26574,0.072,0.072,0.072
26575,0.088,0.088,0.088
26576,0.11,0.11,0.11
26577,0.098,0.098,0.098
26578,0.112,0.112,0.112
26579,0.104,0.104,0.104
26580,0.134,0.134,0.134
26581,0.14,0.14,0.14
26582,0.122,0.122,0.122
26583,0.118,0.118,0.118
26584,0.12,0.12,0.12
26585,0.106,0.106,0.106
26586,0.072,0.072,0.072
26587,0.054,0.054,0.054
26588,0.054,0.054,0.054
26589,0.12,0.12,0.12
26590,0.168,0.168,0.168
26591,0.15,0.15,0.15
26592,0.128,0.128,0.128
26593,0.124,0.124,0.124
26594,0.146,0.146,0.146
26595,0.146,0.146,0.146
26596,0.144,0.144,0.144
26597,0.136,0.136,0.136
26598,0.132,0.132,0.132
26599,0.118,0.118,0.118
26600,0.13,0.13,0.13
26601,0.106,0.106,0.106
26602,0.116,0.116,0.116
26603,0.126,0.126,0.126
26604,0.12,0.12,0.12
26605,0.14,0.14,0.14
26606,0.126,0.126,0.126
26607,0.122,0.122,0.122
26608,0.118,0.118,0.118
26609,0.106,0.106,0.106
26610,0.118,0.118,0.118
26611,0.12,0.12,0.12
26612,0.108,0.108,0.108
26613,0.124,0.124,0.124
26614,0.126,0.126,0.126
26615,0.106,0.106,0.106
26616,0.098,0.098,0.098
26617,0.106,0.106,0.106
26618,0.116,0.116,0.116
26619,0.116,0.116,0.116
26620,0.13,0.13,0.13
26621,0.148,0.148,0.148
26622,0.154,0.154,0.154
26623,0.134,0.134,0.134
26624,0.154,0.154,0.154
26625,0.132,0.132,0.132
26626,0.126,0.126,0.126
26627,0.122,0.122,0.122
26628,0.134,0.134,0.134
26629,0.142,0.142,0.142
26630,0.136,0.136,0.136
26631,0.122,0.122,0.122
26632,0.16,0.16,0.16
26633,0.188,0.188,0.188
26634,0.154,0.154,0.154
26635,0.188,0.188,0.188
26636,0.17,0.17,0.17
26637,0.174,0.174,0.174
26638,0.17,0.17,0.17
26639,0.162,0.162,0.162
26640,0.158,0.158,0.158
26641,0.156,0.156,0.156
26642,0.164,0.164,0.164
26643,0.16,0.16,0.16
26644,0.164,0.164,0.164
26645,0.112,0.112,0.112
26646,0.154,0.154,0.154
26647,0.154,0.154,0.154
26648,0.154,0.154,0.154
26649,0.158,0.158,0.158
26650,0.156,0.156,0.156
26651,0.156,0.156,0.156
26652,0.16,0.16,0.16
26653,0.138,0.138,0.138
26654,0.15,0.15,0.15
26655,0.154,0.154,0.154
26656,0.162,0.162,0.162
26657,0.172,0.172,0.172
26658,0.17,0.17,0.17
26659,0.19,0.19,0.19
26660,0.23,0.23,0.23
26661,0.274,0.274,0.274
26662,0.246,0.246,0.246
26663,0.24,0.24,0.24
26664,0.276,0.276,0.276
26665,0.308,0.308,0.308
26666,0.248,0.248,0.248
26667,0.264,0.264,0.264
26668,0.262,0.262,0.262
26669,0.304,0.304,0.304
26670,0.302,0.302,0.302
26671,0.29,0.29,0.29
26672,0.246,0.246,0.246
26673,0.248,0.248,0.248
26674,0.244,0.244,0.244
26675,0.222,0.222,0.222
26676,0.228,0.228,0.228
26677,0.234,0.234,0.234
26678,0.238,0.238,0.238
26679,0.246,0.246,0.246
26680,0.242,0.242,0.242
26681,0.248,0.248,0.248
26682,0.238,0.238,0.238
26683,0.25,0.25,0.25
26684,0.248,0.248,0.248
26685,0.248,0.248,0.248
26686,0.278,0.278,0.278
26687,0.268,0.268,0.268
26688,0.274,0.274,0.274
26689,0.272,0.272,0.272
26690,0.276,0.276,0.276
26691,0.28,0.28,0.28
26692,0.288,0.288,0.288
26693,0.302,0.302,0.302
26694,0.298,0.298,0.298
26695,0.31,0.31,0.31
26696,0.312,0.312,0.312
26697,0.358,0.358,0.358
26698,0.342,0.342,0.342
26699,0.338,0.338,0.338
26700,0.338,0.338,0.338
26701,0.344,0.344,0.344
26702,0.342,0.342,0.342
26703,0.33,0.33,0.33
26704,0.332,0.332,0.332
26705,0.342,0.342,0.342
26706,0.336,0.336,0.336
26707,0.382,0.382,0.382
26708,0.368,0.368,0.368
26709,0.35,0.35,0.35
26710,0.376,0.376,0.376
26711,0.406,0.406,0.406
26712,0.39,0.39,0.39
26713,0.39,0.39,0.39
26714,0.372,0.372,0.372
26715,0.368,0.368,0.368
26716,0.38,0.38,0.38
26717,0.368,0.368,0.368
26718,0.372,0.372,0.372
26719,0.358,0.358,0.358
26720,0.366,0.366,0.366
26721,0.372,0.372,0.372
26722,0.382,0.382,0.382
26723,0.388,0.388,0.388
26724,0.39,0.39,0.39
26725,0.382,0.382,0.382
26726,0.386,0.386,0.386
26727,0.416,0.416,0.416
26728,0.406,0.406,0.406
26729,0.406,0.406,0.406
26730,0.404,0.404,0.404
26731,0.404,0.404,0.404
26732,0.402,0.402,0.402
26733,0.404,0.404,0.404
26734,0.426,0.426,0.426
26735,0.422,0.422,0.422
26736,0.418,0.418,0.418
26737,0.418,0.418,0.418
26738,0.412,0.412,0.412
26739,0.414,0.414,0.414
26740,0.398,0.398,0.398
26741,0.388,0.388,0.388
26742,0.39,0.39,0.39
26743,0.378,0.378,0.378
26744,0.374,0.374,0.374
26745,0.384,0.384,0.384
26746,0.446,0.446,0.446
26747,0.432,0.432,0.432
26748,0.442,0.442,0.442
26749,0.44,0.44,0.44
26750,0.432,0.432,0.432
26751,0.436,0.436,0.436
26752,0.432,0.432,0.432
26753,0.43,0.43,0.43
26754,0.43,0.43,0.43
26755,0.41,0.41,0.41
26756,0.422,0.422,0.422
26757,0.43,0.43,0.43
26758,0.426,0.296,0.296
26759,0.42,0.282,0.282
26760,0.434,0.268,0.268
26761,0.422,0.24,0.24
26762,0.428,0.224,0.224
26763,0.44,0.218,0.218
26764,0.428,0.184,0.184
26765,0.428,0.182,0.182
26766,0.418,0.17,0.17
26767,0.41,0.166,0.166
26768,0.416,0.152,0.152
26769,0.402,0.148,0.148
26770,0.398,0.12,0.12
26771,0.394,0.116,0.116
26772,0.396,0.102,0.102
26773,0.384,0.066,0.066
26774,0.378,0.042,0.042
26775,0.37,0.036,0.036
26776,0.36,0.02,0.02
26777,0.35,0.018,0.018
26778,0.35,0.016,0.016
26779,0.346,0.016,0.016
26780,0.342,0.01,0.01
26781,0.336,0.01,0.01
26782,0.332,0.004,0.004
26783,0.326,0.004,0.004
26784,0.314,0.004,0.004
26785,0.318,0.004,0.004
26786,0.312,0,0
26787,0.294,0,0
26788,0.292,0,0
26789,0.294,0,0
26790,0.288,0,0
26791,0.284,0,0
26792,0.292,0,0
26793,0.306,0,0
26794,0.296,0,0
26795,0.282,0,0
26796,0.268,0,0
26797,0.24,0,0
26798,0.224,0,0
26799,0.218,0,0
26800,0.184,0,0
26801,0.182,0,0
26802,0.17,0,0
26803,0.166,0,0
26804,0.152,0,0
26805,0.148,0,0
26806,0.12,0,0
26807,0.116,0,0
26808,0.102,0,0
26809,0.066,0,0
26810,0.042,0,0
26811,0.036,0,0
26812,0.02,0,0
26813,0.018,0,0
26814,0.016,0,0
26815,0.016,0,0
26816,0.01,0,0
26817,0.01,0,0
26818,0.004,0,0
26819,0.004,0,0
26820,0.004,0,0
26821,0.004,0,0
26822,0,0,0
26823,0,0,0
26824,0,0,0
26825,0,0,0
26826,0,0,0
26827,0,0,0
26828,0,0,0
26829,0,0,0
26830,0,0,0
26831,0,0,0
26832,0,0,0
26833,0,0,0
26834,0,0,0
26835,0,0,0
26836,0,0,0
26837,0,0,0
26838,0,0,0
26839,0,0,0
26840,0,0,0
26841,0,0,0
26842,0,0,0
26843,0,0,0
26844,0,0,0
26845,0,0,0
26846,0,0,0
26847,0,0,0
26848,0,0,0
26849,0,0,0
26850,0,0,0
26851,0,0,0
26852,0,0,0
26853,0,0,0
26854,0,0,0
26855,0,0,0
26856,0,0,0
26857,0,0,0
26858,0,0,0
26859,0,0,0
26860,0,0,0
26861,0,0,0
26862,0,0,0
26863,0,0,0
26864,0,0,0
26865,0,0,0
26866,0,0,0
26867,0,0,0
26868,0,0,0
26869,0,0,0
26870,0,0,0
26871,0,0,0
26872,0.008,0.008,0.008
26873,0,0,0
26874,0,0,0
26875,0,0,0
26876,0,0,0
26877,0,0,0
26878,0,0,0
26879,0,0,0
26880,0,0,0
26881,0,0,0
26882,0,0,0
26883,0,0,0
26884,0,0,0
26885,0,0,0
26886,0,0,0
26887,0,0,0
26888,0,0,0
26889,0,0,0
26890,0,0,0
26891,0,0,0
26892,0,0,0
26893,0,0,0
26894,0,0,0
26895,0,0,0
26896,0,0,0
26897,0,0,0
26898,0,0,0
26899,0,0,0
26900,0,0,0
26901,0,0,0
26902,0.004,0.004,0.004
26903,0,0,0
26904,0,0,0
26905,0,0,0
26906,0,0,0
26907,0,0,0
26908,0,0,0
26909,0,0,0
26910,0,0,0
26911,0,0,0
26912,0,0,0
26913,0,0,0
26914,0.004,0.004,0.004
26915,0.01,0.01,0.01
26916,0.014,0.014,0.014
26917,0.018,0.018,0.018
26918,0.02,0.02,0.02
26919,0.018,0.018,0.018
26920,0.018,0.018,0.018
26921,0.052,0.052,0.052
26922,0.052,0.052,0.052
26923,0.052,0.052,0.052
26924,0.046,0.046,0.046
26925,0.044,0.044,0.044
26926,0.044,0.044,0.044
26927,0.05,0.05,0.05
26928,0.046,0.046,0.046
26929,0.044,0.044,0.044
26930,0.038,0.038,0.038
26931,0.038,0.038,0.038
26932,0.038,0.038,0.038
26933,0.048,0.048,0.048
26934,0.058,0.058,0.058
26935,0.068,0.068,0.068
26936,0.058,0.058,0.058
26937,0.054,0.054,0.054
26938,0.05,0.05,0.05
26939,0.072,0.072,0.072
26940,0.088,0.088,0.088
26941,0.11,0.11,0.11
26942,0.098,0.098,0.098
26943,0.112,0.112,0.112
26944,0.104,0.104,0.104
26945,0.134,0.134,0.134
26946,0.14,0.14,0.14
26947,0.122,0.122,0.122
26948,0.118,0.118,0.118
26949,0.12,0.12,0.12
26950,0.106,0.106,0.106
26951,0.072,0.072,0.072
26952,0.054,0.054,0.054
26953,0.054,0.054,0.054
26954,0.12,0.12,0.12
26955,0.168,0.168,0.168
26956,0.15,0.15,0.15
26957,0.128,0.128,0.128
26958,0.124,0.124,0.124
26959,0.146,0.146,0.146
26960,0.146,0.146,0.146
26961,0.144,0.144,0.144
26962,0.136,0.136,0.136
26963,0.132,0.132,0.132
26964,0.118,0.118,0.118
26965,0.13,0.13,0.13
26966,0.106,0.106,0.106
26967,0.116,0.116,0.116
26968,0.126,0.126,0.126
26969,0.12,0.12,0.12
26970,0.14,0.14,0.14
26971,0.126,0.126,0.126
26972,0.122,0.122,0.122
26973,0.118,0.118,0.118
26974,0.106,0.106,0.106
26975,0.118,0.118,0.118
26976,0.12,0.12,0.12
26977,0.108,0.108,0.108
26978,0.124,0.124,0.124
26979,0.126,0.126,0.126
26980,0.106,0.106,0.106
26981,0.098,0.098,0.098
26982,0.106,0.106,0.106
26983,0.116,0.116,0.116
26984,0.116,0.116,0.116
26985,0.13,0.13,0.13
26986,0.148,0.148,0.148
26987,0.154,0.154,0.154
26988,0.134,0.134,0.134
26989,0.154,0.154,0.154
26990,0.132,0.132,0.132
26991,0.126,0.126,0.126
26992,0.122,0.122,0.122
26993,0.134,0.134,0.134
26994,0.142,0.142,0.142
26995,0.136,0.136,0.136
26996,0.122,0.122,0.122
26997,0.16,0.16,0.16
26998,0.188,0.188,0.188
26999,0.154,0.154,0.154
27000,0.188,0.188,0.188
27001,0.17,0.17,0.17
27002,0.174,0.174,0.174
27003,0.17,0.17,0.17
27004,0.162,0.162,0.162
27005,0.158,0.158,0.158
27006,0.156,0.156,0.156
27007,0.164,0.164,0.164
27008,0.16,0.16,0.16
27009,0.164,0.164,0.164
27010,0.112,0.112,0.112
27011,0.154,0.154,0.154
27012,0.154,0.154,0.154
27013,0.154,0.154,0.154
27014,0.158,0.158,0.158
27015,0.156,0.156,0.156
27016,0.156,0.156,0.156
27017,0.16,0.16,0.16
27018,0.138,0.138,0.138
27019,0.15,0.15,0.15
27020,0.154,0.154,0.154
27021,0.162,0.162,0.162
27022,0.172,0.172,0.172
27023,0.17,0.17,0.17
27024,0.19,0.19,0.19
27025,0.23,0.23,0.23
27026,0.274,0.274,0.274
27027,0.246,0.246,0.246
27028,0.24,0.24,0.24
27029,0.276,0.276,0.276
27030,0.308,0.308,0.308
27031,0.248,0.248,0.248
27032,0.264,0.264,0.264
27033,0.262,0.262,0.262
27034,0.304,0.304,0.304
27035,0.302,0.302,0.302
27036,0.29,0.29,0.29
27037,0.246,0.246,0.246
27038,0.248,0.248,0.248
27039,0.244,0.244,0.244
27040,0.222,0.222,0.222
27041,0.228,0.228,0.228
27042,0.234,0.234,0.234
27043,0.238,0.238,0.238
27044,0.246,0.246,0.246
27045,0.242,0.242,0.242
27046,0.248,0.248,0.248
27047,0.238,0.238,0.238
27048,0.25,0.25,0.25
27049,0.248,0.248,0.248
27050,0.248,0.248,0.248
27051,0.278,0.278,0.278
27052,0.268,0.268,0.268
27053,0.274,0.274,0.274
27054,0.272,0.272,0.272
27055,0.276,0.276,0.276
27056,0.28,0.28,0.28
27057,0.288,0.288,0.288
27058,0.302,0.302,0.302
27059,0.298,0.298,0.298
27060,0.31,0.31,0.31
27061,0.312,0.312,0.312
27062,0.358,0.358,0.358
27063,0.342,0.342,0.342
27064,0.338,0.338,0.338
27065,0.338,0.338,0.338
27066,0.344,0.344,0.344
27067,0.342,0.342,0.342
27068,0.33,0.33,0.33
27069,0.332,0.332,0.332
27070,0.342,0.342,0.342
27071,0.336,0.336,0.336
27072,0.382,0.382,0.382
27073,0.368,0.368,0.368
27074,0.35,0.35,0.35
27075,0.376,0.376,0.376
27076,0.406,0.406,0.406
27077,0.39,0.39,0.39
27078,0.39,0.39,0.39
27079,0.372,0.372,0.372
27080,0.368,0.368,0.368
27081,0.38,0.38,0.38
27082,0.368,0.368,0.368
27083,0.372,0.372,0.372
27084,0.358,0.358,0.358
27085,0.366,0.366,0.366
27086,0.372,0.372,0.372
27087,0.382,0.382,0.382
27088,0.388,0.388,0.388
27089,0.39,0.39,0.39
27090,0.382,0.382,0.382
27091,0.386,0.386,0.386
27092,0.416,0.416,0.416
27093,0.406,0.406,0.406
27094,0.406,0.406,0.406
27095,0.404,0.404,0.404
27096,0.404,0.404,0.404
27097,0.402,0.402,0.402
27098,0.404,0.404,0.404
27099,0.426,0.426,0.426
27100,0.422,0.422,0.422
27101,0.418,0.418,0.418
27102,0.418,0.418,0.418
27103,0.412,0.412,0.412
27104,0.414,0.414,0.414
27105,0.398,0.398,0.398
27106,0.388,0.388,0.388
27107,0.39,0.39,0.39
27108,0.378,0.378,0.378
27109,0.374,0.374,0.374
27110,0.384,0.384,0.384
27111,0.446,0.446,0.446
27112,0.432,0.432,0.432
27113,0.442,0.442,0.442
27114,0.44,0.44,0.44
27115,0.432,0.432,0.432
27116,0.436,0.436,0.436
27117,0.432,0.432,0.432
27118,0.43,0.43,0.43
27119,0.43,0.43,0.43
27120,0.41,0.41,0.41
27121,0.422,0.422,0.422
27122,0.43,0.296,0.296
27123,0.426,0.282,0.282
27124,0.42,0.268,0.268
27125,0.434,0.24,0.24
27126,0.422,0.224,0.224
27127,0.428,0.218,0.218
27128,0.44,0.184,0.184
27129,0.428,0.182,0.182
27130,0.428,0.17,0.17
27131,0.418,0.166,0.166
27132,0.41,0.152,0.152
27133,0.416,0.148,0.148
27134,0.402,0.12,0.12
27135,0.398,0.116,0.116
27136,0.394,0.102,0.102
27137,0.396,0.066,0.066
27138,0.384,0.042,0.042
27139,0.378,0.036,0.036
27140,0.37,0.02,0.02
27141,0.36,0.018,0.018
27142,0.35,0.016,0.016
27143,0.35,0.016,0.016
27144,0.346,0.01,0.01
27145,0.342,0.01,0.01
27146,0.336,0.004,0.004
27147,0.332,0.004,0.004
27148,0.326,0.004,0.004
27149,0.314,0.004,0.004
27150,0.318,0,0
27151,0.312,0,0
27152,0.294,0,0
27153,0.292,0,0
27154,0.294,0,0
27155,0.288,0,0
27156,0.284,0,0
27157,0.292,0,0
27158,0.306,0,0
27159,0.296,0,0
27160,0.282,0,0
27161,0.268,0,0
27162,0.24,0,0
27163,0.224,0,0
27164,0.218,0,0
27165,0.184,0,0
27166,0.182,0,0
27167,0.17,0,0
27168,0.166,0,0
27169,0.152,0,0
27170,0.148,0,0
27171,0.12,0,0
27172,0.116,0,0
27173,0.102,0,0
27174,0.066,0,0
27175,0.042,0,0
27176,0.036,0,0
27177,0.02,0,0
27178,0.018,0,0
27179,0.016,0,0
27180,0.016,0,0
27181,0.01,0,0
27182,0.01,0,0
27183,0.004,0,0
27184,0.004,0,0
27185,0.004,0,0
27186,0.004,0,0
27187,0,0,0
27188,0,0,0
27189,0,0,0
27190,0,0,0
27191,0,0,0
27192,0,0,0
27193,0,0,0
27194,0,0,0
27195,0,0,0
27196,0,0,0
27197,0,0,0
27198,0,0,0
27199,0,0,0
27200,0,0,0
27201,0,0,0
27202,0,0,0
27203,0,0,0
27204,0,0,0
27205,0,0,0
27206,0,0,0
27207,0,0,0
27208,0,0,0
27209,0,0,0
27210,0,0,0
27211,0,0,0
27212,0,0,0
27213,0,0,0
27214,0,0,0
27215,0,0,0
27216,0,0,0
27217,0,0,0
27218,0,0,0
27219,0,0,0
27220,0,0,0
27221,0,0,0
27222,0,0,0
27223,0,0,0
27224,0,0,0
27225,0,0,0
27226,0,0,0
27227,0,0,0
27228,0,0,0
27229,0,0,0
27230,0,0,0
27231,0,0,0
27232,0,0,0
27233,0,0,0
27234,0,0,0
27235,0,0,0
27236,0,0,0
27237,0.008,0.008,0.008
27238,0,0,0
27239,0,0,0
27240,0,0,0
27241,0,0,0
27242,0,0,0
27243,0,0,0
27244,0,0,0
27245,0,0,0
27246,0,0,0
27247,0,0,0
27248,0,0,0
27249,0,0,0
27250,0,0,0
27251,0,0,0
27252,0,0,0
27253,0,0,0
27254,0,0,0
27255,0,0,0
27256,0,0,0
27257,0,0,0
27258,0,0,0
27259,0,0,0
27260,0,0,0
27261,0,0,0
27262,0,0,0
27263,0,0,0
27264,0,0,0
27265,0,0,0
27266,0,0,0
27267,0.004,0.004,0.004
27268,0,0,0
27269,0,0,0
27270,0,0,0
27271,0,0,0
27272,0,0,0
27273,0,0,0
27274,0,0,0
27275,0,0,0
27276,0,0,0
27277,0,0,0
27278,0,0,0
27279,0.004,0.004,0.004
27280,0.01,0.01,0.01
27281,0.014,0.014,0.014
27282,0.018,0.018,0.018
27283,0.02,0.02,0.02
27284,0.018,0.018,0.018
27285,0.018,0.018,0.018
27286,0.052,0.052,0.052
27287,0.052,0.052,0.052
27288,0.052,0.052,0.052
27289,0.046,0.046,0.046
27290,0.044,0.044,0.044
27291,0.044,0.044,0.044
27292,0.05,0.05,0.05
27293,0.046,0.046,0.046
27294,0.044,0.044,0.044
27295,0.038,0.038,0.038
27296,0.038,0.038,0.038
27297,0.038,0.038,0.038
27298,0.048,0.048,0.048
27299,0.058,0.058,0.058
27300,0.068,0.068,0.068
27301,0.058,0.058,0.058
27302,0.054,0.054,0.054
27303,0.05,0.05,0.05
27304,0.072,0.072,0.072
27305,0.088,0.088,0.088
27306,0.11,0.11,0.11
27307,0.098,0.098,0.098
27308,0.112,0.112,0.112
27309,0.104,0.104,0.104
27310,0.134,0.134,0.134
27311,0.14,0.14,0.14
27312,0.122,0.122,0.122
27313,0.118,0.118,0.118
27314,0.12,0.12,0.12
27315,0.106,0.106,0.106
27316,0.072,0.072,0.072
27317,0.054,0.054,0.054
27318,0.054,0.054,0.054
27319,0.12,0.12,0.12
27320,0.168,0.168,0.168
27321,0.15,0.15,0.15
27322,0.128,0.128,0.128
27323,0.124,0.124,0.124
27324,0.146,0.146,0.146
27325,0.146,0.146,0.146
27326,0.144,0.144,0.144
27327,0.136,0.136,0.136
27328,0.132,0.132,0.132
27329,0.118,0.118,0.118
27330,0.13,0.13,0.13
27331,0.106,0.106,0.106
27332,0.116,0.116,0.116
27333,0.126,0.126,0.126
27334,0.12,0.12,0.12
27335,0.14,0.14,0.14
27336,0.126,0.126,0.126
27337,0.122,0.122,0.122
27338,0.118,0.118,0.118
27339,0.106,0.106,0.106
27340,0.118,0.118,0.118
27341,0.12,0.12,0.12
27342,0.108,0.108,0.108
27343,0.124,0.124,0.124
27344,0.126,0.126,0.126
27345,0.106,0.106,0.106
27346,0.098,0.098,0.098
27347,0.106,0.106,0.106
27348,0.116,0.116,0.116
27349,0.116,0.116,0.116
27350,0.13,0.13,0.13
27351,0.148,0.148,0.148
27352,0.154,0.154,0.154
27353,0.134,0.134,0.134
27354,0.154,0.154,0.154
27355,0.132,0.132,0.132
27356,0.126,0.126,0.126
27357,0.122,0.122,0.122
27358,0.134,0.134,0.134
27359,0.142,0.142,0.142
27360,0.136,0.136,0.136
27361,0.122,0.122,0.122
27362,0.16,0.16,0.16
27363,0.188,0.188,0.188
27364,0.154,0.154,0.154
27365,0.188,0.188,0.188
27366,0.17,0.17,0.17
27367,0.174,0.174,0.174
27368,0.17,0.17,0.17
27369,0.162,0.162,0.162
27370,0.158,0.158,0.158
27371,0.156,0.156,0.156
27372,0.164,0.164,0.164
27373,0.16,0.16,0.16
27374,0.164,0.164,0.164
27375,0.112,0.112,0.112
27376,0.154,0.154,0.154
27377,0.154,0.154,0.154
27378,0.154,0.154,0.154
27379,0.158,0.158,0.158
27380,0.156,0.156,0.156
27381,0.156,0.156,0.156
27382,0.16,0.16,0.16
27383,0.138,0.138,0.138
27384,0.15,0.15,0.15
27385,0.154,0.154,0.154
27386,0.162,0.162,0.162
27387,0.172,0.172,0.172
27388,0.17,0.17,0.17
27389,0.19,0.19,0.19
27390,0.23,0.23,0.23
27391,0.274,0.274,0.274
27392,0.246,0.246,0.246
27393,0.24,0.24,0.24
27394,0.276,0.276,0.276
27395,0.308,0.308,0.308
27396,0.248,0.248,0.248
27397,0.264,0.264,0.264
27398,0.262,0.262,0.262
27399,0.304,0.304,0.304
27400,0.302,0.302,0.302
27401,0.29,0.29,0.29
27402,0.246,0.246,0.246
27403,0.248,0.248,0.248
27404,0.244,0.244,0.244
27405,0.222,0.222,0.222
27406,0.228,0.228,0.228
27407,0.234,0.234,0.234
27408,0.238,0.238,0.238
27409,0.246,0.246,0.246
27410,0.242,0.242,0.242
27411,0.248,0.248,0.248
27412,0.238,0.238,0.238
27413,0.25,0.25,0.25
27414,0.248,0.248,0.248
27415,0.248,0.248,0.248
27416,0.278,0.278,0.278
27417,0.268,0.268,0.268
27418,0.274,0.274,0.274
27419,0.272,0.272,0.272
27420,0.276,0.276,0.276
27421,0.28,0.28,0.28
27422,0.288,0.288,0.288
27423,0.302,0.302,0.302
27424,0.298,0.298,0.298
27425,0.31,0.31,0.31
27426,0.312,0.312,0.312
27427,0.358,0.358,0.358
27428,0.342,0.342,0.342
27429,0.338,0.338,0.338
27430,0.338,0.338,0.338
27431,0.344,0.344,0.344
27432,0.342,0.342,0.342
27433,0.33,0.33,0.33
27434,0.332,0.332,0.332
27435,0.342,0.342,0.342
27436,0.336,0.336,0.336
27437,0.382,0.382,0.382
27438,0.368,0.368,0.368
27439,0.35,0.35,0.35
27440,0.376,0.376,0.376
27441,0.406,0.406,0.406
27442,0.39,0.39,0.39
27443,0.39,0.39,0.39
27444,0.372,0.372,0.372
27445,0.368,0.368,0.368
27446,0.38,0.38,0.38
27447,0.368,0.368,0.368
27448,0.372,0.372,0.372
27449,0.358,0.358,0.358
27450,0.366,0.366,0.366
27451,0.372,0.372,0.372
27452,0.382,0.382,0.382
27453,0.388,0.388,0.388
27454,0.39,0.39,0.39
27455,0.382,0.382,0.382
27456,0.386,0.386,0.386
27457,0.416,0.416,0.416
27458,0.406,0.406,0.406
27459,0.406,0.406,0.406
27460,0.404,0.404,0.404
27461,0.404,0.404,0.404
27462,0.402,0.402,0.402
27463,0.404,0.404,0.404
27464,0.426,0.426,0.426
27465,0.422,0.422,0.422
27466,0.418,0.418,0.418
27467,0.418,0.418,0.418
27468,0.412,0.412,0.412
27469,0.414,0.414,0.414
27470,0.398,0.398,0.398
27471,0.388,0.388,0.388
27472,0.39,0.39,0.39
27473,0.378,0.378,0.378
27474,0.374,0.374,0.374
27475,0.384,0.384,0.384
27476,0.446,0.446,0.446
27477,0.432,0.432,0.432
27478,0.442,0.442,0.442
27479,0.44,0.44,0.44
27480,0.432,0.432,0.432
27481,0.436,0.436,0.436
27482,0.432,0.432,0.432
27483,0.43,0.43,0.43
27484,0.43,0.43,0.43
27485,0.41,0.41,0.41
27486,0.422,0.422,0.422
27487,0.43,0.296,0.296
27488,0.426,0.282,0.282
27489,0.42,0.268,0.268
27490,0.434,0.24,0.24
27491,0.422,0.224,0.224
27492,0.428,0.218,0.218
27493,0.44,0.184,0.184
27494,0.428,0.182,0.182
27495,0.428,0.17,0.17
27496,0.418,0.166,0.166
27497,0.41,0.152,0.152
27498,0.416,0.148,0.148
27499,0.402,0.12,0.12
27500,0.398,0.116,0.116
27501,0.394,0.102,0.102
27502,0.396,0.066,0.066
27503,0.384,0.042,0.042
27504,0.378,0.036,0.036
27505,0.37,0.02,0.02
27506,0.36,0.018,0.018
27507,0.35,0.016,0.016
27508,0.35,0.016,0.016
27509,0.346,0.01,0.01
27510,0.342,0.01,0.01
27511,0.336,0.004,0.004
27512,0.332,0.004,0.004
27513,0.326,0.004,0.004
27514,0.314,0.004,0.004
27515,0.318,0,0
27516,0.312,0,0
27517,0.294,0,0
27518,0.292,0,0
27519,0.294,0,0
27520,0.288,0,0
27521,0.284,0,0
27522,0.292,0,0
27523,0.306,0,0
27524,0.296,0,0
27525,0.282,0,0
27526,0.268,0,0
27527,0.24,0,0
27528,0.224,0,0
27529,0.218,0,0
27530,0.184,0,0
27531,0.182,0,0
27532,0.17,0,0
27533,0.166,0,0
27534,0.152,0,0
27535,0.148,0,0
27536,0.12,0,0
27537,0.116,0,0
27538,0.102,0,0
27539,0.066,0,0
27540,0.042,0,0
27541,0.036,0,0
27542,0.02,0,0
27543,0.018,0,0
27544,0.016,0,0
27545,0.016,0,0
27546,0.01,0,0
27547,0.01,0,0
27548,0.004,0,0
27549,0.004,0,0
27550,0.004,0,0
27551,0.004,0,0
27552,0,0,0
27553,0,0,0
27554,0,0,0
27555,0,0,0
27556,0,0,0
27557,0,0,0
27558,0,0,0
27559,0,0,0
27560,0,0,0
27561,0,0,0
27562,0,0,0
27563,0,0,0
27564,0,0,0
27565,0,0,0
27566,0,0,0
27567,0,0,0
27568,0,0,0
27569,0,0,0
27570,0,0,0
27571,0,0,0
27572,0,0,0
27573,0,0,0
27574,0,0,0
27575,0,0,0
27576,0,0,0
27577,0,0,0
27578,0,0,0
27579,0,0,0
27580,0,0,0
27581,0,0,0
27582,0,0,0
27583,0,0,0
27584,0,0,0
27585,0,0,0
27586,0,0,0
27587,0,0,0
27588,0,0,0
27589,0,0,0
27590,0,0,0
27591,0,0,0
27592,0,0,0
27593,0,0,0
27594,0,0,0
27595,0,0,0
27596,0,0,0
27597,0,0,0
27598,0,0,0
27599,0,0,0
27600,0,0,0
27601,0,0,0
27602,0.008,0.008,0.008
27603,0,0,0
27604,0,0,0
27605,0,0,0
27606,0,0,0
27607,0,0,0
27608,0,0,0
27609,0,0,0
27610,0,0,0
27611,0,0,0
27612,0,0,0
27613,0,0,0
27614,0,0,0
27615,0,0,0
27616,0,0,0
27617,0,0,0
27618,0,0,0
27619,0,0,0
27620,0,0,0
27621,0,0,0
27622,0,0,0
27623,0,0,0
27624,0,0,0
27625,0,0,0
27626,0,0,0
27627,0,0,0
27628,0,0,0
27629,0,0,0
27630,0,0,0
27631,0,0,0
27632,0.004,0.004,0.004
27633,0,0,0
27634,0,0,0
27635,0,0,0
27636,0,0,0
27637,0,0,0
27638,0,0,0
27639,0,0,0
27640,0,0,0
27641,0,0,0
27642,0,0,0
27643,0,0,0
27644,0.004,0.004,0.004
27645,0.01,0.01,0.01
27646,0.014,0.014,0.014
27647,0.018,0.018,0.018
27648,0.02,0.02,0.02
27649,0.018,0.018,0.018
27650,0.018,0.018,0.018
27651,0.052,0.052,0.052
27652,0.052,0.052,0.052
27653,0.052,0.052,0.052
27654,0.046,0.046,0.046
27655,0.044,0.044,0.044
27656,0.044,0.044,0.044
27657,0.05,0.05,0.05
27658,0.046,0.046,0.046
27659,0.044,0.044,0.044
27660,0.038,0.038,0.038
27661,0.038,0.038,0.038
27662,0.038,0.038,0.038
27663,0.048,0.048,0.048
27664,0.058,0.058,0.058
27665,0.068,0.068,0.068
27666,0.058,0.058,0.058
27667,0.054,0.054,0.054
27668,0.05,0.05,0.05
27669,0.072,0.072,0.072
27670,0.088,0.088,0.088
27671,0.11,0.11,0.11
27672,0.098,0.098,0.098
27673,0.112,0.112,0.112
27674,0.104,0.104,0.104
27675,0.134,0.134,0.134
27676,0.14,0.14,0.14
27677,0.122,0.122,0.122
27678,0.118,0.118,0.118
27679,0.12,0.12,0.12
27680,0.106,0.106,0.106
27681,0.072,0.072,0.072
27682,0.054,0.054,0.054
27683,0.054,0.054,0.054
27684,0.12,0.12,0.12
27685,0.168,0.168,0.168
27686,0.15,0.15,0.15
27687,0.128,0.128,0.128
27688,0.124,0.124,0.124
27689,0.146,0.146,0.146
27690,0.146,0.146,0.146
27691,0.144,0.144,0.144
27692,0.136,0.136,0.136
27693,0.132,0.132,0.132
27694,0.118,0.118,0.118
27695,0.13,0.13,0.13
27696,0.106,0.106,0.106
27697,0.116,0.116,0.116
27698,0.126,0.126,0.126
27699,0.12,0.12,0.12
27700,0.14,0.14,0.14
27701,0.126,0.126,0.126
27702,0.122,0.122,0.122
27703,0.118,0.118,0.118
27704,0.106,0.106,0.106
27705,0.118,0.118,0.118
27706,0.12,0.12,0.12
27707,0.108,0.108,0.108
27708,0.124,0.124,0.124
27709,0.126,0.126,0.126
27710,0.106,0.106,0.106
27711,0.098,0.098,0.098
27712,0.106,0.106,0.106
27713,0.116,0.116,0.116
27714,0.116,0.116,0.116
27715,0.13,0.13,0.13
27716,0.148,0.148,0.148
27717,0.154,0.154,0.154
27718,0.134,0.134,0.134
27719,0.154,0.154,0.154
27720,0.132,0.132,0.132
27721,0.126,0.126,0.126
27722,0.122,0.122,0.122
27723,0.134,0.134,0.134
27724,0.142,0.142,0.142
27725,0.136,0.136,0.136
27726,0.122,0.122,0.122
27727,0.16,0.16,0.16
27728,0.188,0.188,0.188
27729,0.154,0.154,0.154
27730,0.188,0.188,0.188
27731,0.17,0.17,0.17
27732,0.174,0.174,0.174
27733,0.17,0.17,0.17
27734,0.162,0.162,0.162
27735,0.158,0.158,0.158
27736,0.156,0.156,0.156
27737,0.164,0.164,0.164
27738,0.16,0.16,0.16
27739,0.164,0.164,0.164
27740,0.112,0.112,0.112
27741,0.154,0.154,0.154
27742,0.154,0.154,0.154
27743,0.154,0.154,0.154
27744,0.158,0.158,0.158
27745,0.156,0.156,0.156
27746,0.156,0.156,0.156
27747,0.16,0.16,0.16
27748,0.138,0.138,0.138
27749,0.15,0.15,0.15
27750,0.154,0.154,0.154
27751,0.162,0.162,0.162
27752,0.172,0.172,0.172
27753,0.17,0.17,0.17
27754,0.19,0.19,0.19
27755,0.23,0.23,0.23
27756,0.274,0.274,0.274
27757,0.246,0.246,0.246
27758,0.24,0.24,0.24
27759,0.276,0.276,0.276
27760,0.308,0.308,0.308
27761,0.248,0.248,0.248
27762,0.264,0.264,0.264
27763,0.262,0.262,0.262
27764,0.304,0.304,0.304
27765,0.302,0.302,0.302
27766,0.29,0.29,0.29
27767,0.246,0.246,0.246
27768,0.248,0.248,0.248
27769,0.244,0.244,0.244
27770,0.222,0.222,0.222
27771,0.228,0.228,0.228
27772,0.234,0.234,0.234
27773,0.238,0.238,0.238
27774,0.246,0.246,0.246
27775,0.242,0.242,0.242
27776,0.248,0.248,0.248
27777,0.238,0.238,0.238
27778,0.25,0.25,0.25
27779,0.248,0.248,0.248
27780,0.248,0.248,0.248
27781,0.278,0.278,0.278
27782,0.268,0.268,0.268
27783,0.274,0.274,0.274
27784,0.272,0.272,0.272
27785,0.276,0.276,0.276
27786,0.28,0.28,0.28
27787,0.288,0.288,0.288
27788,0.302,0.302,0.302
27789,0.298,0.298,0.298
27790,0.31,0.31,0.31
27791,0.312,0.312,0.312
27792,0.358,0.358,0.358
27793,0.342,0.342,0.342
27794,0.338,0.338,0.338
27795,0.338,0.338,0.338
27796,0.344,0.344,0.344
27797,0.342,0.342,0.342
27798,0.33,0.33,0.33
27799,0.332,0.332,0.332
27800,0.342,0.342,0.342
27801,0.336,0.336,0.336
27802,0.382,0.382,0.382
27803,0.368,0.368,0.368
27804,0.35,0.35,0.35
27805,0.376,0.376,0.376
27806,0.406,0.406,0.406
27807,0.39,0.39,0.39
27808,0.39,0.39,0.39
27809,0.372,0.372,0.372
27810,0.368,0.368,0.368
27811,0.38,0.38,0.38
27812,0.368,0.368,0.368
27813,0.372,0.372,0.372
27814,0.358,0.358,0.358
27815,0.366,0.366,0.366
27816,0.372,0.372,0.372
27817,0.382,0.382,0.382
27818,0.388,0.388,0.388
27819,0.39,0.39,0.39
27820,0.382,0.382,0.382
27821,0.386,0.386,0.386
27822,0.416,0.416,0.416
27823,0.406,0.406,0.406
27824,0.406,0.406,0.406
27825,0.404,0.404,0.404
27826,0.404,0.404,0.404
27827,0.402,0.402,0.402
27828,0.404,0.404,0.404
27829,0.426,0.426,0.426
27830,0.422,0.422,0.422
27831,0.418,0.418,0.418
27832,0.418,0.418,0.418
27833,0.412,0.412,0.412
27834,0.414,0.414,0.414
27835,0.398,0.398,0.398
27836,0.388,0.388,0.388
27837,0.39,0.39,0.39
27838,0.378,0.378,0.378
27839,0.374,0.374,0.374
27840,0.384,0.384,0.384
27841,0.446,0.446,0.446
27842,0.432,0.432,0.432
27843,0.442,0.442,0.442
27844,0.44,0.44,0.44
27845,0.432,0.432,0.432
27846,0.436,0.436,0.436
27847,0.432,0.432,0.432
27848,0.43,0.43,0.43
27849,0.43,0.43,0.43
27850,0.41,0.41,0.41
27851,0.422,0.296,0.296
27852,0.43,0.282,0.282
27853,0.426,0.268,0.268
27854,0.42,0.24,0.24
27855,0.434,0.224,0.224
27856,0.422,0.218,0.218
27857,0.428,0.184,0.184
27858,0.44,0.182,0.182
27859,0.428,0.17,0.17
27860,0.428,0.166,0.166
27861,0.418,0.152,0.152
27862,0.41,0.148,0.148
27863,0.416,0.12,0.12
27864,0.402,0.116,0.116
27865,0.398,0.102,0.102
27866,0.394,0.066,0.066
27867,0.396,0.042,0.042
27868,0.384,0.036,0.036
27869,0.378,0.02,0.02
27870,0.37,0.018,0.018
27871,0.36,0.016,0.016
27872,0.35,0.016,0.016
27873,0.35,0.01,0.01
27874,0.346,0.01,0.01
27875,0.342,0.004,0.004
27876,0.336,0.004,0.004
27877,0.332,0.004,0.004
27878,0.326,0.004,0.004
27879,0.314,0,0
27880,0.318,0,0
27881,0.312,0,0
27882,0.294,0,0
27883,0.292,0,0
27884,0.294,0,0
27885,0.288,0,0
27886,0.284,0,0
27887,0.292,0,0
27888,0.306,0,0
27889,0.296,0,0
27890,0.282,0,0
27891,0.268,0,0
27892,0.24,0,0
27893,0.224,0,0
27894,0.218,0,0
27895,0.184,0,0
27896,0.182,0,0
27897,0.17,0,0
27898,0.166,0,0
27899,0.152,0,0
27900,0.148,0,0
27901,0.12,0,0
27902,0.116,0,0
27903,0.102,0,0
27904,0.066,0,0
27905,0.042,0,0
27906,0.036,0,0
27907,0.02,0,0
27908,0.018,0,0
27909,0.016,0,0
27910,0.016,0,0
27911,0.01,0,0
27912,0.01,0,0
27913,0.004,0,0
27914,0.004,0,0
27915,0.004,0,0
27916,0.004,0,0
27917,0,0,0
27918,0,0,0
27919,0,0,0
27920,0,0,0
27921,0,0,0
27922,0,0,0
27923,0,0,0
27924,0,0,0
27925,0,0,0
27926,0,0,0
27927,0,0,0
27928,0,0,0
27929,0,0,0
27930,0,0,0
27931,0,0,0
27932,0,0,0
27933,0,0,0
27934,0,0,0
27935,0,0,0
27936,0,0,0
27937,0,0,0
27938,0,0,0
27939,0,0,0
27940,0,0,0
27941,0,0,0
27942,0,0,0
27943,0,0,0
27944,0,0,0
27945,0,0,0
27946,0,0,0
27947,0,0,0
27948,0,0,0
27949,0,0,0
27950,0,0,0
27951,0,0,0
27952,0,0,0
27953,0,0,0
27954,0,0,0
27955,0,0,0
27956,0,0,0
27957,0,0,0
27958,0,0,0
27959,0,0,0
27960,0,0,0
27961,0,0,0
27962,0,0,0
27963,0,0,0
27964,0,0,0
27965,0,0,0
27966,0,0,0
27967,0.008,0.008,0.008
27968,0,0,0
27969,0,0,0
27970,0,0,0
27971,0,0,0
27972,0,0,0
27973,0,0,0
27974,0,0,0
27975,0,0,0
27976,0,0,0
27977,0,0,0
27978,0,0,0
27979,0,0,0
27980,0,0,0
27981,0,0,0
27982,0,0,0
27983,0,0,0
27984,0,0,0
27985,0,0,0
27986,0,0,0
27987,0,0,0
27988,0,0,0
27989,0,0,0
27990,0,0,0
27991,0,0,0
27992,0,0,0
27993,0,0,0
27994,0,0,0
27995,0,0,0
27996,0,0,0
27997,0.004,0.004,0.004
27998,0,0,0
27999,0,0,0
28000,0,0,0
28001,0,0,0
28002,0,0,0
28003,0,0,0
28004,0,0,0
28005,0,0,0
28006,0,0,0
28007,0,0,0
28008,0,0,0
28009,0.004,0.004,0.004
28010,0.01,0.01,0.01
28011,0.014,0.014,0.014
28012,0.018,0.018,0.018
28013,0.02,0.02,0.02
28014,0.018,0.018,0.018
28015,0.018,0.018,0.018
28016,0.052,0.052,0.052
28017,0.052,0.052,0.052
28018,0.052,0.052,0.052
28019,0.046,0.046,0.046
28020,0.044,0.044,0.044
28021,0.044,0.044,0.044
28022,0.05,0.05,0.05
28023,0.046,0.046,0.046
28024,0.044,0.044,0.044
28025,0.038,0.038,0.038
28026,0.038,0.038,0.038
28027,0.038,0.038,0.038
28028,0.048,0.048,0.048
28029,0.058,0.058,0.058
28030,0.068,0.068,0.068
28031,0.058,0.058,0.058
28032,0.054,0.054,0.054
28033,0.05,0.05,0.05
28034,0.072,0.072,0.072
28035,0.088,0.088,0.088
28036,0.11,0.11,0.11
28037,0.098,0.098,0.098
28038,0.112,0.112,0.112
28039,0.104,0.104,0.104
28040,0.134,0.134,0.134
28041,0.14,0.14,0.14
28042,0.122,0.122,0.122
28043,0.118,0.118,0.118
28044,0.12,0.12,0.12
28045,0.106,0.106,0.106
28046,0.072,0.072,0.072
28047,0.054,0.054,0.054
28048,0.054,0.054,0.054
28049,0.12,0.12,0.12
28050,0.168,0.168,0.168
28051,0.15,0.15,0.15
28052,0.128,0.128,0.128
28053,0.124,0.124,0.124
28054,0.146,0.146,0.146
28055,0.146,0.146,0.146
28056,0.144,0.144,0.144
28057,0.136,0.136,0.136
28058,0.132,0.132,0.132
28059,0.118,0.118,0.118
28060,0.13,0.13,0.13
28061,0.106,0.106,0.106
28062,0.116,0.116,0.116
28063,0.126,0.126,0.126
28064,0.12,0.12,0.12
28065,0.14,0.14,0.14
28066,0.126,0.126,0.126
28067,0.122,0.122,0.122
28068,0.118,0.118,0.118
28069,0.106,0.106,0.106
28070,0.118,0.118,0.118
28071,0.12,0.12,0.12
28072,0.108,0.108,0.108
28073,0.124,0.124,0.124
28074,0.126,0.126,0.126
28075,0.106,0.106,0.106
28076,0.098,0.098,0.098
28077,0.106,0.106,0.106
28078,0.116,0.116,0.116
28079,0.116,0.116,0.116
28080,0.13,0.13,0.13
28081,0.148,0.148,0.148
28082,0.154,0.154,0.154
28083,0.134,0.134,0.134
28084,0.154,0.154,0.154
28085,0.132,0.132,0.132
28086,0.126,0.126,0.126
28087,0.122,0.122,0.122
28088,0.134,0.134,0.134
28089,0.142,0.142,0.142
28090,0.136,0.136,0.136
28091,0.122,0.122,0.122
28092,0.16,0.16,0.16
28093,0.188,0.188,0.188
28094,0.154,0.154,0.154
28095,0.188,0.188,0.188
28096,0.17,0.17,0.17
28097,0.174,0.174,0.174
28098,0.17,0.17,0.17
28099,0.162,0.162,0.162
28100,0.158,0.158,0.158
28101,0.156,0.156,0.156
28102,0.164,0.164,0.164
28103,0.16,0.16,0.16
28104,0.164,0.164,0.164
28105,0.112,0.112,0.112
28106,0.154,0.154,0.154
28107,0.154,0.154,0.154
28108,0.154,0.154,0.154
28109,0.158,0.158,0.158
28110,0.156,0.156,0.156
28111,0.156,0.156,0.156
28112,0.16,0.16,0.16
28113,0.138,0.138,0.138
28114,0.15,0.15,0.15
28115,0.154,0.154,0.154
28116,0.162,0.162,0.162
28117,0.172,0.172,0.172
28118,0.17,0.17,0.17
28119,0.19,0.19,0.19
28120,0.23,0.23,0.23
28121,0.274,0.274,0.274
28122,0.246,0.246,0.246
28123,0.24,0.24,0.24
28124,0.276,0.276,0.276
28125,0.308,0.308,0.308
28126,0.248,0.248,0.248
28127,0.264,0.264,0.264
28128,0.262,0.262,0.262
28129,0.304,0.304,0.304
28130,0.302,0.302,0.302
28131,0.29,0.29,0.29
28132,0.246,0.246,0.246
28133,0.248,0.248,0.248
28134,0.244,0.244,0.244
28135,0.222,0.222,0.222
28136,0.228,0.228,0.228
28137,0.234,0.234,0.234
28138,0.238,0.238,0.238
28139,0.246,0.246,0.246
28140,0.242,0.242,0.242
28141,0.248,0.248,0.248
28142,0.238,0.238,0.238
28143,0.25,0.25,0.25
28144,0.248,0.248,0.248
28145,0.248,0.248,0.248
28146,0.278,0.278,0.278
28147,0.268,0.268,0.268
28148,0.274,0.274,0.274
28149,0.272,0.272,0.272
28150,0.276,0.276,0.276
28151,0.28,0.28,0.28
28152,0.288,0.288,0.288
28153,0.302,0.302,0.302
28154,0.298,0.298,0.298
28155,0.31,0.31,0.31
28156,0.312,0.312,0.312
28157,0.358,0.358,0.358
28158,0.342,0.342,0.342
28159,0.338,0.338,0.338
28160,0.338,0.338,0.338
28161,0.344,0.344,0.344
28162,0.342,0.342,0.342
28163,0.33,0.33,0.33
28164,0.332,0.332,0.332
28165,0.342,0.342,0.342
28166,0.336,0.336,0.336
28167,0.382,0.382,0.382
28168,0.368,0.368,0.368
28169,0.35,0.35,0.35
28170,0.376,0.376,0.376
28171,0.406,0.406,0.406
28172,0.39,0.39,0.39
28173,0.39,0.39,0.39
28174,0.372,0.372,0.372
28175,0.368,0.368,0.368
28176,0.38,0.38,0.38
28177,0.368,0.368,0.368
28178,0.372,0.372,0.372
28179,0.358,0.358,0.358
28180,0.366,0.366,0.366
28181,0.372,0.372,0.372
28182,0.382,0.382,0.382
28183,0.388,0.388,0.388
28184,0.39,0.39,0.39
28185,0.382,0.382,0.382
28186,0.386,0.386,0.386
28187,0.416,0.416,0.416
28188,0.406,0.406,0.406
28189,0.406,0.406,0.406
28190,0.404,0.404,0.404
28191,0.404,0.404,0.404
28192,0.402,0.402,0.402
28193,0.404,0.404,0.404
28194,0.426,0.426,0.426
28195,0.422,0.422,0.422
28196,0.418,0.418,0.418
28197,0.418,0.418,0.418
28198,0.412,0.412,0.412
28199,0.414,0.414,0.414
28200,0.398,0.398,0.398
28201,0.388,0.388,0.388
28202,0.39,0.39,0.39
28203,0.378,0.378,0.378
28204,0.374,0.374,0.374
28205,0.384,0.384,0.384
28206,0.446,0.446,0.446
28207,0.432,0.432,0.432
28208,0.442,0.442,0.442
28209,0.44,0.44,0.44
28210,0.432,0.432,0.432
28211,0.436,0.436,0.436
28212,0.432,0.432,0.432
28213,0.43,0.43,0.43
28214,0.43,0.43,0.43
28215,0.41,0.41,0.41
28216,0.422,0.296,0.296
28217,0.43,0.282,0.282
28218,0.426,0.268,0.268
28219,0.42,0.24,0.24
28220,0.434,0.224,0.224
28221,0.422,0.218,0.218
28222,0.428,0.184,0.184
28223,0.44,0.182,0.182
28224,0.428,0.17,0.17
28225,0.428,0.166,0.166
28226,0.418,0.152,0.152
28227,0.41,0.148,0.148
28228,0.416,0.12,0.12
28229,0.402,0.116,0.116
28230,0.398,0.102,0.102
28231,0.394,0.066,0.066
28232,0.396,0.042,0.042
28233,0.384,0.036,0.036
28234,0.378,0.02,0.02
28235,0.37,0.018,0.018
28236,0.36,0.016,0.016
28237,0.35,0.016,0.016
28238,0.35,0.01,0.01
28239,0.346,0.01,0.01
28240,0.342,0.004,0.004
28241,0.336,0.004,0.004
28242,0.332,0.004,0.004
28243,0.326,0.004,0.004
28244,0.314,0,0
28245,0.318,0,0
28246,0.312,0,0
28247,0.294,0,0
28248,0.292,0,0
28249,0.294,0,0
28250,0.288,0,0
28251,0.284,0,0
28252,0.292,0,0
28253,0.306,0,0
28254,0.296,0,0
28255,0.282,0,0
28256,0.268,0,0
28257,0.24,0,0
28258,0.224,0,0
28259,0.218,0,0
28260,0.184,0,0
28261,0.182,0,0
28262,0.17,0,0
28263,0.166,0,0
28264,0.152,0,0
28265,0.148,0,0
28266,0.12,0,0
28267,0.116,0,0
28268,0.102,0,0
28269,0.066,0,0
28270,0.042,0,0
28271,0.036,0,0
28272,0.02,0,0
28273,0.018,0,0
28274,0.016,0,0
28275,0.016,0,0
28276,0.01,0,0
28277,0.01,0,0
28278,0.004,0,0
28279,0.004,0,0
28280,0.004,0,0
28281,0.004,0,0
28282,0,0,0
28283,0,0,0
28284,0,0,0
28285,0,0,0
28286,0,0,0
28287,0,0,0
28288,0,0,0
28289,0,0,0
28290,0,0,0
28291,0,0,0
28292,0,0,0
28293,0,0,0
28294,0,0,0
28295,0,0,0
28296,0,0,0
28297,0,0,0
28298,0,0,0
28299,0,0,0
28300,0,0,0
28301,0,0,0
28302,0,0,0
28303,0,0,0
28304,0,0,0
28305,0,0,0
28306,0,0,0
28307,0,0,0
28308,0,0,0
28309,0,0,0
28310,0,0,0
28311,0,0,0
28312,0,0,0
28313,0,0,0
28314,0,0,0
28315,0,0,0
28316,0,0,0
28317,0,0,0
28318,0,0,0
28319,0,0,0
28320,0,0,0
28321,0,0,0
28322,0,0,0
28323,0,0,0
28324,0,0,0
28325,0,0,0
28326,0,0,0
28327,0,0,0
28328,0,0,0
28329,0,0,0
28330,0,0,0
28331,0,0,0
28332,0.008,0.008,0.008
28333,0,0,0
28334,0,0,0
28335,0,0,0
28336,0,0,0
28337,0,0,0
28338,0,0,0
28339,0,0,0
28340,0,0,0
28341,0,0,0
28342,0,0,0
28343,0,0,0
28344,0,0,0
28345,0,0,0
28346,0,0,0
28347,0,0,0
28348,0,0,0
28349,0,0,0
28350,0,0,0
28351,0,0,0
28352,0,0,0
28353,0,0,0
28354,0,0,0
28355,0,0,0
28356,0,0,0
28357,0,0,0
28358,0,0,0
28359,0,0,0
28360,0,0,0
28361,0,0,0
28362,0.004,0.004,0.004
28363,0,0,0
28364,0,0,0
28365,0,0,0
28366,0,0,0
28367,0,0,0
28368,0,0,0
28369,0,0,0
28370,0,0,0
28371,0,0,0
28372,0,0,0
28373,0,0,0
28374,0.004,0.004,0.004
28375,0.01,0.01,0.01
28376,0.014,0.014,0.014
28377,0.018,0.018,0.018
28378,0.02,0.02,0.02
28379,0.018,0.018,0.018
28380,0.018,0.018,0.018
28381,0.052,0.052,0.052
28382,0.052,0.052,0.052
28383,0.052,0.052,0.052
28384,0.046,0.046,0.046
28385,0.044,0.044,0.044
28386,0.044,0.044,0.044
28387,0.05,0.05,0.05
28388,0.046,0.046,0.046
28389,0.044,0.044,0.044
28390,0.038,0.038,0.038
28391,0.038,0.038,0.038
28392,0.038,0.038,0.038
28393,0.048,0.048,0.048
28394,0.058,0.058,0.058
28395,0.068,0.068,0.068
28396,0.058,0.058,0.058
28397,0.054,0.054,0.054
28398,0.05,0.05,0.05
28399,0.072,0.072,0.072
28400,0.088,0.088,0.088
28401,0.11,0.11,0.11
28402,0.098,0.098,0.098
28403,0.112,0.112,0.112
28404,0.104,0.104,0.104
28405,0.134,0.134,0.134
28406,0.14,0.14,0.14
28407,0.122,0.122,0.122
28408,0.118,0.118,0.118
28409,0.12,0.12,0.12
28410,0.106,0.106,0.106
28411,0.072,0.072,0.072
28412,0.054,0.054,0.054
28413,0.054,0.054,0.054
28414,0.12,0.12,0.12
28415,0.168,0.168,0.168
28416,0.15,0.15,0.15
28417,0.128,0.128,0.128
28418,0.124,0.124,0.124
28419,0.146,0.146,0.146
28420,0.146,0.146,0.146
28421,0.144,0.144,0.144
28422,0.136,0.136,0.136
28423,0.132,0.132,0.132
28424,0.118,0.118,0.118
28425,0.13,0.13,0.13
28426,0.106,0.106,0.106
28427,0.116,0.116,0.116
28428,0.126,0.126,0.126
28429,0.12,0.12,0.12
28430,0.14,0.14,0.14
28431,0.126,0.126,0.126
28432,0.122,0.122,0.122
28433,0.118,0.118,0.118
28434,0.106,0.106,0.106
28435,0.118,0.118,0.118
28436,0.12,0.12,0.12
28437,0.108,0.108,0.108
28438,0.124,0.124,0.124
28439,0.126,0.126,0.126
28440,0.106,0.106,0.106
28441,0.098,0.098,0.098
28442,0.106,0.106,0.106
28443,0.116,0.116,0.116
28444,0.116,0.116,0.116
28445,0.13,0.13,0.13
28446,0.148,0.148,0.148
28447,0.154,0.154,0.154
28448,0.134,0.134,0.134
28449,0.154,0.154,0.154
28450,0.132,0.132,0.132
28451,0.126,0.126,0.126
28452,0.122,0.122,0.122
28453,0.134,0.134,0.134
28454,0.142,0.142,0.142
28455,0.136,0.136,0.136
28456,0.122,0.122,0.122
28457,0.16,0.16,0.16
28458,0.188,0.188,0.188
28459,0.154,0.154,0.154
28460,0.188,0.188,0.188
28461,0.17,0.17,0.17
28462,0.174,0.174,0.174
28463,0.17,0.17,0.17
28464,0.162,0.162,0.162
28465,0.158,0.158,0.158
28466,0.156,0.156,0.156
28467,0.164,0.164,0.164
28468,0.16,0.16,0.16
28469,0.164,0.164,0.164
28470,0.112,0.112,0.112
28471,0.154,0.154,0.154
28472,0.154,0.154,0.154
28473,0.154,0.154,0.154
28474,0.158,0.158,0.158
28475,0.156,0.156,0.156
28476,0.156,0.156,0.156
28477,0.16,0.16,0.16
28478,0.138,0.138,0.138
28479,0.15,0.15,0.15
28480,0.154,0.154,0.154
28481,0.162,0.162,0.162
28482,0.172,0.172,0.172
28483,0.17,0.17,0.17
28484,0.19,0.19,0.19
28485,0.23,0.23,0.23
28486,0.274,0.274,0.274
28487,0.246,0.246,0.246
28488,0.24,0.24,0.24
28489,0.276,0.276,0.276
28490,0.308,0.308,0.308
28491,0.248,0.248,0.248
28492,0.264,0.264,0.264
28493,0.262,0.262,0.262
28494,0.304,0.304,0.304
28495,0.302,0.302,0.302
28496,0.29,0.29,0.29
28497,0.246,0.246,0.246
28498,0.248,0.248,0.248
28499,0.244,0.244,0.244
28500,0.222,0.222,0.222
28501,0.228,0.228,0.228
28502,0.234,0.234,0.234
28503,0.238,0.238,0.238
28504,0.246,0.246,0.246
28505,0.242,0.242,0.242
28506,0.248,0.248,0.248
28507,0.238,0.238,0.238
28508,0.25,0.25,0.25
28509,0.248,0.248,0.248
28510,0.248,0.248,0.248
28511,0.278,0.278,0.278
28512,0.268,0.268,0.268
28513,0.274,0.274,0.274
28514,0.272,0.272,0.272
28515,0.276,0.276,0.276
28516,0.28,0.28,0.28
28517,0.288,0.288,0.288
28518,0.302,0.302,0.302
28519,0.298,0.298,0.298
28520,0.31,0.31,0.31
28521,0.312,0.312,0.312
28522,0.358,0.358,0.358
28523,0.342,0.342,0.342
28524,0.338,0.338,0.338
28525,0.338,0.338,0.338
28526,0.344,0.344,0.344
28527,0.342,0.342,0.342
28528,0.33,0.33,0.33
28529,0.332,0.332,0.332
28530,0.342,0.342,0.342
28531,0.336,0.336,0.336
28532,0.382,0.382,0.382
28533,0.368,0.368,0.368
28534,0.35,0.35,0.35
28535,0.376,0.376,0.376
28536,0.406,0.406,0.406
28537,0.39,0.39,0.39
28538,0.39,0.39,0.39
28539,0.372,0.372,0.372
28540,0.368,0.368,0.368
28541,0.38,0.38,0.38
28542,0.368,0.368,0.368
28543,0.372,0.372,0.372
28544,0.358,0.358,0.358
28545,0.366,0.366,0.366
28546,0.372,0.372,0.372
28547,0.382,0.382,0.382
28548,0.388,0.388,0.388
28549,0.39,0.39,0.39
28550,0.382,0.382,0.382
28551,0.386,0.386,0.386
28552,0.416,0.416,0.416
28553,0.406,0.406,0.406
28554,0.406,0.406,0.406
28555,0.404,0.404,0.404
28556,0.404,0.404,0.404
28557,0.402,0.402,0.402
28558,0.404,0.404,0.404
28559,0.426,0.426,0.426
28560,0.422,0.422,0.422
28561,0.418,0.418,0.418
28562,0.418,0.418,0.418
28563,0.412,0.412,0.412
28564,0.414,0.414,0.414
28565,0.398,0.398,0.398
28566,0.388,0.388,0.388
28567,0.39,0.39,0.39
28568,0.378,0.378,0.378
28569,0.374,0.374,0.374
28570,0.384,0.384,0.384
28571,0.446,0.446,0.446
28572,0.432,0.432,0.432
28573,0.442,0.442,0.442
28574,0.44,0.44,0.44
28575,0.432,0.432,0.432
28576,0.436,0.436,0.436
28577,0.432,0.432,0.432
28578,0.43,0.43,0.43
28579,0.43,0.43,0.43
28580,0.41,0.296,0.296
28581,0.422,0.282,0.282
28582,0.43,0.268,0.268
28583,0.426,0.24,0.24
28584,0.42,0.224,0.224
28585,0.434,0.218,0.218
28586,0.422,0.184,0.184
28587,0.428,0.182,0.182
28588,0.44,0.17,0.17
28589,0.428,0.166,0.166
28590,0.428,0.152,0.152
28591,0.418,0.148,0.148
28592,0.41,0.12,0.12
28593,0.416,0.116,0.116
28594,0.402,0.102,0.102
28595,0.398,0.066,0.066
28596,0.394,0.042,0.042
28597,0.396,0.036,0.036
28598,0.384,0.02,0.02
28599,0.378,0.018,0.018
28600,0.37,0.016,0.016
28601,0.36,0.016,0.016
28602,0.35,0.01,0.01
28603,0.35,0.01,0.01
28604,0.346,0.004,0.004
28605,0.342,0.004,0.004
28606,0.336,0.004,0.004
28607,0.332,0.004,0.004
28608,0.326,0,0
28609,0.314,0,0
28610,0.318,0,0
28611,0.312,0,0
28612,0.294,0,0
28613,0.292,0,0
28614,0.294,0,0
28615,0.288,0,0
28616,0.284,0,0
28617,0.292,0,0
28618,0.306,0,0
28619,0.296,0,0
28620,0.282,0,0
28621,0.268,0,0
28622,0.24,0,0
28623,0.224,0,0
28624,0.218,0,0
28625,0.184,0,0
28626,0.182,0,0
28627,0.17,0,0
28628,0.166,0,0
28629,0.152,0,0
28630,0.148,0,0
28631,0.12,0,0
28632,0.116,0,0
28633,0.102,0,0
28634,0.066,0,0
28635,0.042,0,0
28636,0.036,0,0
28637,0.02,0,0
28638,0.018,0,0
28639,0.016,0,0
28640,0.016,0,0
28641,0.01,0,0
28642,0.01,0,0
28643,0.004,0,0
28644,0.004,0,0
28645,0.004,0,0
28646,0.004,0,0
28647,0,0,0
28648,0,0,0
28649,0,0,0
28650,0,0,0
28651,0,0,0
28652,0,0,0
28653,0,0,0
28654,0,0,0
28655,0,0,0
28656,0,0,0
28657,0,0,0
28658,0,0,0
28659,0,0,0
28660,0,0,0
28661,0,0,0
28662,0,0,0
28663,0,0,0
28664,0,0,0
28665,0,0,0
28666,0,0,0
28667,0,0,0
28668,0,0,0
28669,0,0,0
28670,0,0,0
28671,0,0,0
28672,0,0,0
28673,0,0,0
28674,0,0,0
28675,0,0,0
28676,0,0,0
28677,0,0,0
28678,0,0,0
28679,0,0,0
28680,0,0,0
28681,0,0,0
28682,0,0,0
28683,0,0,0
28684,0,0,0
28685,0,0,0
28686,0,0,0
28687,0,0,0
28688,0,0,0
28689,0,0,0
28690,0,0,0
28691,0,0,0
28692,0,0,0
28693,0,0,0
28694,0,0,0
28695,0,0,0
28696,0,0,0
28697,0.008,0.008,0.008
28698,0,0,0
28699,0,0,0
28700,0,0,0
28701,0,0,0
28702,0,0,0
28703,0,0,0
28704,0,0,0
28705,0,0,0
28706,0,0,0
28707,0,0,0
28708,0,0,0
28709,0,0,0
28710,0,0,0
28711,0,0,0
28712,0,0,0
28713,0,0,0
28714,0,0,0
28715,0,0,0
28716,0,0,0
28717,0,0,0
28718,0,0,0
28719,0,0,0
28720,0,0,0
28721,0,0,0
28722,0,0,0
28723,0,0,0
28724,0,0,0
28725,0,0,0
28726,0,0,0
28727,0.004,0.004,0.004
28728,0,0,0
28729,0,0,0
28730,0,0,0
28731,0,0,0
28732,0,0,0
28733,0,0,0
28734,0,0,0
28735,0,0,0
28736,0,0,0
28737,0,0,0
28738,0,0,0
28739,0.004,0.004,0.004
28740,0.01,0.01,0.01
28741,0.014,0.014,0.014
28742,0.018,0.018,0.018
28743,0.02,0.02,0.02
28744,0.018,0.018,0.018
28745,0.018,0.018,0.018
28746,0.052,0.052,0.052
28747,0.052,0.052,0.052
28748,0.052,0.052,0.052
28749,0.046,0.046,0.046
28750,0.044,0.044,0.044
28751,0.044,0.044,0.044
28752,0.05,0.05,0.05
28753,0.046,0.046,0.046
28754,0.044,0.044,0.044
28755,0.038,0.038,0.038
28756,0.038,0.038,0.038
28757,0.038,0.038,0.038
28758,0.048,0.048,0.048
28759,0.058,0.058,0.058
28760,0.068,0.068,0.068
28761,0.058,0.058,0.058
28762,0.054,0.054,0.054
28763,0.05,0.05,0.05
28764,0.072,0.072,0.072
28765,0.088,0.088,0.088
28766,0.11,0.11,0.11
28767,0.098,0.098,0.098
28768,0.112,0.112,0.112
28769,0.104,0.104,0.104
28770,0.134,0.134,0.134
28771,0.14,0.14,0.14
28772,0.122,0.122,0.122
28773,0.118,0.118,0.118
28774,0.12,0.12,0.12
28775,0.106,0.106,0.106
28776,0.072,0.072,0.072
28777,0.054,0.054,0.054
28778,0.054,0.054,0.054
28779,0.12,0.12,0.12
28780,0.168,0.168,0.168
28781,0.15,0.15,0.15
28782,0.128,0.128,0.128
28783,0.124,0.124,0.124
28784,0.146,0.146,0.146
28785,0.146,0.146,0.146
28786,0.144,0.144,0.144
28787,0.136,0.136,0.136
28788,0.132,0.132,0.132
28789,0.118,0.118,0.118
28790,0.13,0.13,0.13
28791,0.106,0.106,0.106
28792,0.116,0.116,0.116
28793,0.126,0.126,0.126
28794,0.12,0.12,0.12
28795,0.14,0.14,0.14
28796,0.126,0.126,0.126
28797,0.122,0.122,0.122
28798,0.118,0.118,0.118
28799,0.106,0.106,0.106
28800,0.118,0.118,0.118
28801,0.12,0.12,0.12
28802,0.108,0.108,0.108
28803,0.124,0.124,0.124
28804,0.126,0.126,0.126
28805,0.106,0.106,0.106
28806,0.098,0.098,0.098
28807,0.106,0.106,0.106
28808,0.116,0.116,0.116
28809,0.116,0.116,0.116
28810,0.13,0.13,0.13
28811,0.148,0.148,0.148
28812,0.154,0.154,0.154
28813,0.134,0.134,0.134
28814,0.154,0.154,0.154
28815,0.132,0.132,0.132
28816,0.126,0.126,0.126
28817,0.122,0.122,0.122
28818,0.134,0.134,0.134
28819,0.142,0.142,0.142
28820,0.136,0.136,0.136
28821,0.122,0.122,0.122
28822,0.16,0.16,0.16
28823,0.188,0.188,0.188
28824,0.154,0.154,0.154
28825,0.188,0.188,0.188
28826,0.17,0.17,0.17
28827,0.174,0.174,0.174
28828,0.17,0.17,0.17
28829,0.162,0.162,0.162
28830,0.158,0.158,0.158
28831,0.156,0.156,0.156
28832,0.164,0.164,0.164
28833,0.16,0.16,0.16
28834,0.164,0.164,0.164
28835,0.112,0.112,0.112
28836,0.154,0.154,0.154
28837,0.154,0.154,0.154
28838,0.154,0.154,0.154
28839,0.158,0.158,0.158
28840,0.156,0.156,0.156
28841,0.156,0.156,0.156
28842,0.16,0.16,0.16
28843,0.138,0.138,0.138
28844,0.15,0.15,0.15
28845,0.154,0.154,0.154
28846,0.162,0.162,0.162
28847,0.172,0.172,0.172
28848,0.17,0.17,0.17
28849,0.19,0.19,0.19
28850,0.23,0.23,0.23
28851,0.274,0.274,0.274
28852,0.246,0.246,0.246
28853,0.24,0.24,0.24
28854,0.276,0.276,0.276
28855,0.308,0.308,0.308
28856,0.248,0.248,0.248
28857,0.264,0.264,0.264
28858,0.262,0.262,0.262
28859,0.304,0.304,0.304
28860,0.302,0.302,0.302
28861,0.29,0.29,0.29
28862,0.246,0.246,0.246
28863,0.248,0.248,0.248
28864,0.244,0.244,0.244
28865,0.222,0.222,0.222
28866,0.228,0.228,0.228
28867,0.234,0.234,0.234
28868,0.238,0.238,0.238
28869,0.246,0.246,0.246
28870,0.242,0.242,0.242
28871,0.248,0.248,0.248
28872,0.238,0.238,0.238
28873,0.25,0.25,0.25
28874,0.248,0.248,0.248
28875,0.248,0.248,0.248
28876,0.278,0.278,0.278
28877,0.268,0.268,0.268
28878,0.274,0.274,0.274
28879,0.272,0.272,0.272
28880,0.276,0.276,0.276
28881,0.28,0.28,0.28
28882,0.288,0.288,0.288
28883,0.302,0.302,0.302
28884,0.298,0.298,0.298
28885,0.31,0.31,0.31
28886,0.312,0.312,0.312
28887,0.358,0.358,0.358
28888,0.342,0.342,0.342
28889,0.338,0.338,0.338
28890,0.338,0.338,0.338
28891,0.344,0.344,0.344
28892,0.342,0.342,0.342
28893,0.33,0.33,0.33
28894,0.332,0.332,0.332
28895,0.342,0.342,0.342
28896,0.336,0.336,0.336
28897,0.382,0.382,0.382
28898,0.368,0.368,0.368
28899,0.35,0.35,0.35
28900,0.376,0.376,0.376
28901,0.406,0.406,0.406
28902,0.39,0.39,0.39
28903,0.39,0.39,0.39
28904,0.372,0.372,0.372
28905,0.368,0.368,0.368
28906,0.38,0.38,0.38
28907,0.368,0.368,0.368
28908,0.372,0.372,0.372
28909,0.358,0.358,0.358
28910,0.366,0.366,0.366
28911,0.372,0.372,0.372
28912,0.382,0.382,0.382
28913,0.388,0.388,0.388
28914,0.39,0.39,0.39
28915,0.382,0.382,0.382
28916,0.386,0.386,0.386
28917,0.416,0.416,0.416
28918,0.406,0.406,0.406
28919,0.406,0.406,0.406
28920,0.404,0.404,0.404
28921,0.404,0.404,0.404
28922,0.402,0.402,0.402
28923,0.404,0.404,0.404
28924,0.426,0.426,0.426
28925,0.422,0.422,0.422
28926,0.418,0.418,0.418
28927,0.418,0.418,0.418
28928,0.412,0.412,0.412
28929,0.414,0.414,0.414
28930,0.398,0.398,0.398
28931,0.388,0.388,0.388
28932,0.39,0.39,0.39
28933,0.378,0.378,0.378
28934,0.374,0.374,0.374
28935,0.384,0.384,0.384
28936,0.446,0.446,0.446
28937,0.432,0.432,0.432
28938,0.442,0.442,0.442
28939,0.44,0.44,0.44
28940,0.432,0.432,0.432
28941,0.436,0.436,0.436
28942,0.432,0.432,0.432
28943,0.43,0.43,0.43
28944,0.43,0.43,0.43
28945,0.41,0.296,0.296
28946,0.422,0.282,0.282
28947,0.43,0.268,0.268
28948,0.426,0.24,0.24
28949,0.42,0.224,0.224
28950,0.434,0.218,0.218
28951,0.422,0.184,0.184
28952,0.428,0.182,0.182
28953,0.44,0.17,0.17
28954,0.428,0.166,0.166
28955,0.428,0.152,0.152
28956,0.418,0.148,0.148
28957,0.41,0.12,0.12
28958,0.416,0.116,0.116
28959,0.402,0.102,0.102
28960,0.398,0.066,0.066
28961,0.394,0.042,0.042
28962,0.396,0.036,0.036
28963,0.384,0.02,0.02
28964,0.378,0.018,0.018
28965,0.37,0.016,0.016
28966,0.36,0.016,0.016
28967,0.35,0.01,0.01
28968,0.35,0.01,0.01
28969,0.346,0.004,0.004
28970,0.342,0.004,0.004
28971,0.336,0.004,0.004
28972,0.332,0.004,0.004
28973,0.326,0,0
28974,0.314,0,0
28975,0.318,0,0
28976,0.312,0,0
28977,0.294,0,0
28978,0.292,0,0
28979,0.294,0,0
28980,0.288,0,0
28981,0.284,0,0
28982,0.292,0,0
28983,0.306,0,0
28984,0.296,0,0
28985,0.282,0,0
28986,0.268,0,0
28987,0.24,0,0
28988,0.224,0,0
28989,0.218,0,0
28990,0.184,0,0
28991,0.182,0,0
28992,0.17,0,0
28993,0.166,0,0
28994,0.152,0,0
28995,0.148,0,0
28996,0.12,0,0
28997,0.116,0,0
28998,0.102,0,0
28999,0.066,0,0
29000,0.042,0,0
29001,0.036,0,0
29002,0.02,0,0
29003,0.018,0,0
29004,0.016,0,0
29005,0.016,0,0
29006,0.01,0,0
29007,0.01,0,0
29008,0.004,0,0
29009,0.004,0,0
29010,0.004,0,0
29011,0.004,0,0
29012,0,0,0
29013,0,0,0
29014,0,0,0
29015,0,0,0
29016,0,0,0
29017,0,0,0
29018,0,0,0
29019,0,0,0
29020,0,0,0
29021,0,0,0
29022,0,0,0
29023,0,0,0
29024,0,0,0
29025,0,0,0
29026,0,0,0
29027,0,0,0
29028,0,0,0
29029,0,0,0
29030,0,0,0
29031,0,0,0
29032,0,0,0
29033,0,0,0
29034,0,0,0
29035,0,0,0
29036,0,0,0
29037,0,0,0
29038,0,0,0
29039,0,0,0
29040,0,0,0
29041,0,0,0
29042,0,0,0
29043,0,0,0
29044,0,0,0
29045,0,0,0
29046,0,0,0
29047,0,0,0
29048,0,0,0
29049,0,0,0
29050,0,0,0
29051,0,0,0
29052,0,0,0
29053,0,0,0
29054,0,0,0
29055,0,0,0
29056,0,0,0
29057,0,0,0
29058,0,0,0
29059,0,0,0
29060,0,0,0
29061,0,0,0
29062,0.008,0.008,0.008
29063,0,0,0
29064,0,0,0
29065,0,0,0
29066,0,0,0
29067,0,0,0
29068,0,0,0
29069,0,0,0
29070,0,0,0
29071,0,0,0
29072,0,0,0
29073,0,0,0
29074,0,0,0
29075,0,0,0
29076,0,0,0
29077,0,0,0
29078,0,0,0
29079,0,0,0
29080,0,0,0
29081,0,0,0
29082,0,0,0
29083,0,0,0
29084,0,0,0
29085,0,0,0
29086,0,0,0
29087,0,0,0
29088,0,0,0
29089,0,0,0
29090,0,0,0
29091,0,0,0
29092,0.004,0.004,0.004
29093,0,0,0
29094,0,0,0
29095,0,0,0
29096,0,0,0
29097,0,0,0
29098,0,0,0
29099,0,0,0
29100,0,0,0
29101,0,0,0
29102,0,0,0
29103,0,0,0
29104,0.004,0.004,0.004
29105,0.01,0.01,0.01
29106,0.014,0.014,0.014
29107,0.018,0.018,0.018
29108,0.02,0.02,0.02
29109,0.018,0.018,0.018
29110,0.018,0.018,0.018
29111,0.052,0.052,0.052
29112,0.052,0.052,0.052
29113,0.052,0.052,0.052
29114,0.046,0.046,0.046
29115,0.044,0.044,0.044
29116,0.044,0.044,0.044
29117,0.05,0.05,0.05
29118,0.046,0.046,0.046
29119,0.044,0.044,0.044
29120,0.038,0.038,0.038
29121,0.038,0.038,0.038
29122,0.038,0.038,0.038
29123,0.048,0.048,0.048
29124,0.058,0.058,0.058
29125,0.068,0.068,0.068
29126,0.058,0.058,0.058
29127,0.054,0.054,0.054
29128,0.05,0.05,0.05
29129,0.072,0.072,0.072
29130,0.088,0.088,0.088
29131,0.11,0.11,0.11
29132,0.098,0.098,0.098
29133,0.112,0.112,0.112
29134,0.104,0.104,0.104
29135,0.134,0.134,0.134
29136,0.14,0.14,0.14
29137,0.122,0.122,0.122
29138,0.118,0.118,0.118
29139,0.12,0.12,0.12
29140,0.106,0.106,0.106
29141,0.072,0.072,0.072
29142,0.054,0.054,0.054
29143,0.054,0.054,0.054
29144,0.12,0.12,0.12
29145,0.168,0.168,0.168
29146,0.15,0.15,0.15
29147,0.128,0.128,0.128
29148,0.124,0.124,0.124
29149,0.146,0.146,0.146
29150,0.146,0.146,0.146
29151,0.144,0.144,0.144
29152,0.136,0.136,0.136
29153,0.132,0.132,0.132
29154,0.118,0.118,0.118
29155,0.13,0.13,0.13
29156,0.106,0.106,0.106
29157,0.116,0.116,0.116
29158,0.126,0.126,0.126
29159,0.12,0.12,0.12
29160,0.14,0.14,0.14
29161,0.126,0.126,0.126
29162,0.122,0.122,0.122
29163,0.118,0.118,0.118
29164,0.106,0.106,0.106
29165,0.118,0.118,0.118
29166,0.12,0.12,0.12
29167,0.108,0.108,0.108
29168,0.124,0.124,0.124
29169,0.126,0.126,0.126
29170,0.106,0.106,0.106
29171,0.098,0.098,0.098
29172,0.106,0.106,0.106
29173,0.116,0.116,0.116
29174,0.116,0.116,0.116
29175,0.13,0.13,0.13
29176,0.148,0.148,0.148
29177,0.154,0.154,0.154
29178,0.134,0.134,0.134
29179,0.154,0.154,0.154
29180,0.132,0.132,0.132
29181,0.126,0.126,0.126
29182,0.122,0.122,0.122
29183,0.134,0.134,0.134
29184,0.142,0.142,0.142
29185,0.136,0.136,0.136
29186,0.122,0.122,0.122
29187,0.16,0.16,0.16
29188,0.188,0.188,0.188
29189,0.154,0.154,0.154
29190,0.188,0.188,0.188
29191,0.17,0.17,0.17
29192,0.174,0.174,0.174
29193,0.17,0.17,0.17
29194,0.162,0.162,0.162
29195,0.158,0.158,0.158
29196,0.156,0.156,0.156
29197,0.164,0.164,0.164
29198,0.16,0.16,0.16
29199,0.164,0.164,0.164
29200,0.112,0.112,0.112
29201,0.154,0.154,0.154
29202,0.154,0.154,0.154
29203,0.154,0.154,0.154
29204,0.158,0.158,0.158
29205,0.156,0.156,0.156
29206,0.156,0.156,0.156
29207,0.16,0.16,0.16
29208,0.138,0.138,0.138
29209,0.15,0.15,0.15
29210,0.154,0.154,0.154
29211,0.162,0.162,0.162
29212,0.172,0.172,0.172
29213,0.17,0.17,0.17
29214,0.19,0.19,0.19
29215,0.23,0.23,0.23
29216,0.274,0.274,0.274
29217,0.246,0.246,0.246
29218,0.24,0.24,0.24
29219,0.276,0.276,0.276
29220,0.308,0.308,0.308
29221,0.248,0.248,0.248
29222,0.264,0.264,0.264
29223,0.262,0.262,0.262
29224,0.304,0.304,0.304
29225,0.302,0.302,0.302
29226,0.29,0.29,0.29
29227,0.246,0.246,0.246
29228,0.248,0.248,0.248
29229,0.244,0.244,0.244
29230,0.222,0.222,0.222
29231,0.228,0.228,0.228
29232,0.234,0.234,0.234
29233,0.238,0.238,0.238
29234,0.246,0.246,0.246
29235,0.242,0.242,0.242
29236,0.248,0.248,0.248
29237,0.238,0.238,0.238
29238,0.25,0.25,0.25
29239,0.248,0.248,0.248
29240,0.248,0.248,0.248
29241,0.278,0.278,0.278
29242,0.268,0.268,0.268
29243,0.274,0.274,0.274
29244,0.272,0.272,0.272
29245,0.276,0.276,0.276
29246,0.28,0.28,0.28
29247,0.288,0.288,0.288
29248,0.302,0.302,0.302
29249,0.298,0.298,0.298
29250,0.31,0.31,0.31
29251,0.312,0.312,0.312
29252,0.358,0.358,0.358
29253,0.342,0.342,0.342
29254,0.338,0.338,0.338
29255,0.338,0.338,0.338
29256,0.344,0.344,0.344
29257,0.342,0.342,0.342
29258,0.33,0.33,0.33
29259,0.332,0.332,0.332
29260,0.342,0.342,0.342
29261,0.336,0.336,0.336
29262,0.382,0.382,0.382
29263,0.368,0.368,0.368
29264,0.35,0.35,0.35
29265,0.376,0.376,0.376
29266,0.406,0.406,0.406
29267,0.39,0.39,0.39
29268,0.39,0.39,0.39
29269,0.372,0.372,0.372
29270,0.368,0.368,0.368
29271,0.38,0.38,0.38
29272,0.368,0.368,0.368
29273,0.372,0.372,0.372
29274,0.358,0.358,0.358
29275,0.366,0.366,0.366
29276,0.372,0.372,0.372
29277,0.382,0.382,0.382
29278,0.388,0.388,0.388
29279,0.39,0.39,0.39
29280,0.382,0.382,0.382
29281,0.386,0.386,0.386
29282,0.416,0.416,0.416
29283,0.406,0.406,0.406
29284,0.406,0.406,0.406
29285,0.404,0.404,0.404
29286,0.404,0.404,0.404
29287,0.402,0.402,0.402
29288,0.404,0.404,0.404
29289,0.426,0.426,0.426
29290,0.422,0.422,0.422
29291,0.418,0.418,0.418
29292,0.418,0.418,0.418
29293,0.412,0.412,0.412
29294,0.414,0.414,0.414
29295,0.398,0.398,0.398
29296,0.388,0.388,0.388
29297,0.39,0.39,0.39
29298,0.378,0.378,0.378
29299,0.374,0.374,0.374
29300,0.384,0.384,0.384
29301,0.446,0.446,0.446
29302,0.432,0.432,0.432
29303,0.442,0.442,0.442
29304,0.44,0.44,0.44
29305,0.432,0.432,0.432
29306,0.436,0.436,0.436
29307,0.432,0.432,0.432
29308,0.43,0.43,0.43
29309,0.43,0.296,0.296
29310,0.41,0.282,0.282
29311,0.422,0.268,0.268
29312,0.43,0.24,0.24
29313,0.426,0.224,0.224
29314,0.42,0.218,0.218
29315,0.434,0.184,0.184
29316,0.422,0.182,0.182
29317,0.428,0.17,0.17
29318,0.44,0.166,0.166
29319,0.428,0.152,0.152
29320,0.428,0.148,0.148
29321,0.418,0.12,0.12
29322,0.41,0.116,0.116
29323,0.416,0.102,0.102
29324,0.402,0.066,0.066
29325,0.398,0.042,0.042
29326,0.394,0.036,0.036
29327,0.396,0.02,0.02
29328,0.384,0.018,0.018
29329,0.378,0.016,0.016
29330,0.37,0.016,0.016
29331,0.36,0.01,0.01
29332,0.35,0.01,0.01
29333,0.35,0.004,0.004
29334,0.346,0.004,0.004
29335,0.342,0.004,0.004
29336,0.336,0.004,0.004
29337,0.332,0,0
29338,0.326,0,0
29339,0.314,0,0
29340,0.318,0,0
29341,0.312,0,0
29342,0.294,0,0
29343,0.292,0,0
29344,0.294,0,0
29345,0.288,0,0
29346,0.284,0,0
29347,0.292,0,0
29348,0.306,0,0
29349,0.296,0,0
29350,0.282,0,0
29351,0.268,0,0
29352,0.24,0,0
29353,0.224,0,0
29354,0.218,0,0
29355,0.184,0,0
29356,0.182,0,0
29357,0.17,0,0
29358,0.166,0,0
29359,0.152,0,0
29360,0.148,0,0
29361,0.12,0,0
29362,0.116,0,0
29363,0.102,0,0
29364,0.066,0,0
29365,0.042,0,0
29366,0.036,0,0
29367,0.02,0,0
29368,0.018,0,0
29369,0.016,0,0
29370,0.016,0,0
29371,0.01,0,0
29372,0.01,0,0
29373,0.004,0,0
29374,0.004,0,0
29375,0.004,0,0
29376,0.004,0,0
29377,0,0,0
29378,0,0,0
29379,0,0,0
29380,0,0,0
29381,0,0,0
29382,0,0,0
29383,0,0,0
29384,0,0,0
29385,0,0,0
29386,0,0,0
29387,0,0,0
29388,0,0,0
29389,0,0,0
29390,0,0,0
29391,0,0,0
29392,0,0,0
29393,0,0,0
29394,0,0,0
29395,0,0,0
29396,0,0,0
29397,0,0,0
29398,0,0,0
29399,0,0,0
29400,0,0,0
29401,0,0,0
29402,0,0,0
29403,0,0,0
29404,0,0,0
29405,0,0,0
29406,0,0,0
29407,0,0,0
29408,0,0,0
29409,0,0,0
29410,0,0,0
29411,0,0,0
29412,0,0,0
29413,0,0,0
29414,0,0,0
29415,0,0,0
29416,0,0,0
29417,0,0,0
29418,0,0,0
29419,0,0,0
29420,0,0,0
29421,0,0,0
29422,0,0,0
29423,0,0,0
29424,0,0,0
29425,0,0,0
29426,0,0,0
29427,0.008,0.008,0.008
29428,0,0,0
29429,0,0,0
29430,0,0,0
29431,0,0,0
29432,0,0,0
29433,0,0,0
29434,0,0,0
29435,0,0,0
29436,0,0,0
29437,0,0,0
29438,0,0,0
29439,0,0,0
29440,0,0,0
29441,0,0,0
29442,0,0,0
29443,0,0,0
29444,0,0,0
29445,0,0,0
29446,0,0,0
29447,0,0,0
29448,0,0,0
29449,0,0,0
29450,0,0,0
29451,0,0,0
29452,0,0,0
29453,0,0,0
29454,0,0,0
29455,0,0,0
29456,0,0,0
29457,0.004,0.004,0.004
29458,0,0,0
29459,0,0,0
29460,0,0,0
29461,0,0,0
29462,0,0,0
29463,0,0,0
29464,0,0,0
29465,0,0,0
29466,0,0,0
29467,0,0,0
29468,0,0,0
29469,0.004,0.004,0.004
29470,0.01,0.01,0.01
29471,0.014,0.014,0.014
29472,0.018,0.018,0.018
29473,0.02,0.02,0.02
29474,0.018,0.018,0.018
29475,0.018,0.018,0.018
29476,0.052,0.052,0.052
29477,0.052,0.052,0.052
29478,0.052,0.052,0.052
29479,0.046,0.046,0.046
29480,0.044,0.044,0.044
29481,0.044,0.044,0.044
29482,0.05,0.05,0.05
29483,0.046,0.046,0.046
29484,0.044,0.044,0.044
29485,0.038,0.038,0.038
29486,0.038,0.038,0.038
29487,0.038,0.038,0.038
29488,0.048,0.048,0.048
29489,0.058,0.058,0.058
29490,0.068,0.068,0.068
29491,0.058,0.058,0.058
29492,0.054,0.054,0.054
29493,0.05,0.05,0.05
29494,0.072,0.072,0.072
29495,0.088,0.088,0.088
29496,0.11,0.11,0.11
29497,0.098,0.098,0.098
29498,0.112,0.112,0.112
29499,0.104,0.104,0.104
29500,0.134,0.134,0.134
29501,0.14,0.14,0.14
29502,0.122,0.122,0.122
29503,0.118,0.118,0.118
29504,0.12,0.12,0.12
29505,0.106,0.106,0.106
29506,0.072,0.072,0.072
29507,0.054,0.054,0.054
29508,0.054,0.054,0.054
29509,0.12,0.12,0.12
29510,0.168,0.168,0.168
29511,0.15,0.15,0.15
29512,0.128,0.128,0.128
29513,0.124,0.124,0.124
29514,0.146,0.146,0.146
29515,0.146,0.146,0.146
29516,0.144,0.144,0.144
29517,0.136,0.136,0.136
29518,0.132,0.132,0.132
29519,0.118,0.118,0.118
29520,0.13,0.13,0.13
29521,0.106,0.106,0.106
29522,0.116,0.116,0.116
29523,0.126,0.126,0.126
29524,0.12,0.12,0.12
29525,0.14,0.14,0.14
29526,0.126,0.126,0.126
29527,0.122,0.122,0.122
29528,0.118,0.118,0.118
29529,0.106,0.106,0.106
29530,0.118,0.118,0.118
29531,0.12,0.12,0.12
29532,0.108,0.108,0.108
29533,0.124,0.124,0.124
29534,0.126,0.126,0.126
29535,0.106,0.106,0.106
29536,0.098,0.098,0.098
29537,0.106,0.106,0.106
29538,0.116,0.116,0.116
29539,0.116,0.116,0.116
29540,0.13,0.13,0.13
29541,0.148,0.148,0.148
29542,0.154,0.154,0.154
29543,0.134,0.134,0.134
29544,0.154,0.154,0.154
29545,0.132,0.132,0.132
29546,0.126,0.126,0.126
29547,0.122,0.122,0.122
29548,0.134,0.134,0.134
29549,0.142,0.142,0.142
29550,0.136,0.136,0.136
29551,0.122,0.122,0.122
29552,0.16,0.16,0.16
29553,0.188,0.188,0.188
29554,0.154,0.154,0.154
29555,0.188,0.188,0.188
29556,0.17,0.17,0.17
29557,0.174,0.174,0.174
29558,0.17,0.17,0.17
29559,0.162,0.162,0.162
29560,0.158,0.158,0.158
29561,0.156,0.156,0.156
29562,0.164,0.164,0.164
29563,0.16,0.16,0.16
29564,0.164,0.164,0.164
29565,0.112,0.112,0.112
29566,0.154,0.154,0.154
29567,0.154,0.154,0.154
29568,0.154,0.154,0.154
29569,0.158,0.158,0.158
29570,0.156,0.156,0.156
29571,0.156,0.156,0.156
29572,0.16,0.16,0.16
29573,0.138,0.138,0.138
29574,0.15,0.15,0.15
29575,0.154,0.154,0.154
29576,0.162,0.162,0.162
29577,0.172,0.172,0.172
29578,0.17,0.17,0.17
29579,0.19,0.19,0.19
29580,0.23,0.23,0.23
29581,0.274,0.274,0.274
29582,0.246,0.246,0.246
29583,0.24,0.24,0.24
29584,0.276,0.276,0.276
29585,0.308,0.308,0.308
29586,0.248,0.248,0.248
29587,0.264,0.264,0.264
29588,0.262,0.262,0.262
29589,0.304,0.304,0.304
29590,0.302,0.302,0.302
29591,0.29,0.29,0.29
29592,0.246,0.246,0.246
29593,0.248,0.248,0.248
29594,0.244,0.244,0.244
29595,0.222,0.222,0.222
29596,0.228,0.228,0.228
29597,0.234,0.234,0.234
29598,0.238,0.238,0.238
29599,0.246,0.246,0.246
29600,0.242,0.242,0.242
29601,0.248,0.248,0.248
29602,0.238,0.238,0.238
29603,0.25,0.25,0.25
29604,0.248,0.248,0.248
29605,0.248,0.248,0.248
29606,0.278,0.278,0.278
29607,0.268,0.268,0.268
29608,0.274,0.274,0.274
29609,0.272,0.272,0.272
29610,0.276,0.276,0.276
29611,0.28,0.28,0.28
29612,0.288,0.288,0.288
29613,0.302,0.302,0.302
29614,0.298,0.298,0.298
29615,0.31,0.31,0.31
29616,0.312,0.312,0.312
29617,0.358,0.358,0.358
29618,0.342,0.342,0.342
29619,0.338,0.338,0.338
29620,0.338,0.338,0.338
29621,0.344,0.344,0.344
29622,0.342,0.342,0.342
29623,0.33,0.33,0.33
29624,0.332,0.332,0.332
29625,0.342,0.342,0.342
29626,0.336,0.336,0.336
29627,0.382,0.382,0.382
29628,0.368,0.368,0.368
29629,0.35,0.35,0.35
29630,0.376,0.376,0.376
29631,0.406,0.406,0.406
29632,0.39,0.39,0.39
29633,0.39,0.39,0.39
29634,0.372,0.372,0.372
29635,0.368,0.368,0.368
29636,0.38,0.38,0.38
29637,0.368,0.368,0.368
29638,0.372,0.372,0.372
29639,0.358,0.358,0.358
29640,0.366,0.366,0.366
29641,0.372,0.372,0.372
29642,0.382,0.382,0.382
29643,0.388,0.388,0.388
29644,0.39,0.39,0.39
29645,0.382,0.382,0.382
29646,0.386,0.386,0.386
29647,0.416,0.416,0.416
29648,0.406,0.406,0.406
29649,0.406,0.406,0.406
29650,0.404,0.404,0.404
29651,0.404,0.404,0.404
29652,0.402,0.402,0.402
29653,0.404,0.404,0.404
29654,0.426,0.426,0.426
29655,0.422,0.422,0.422
29656,0.418,0.418,0.418
29657,0.418,0.418,0.418
29658,0.412,0.412,0.412
29659,0.414,0.414,0.414
29660,0.398,0.398,0.398
29661,0.388,0.388,0.388
29662,0.39,0.39,0.39
29663,0.378,0.378,0.378
29664,0.374,0.374,0.374
29665,0.384,0.384,0.384
29666,0.446,0.446,0.446
29667,0.432,0.432,0.432
29668,0.442,0.442,0.442
29669,0.44,0.44,0.44
29670,0.432,0.432,0.432
29671,0.436,0.436,0.436
29672,0.432,0.432,0.432
29673,0.43,0.43,0.43
29674,0.43,0.296,0.296
29675,0.41,0.282,0.282
29676,0.422,0.268,0.268
29677,0.43,0.24,0.24
29678,0.426,0.224,0.224
29679,0.42,0.218,0.218
29680,0.434,0.184,0.184
29681,0.422,0.182,0.182
29682,0.428,0.17,0.17
29683,0.44,0.166,0.166
29684,0.428,0.152,0.152
29685,0.428,0.148,0.148
29686,0.418,0.12,0.12
29687,0.41,0.116,0.116
29688,0.416,0.102,0.102
29689,0.402,0.066,0.066
29690,0.398,0.042,0.042
29691,0.394,0.036,0.036
29692,0.396,0.02,0.02
29693,0.384,0.018,0.018
29694,0.378,0.016,0.016
29695,0.37,0.016,0.016
29696,0.36,0.01,0.01
29697,0.35,0.01,0.01
29698,0.35,0.004,0.004
29699,0.346,0.004,0.004
29700,0.342,0.004,0.004
29701,0.336,0.004,0.004
29702,0.332,0,0
29703,0.326,0,0
29704,0.314,0,0
29705,0.318,0,0
29706,0.312,0,0
29707,0.294,0,0
29708,0.292,0,0
29709,0.294,0,0
29710,0.288,0,0
29711,0.284,0,0
29712,0.292,0,0
29713,0.306,0,0
29714,0.296,0,0
29715,0.282,0,0
29716,0.268,0,0
29717,0.24,0,0
29718,0.224,0,0
29719,0.218,0,0
29720,0.184,0,0
29721,0.182,0,0
29722,0.17,0,0
29723,0.166,0,0
29724,0.152,0,0
29725,0.148,0,0
29726,0.12,0,0
29727,0.116,0,0
29728,0.102,0,0
29729,0.066,0,0
29730,0.042,0,0
29731,0.036,0,0
29732,0.02,0,0
29733,0.018,0,0
29734,0.016,0,0
29735,0.016,0,0
29736,0.01,0,0
29737,0.01,0,0
29738,0.004,0,0
29739,0.004,0,0
29740,0.004,0,0
29741,0.004,0,0
29742,0,0,0
29743,0,0,0
29744,0,0,0
29745,0,0,0
29746,0,0,0
29747,0,0,0
29748,0,0,0
29749,0,0,0
29750,0,0,0
29751,0,0,0
29752,0,0,0
29753,0,0,0
29754,0,0,0
29755,0,0,0
29756,0,0,0
29757,0,0,0
29758,0,0,0
29759,0,0,0
29760,0,0,0
29761,0,0,0
29762,0,0,0
29763,0,0,0
29764,0,0,0
29765,0,0,0
29766,0,0,0
29767,0,0,0
29768,0,0,0
29769,0,0,0
29770,0,0,0
29771,0,0,0
29772,0,0,0
29773,0,0,0
29774,0,0,0
29775,0,0,0
29776,0,0,0
29777,0,0,0
29778,0,0,0
29779,0,0,0
29780,0,0,0
29781,0,0,0
29782,0,0,0
29783,0,0,0
29784,0,0,0
29785,0,0,0
29786,0,0,0
29787,0,0,0
29788,0,0,0
29789,0,0,0
29790,0,0,0
29791,0,0,0
29792,0.008,0.008,0.008
29793,0,0,0
29794,0,0,0
29795,0,0,0
29796,0,0,0
29797,0,0,0
29798,0,0,0
29799,0,0,0
29800,0,0,0
29801,0,0,0
29802,0,0,0
29803,0,0,0
29804,0,0,0
29805,0,0,0
29806,0,0,0
29807,0,0,0
29808,0,0,0
29809,0,0,0
29810,0,0,0
29811,0,0,0
29812,0,0,0
29813,0,0,0
29814,0,0,0
29815,0,0,0
29816,0,0,0
29817,0,0,0
29818,0,0,0
29819,0,0,0
29820,0,0,0
29821,0,0,0
29822,0.004,0.004,0.004
29823,0,0,0
29824,0,0,0
29825,0,0,0
29826,0,0,0
29827,0,0,0
29828,0,0,0
29829,0,0,0
29830,0,0,0
29831,0,0,0
29832,0,0,0
29833,0,0,0
29834,0.004,0.004,0.004
29835,0.01,0.01,0.01
29836,0.014,0.014,0.014
29837,0.018,0.018,0.018
29838,0.02,0.02,0.02
29839,0.018,0.018,0.018
29840,0.018,0.018,0.018
29841,0.052,0.052,0.052
29842,0.052,0.052,0.052
29843,0.052,0.052,0.052
29844,0.046,0.046,0.046
29845,0.044,0.044,0.044
29846,0.044,0.044,0.044
29847,0.05,0.05,0.05
29848,0.046,0.046,0.046
29849,0.044,0.044,0.044
29850,0.038,0.038,0.038
29851,0.038,0.038,0.038
29852,0.038,0.038,0.038
29853,0.048,0.048,0.048
29854,0.058,0.058,0.058
29855,0.068,0.068,0.068
29856,0.058,0.058,0.058
29857,0.054,0.054,0.054
29858,0.05,0.05,0.05
29859,0.072,0.072,0.072
29860,0.088,0.088,0.088
29861,0.11,0.11,0.11
29862,0.098,0.098,0.098
29863,0.112,0.112,0.112
29864,0.104,0.104,0.104
29865,0.134,0.134,0.134
29866,0.14,0.14,0.14
29867,0.122,0.122,0.122
29868,0.118,0.118,0.118
29869,0.12,0.12,0.12
29870,0.106,0.106,0.106
29871,0.072,0.072,0.072
29872,0.054,0.054,0.054
29873,0.054,0.054,0.054
29874,0.12,0.12,0.12
29875,0.168,0.168,0.168
29876,0.15,0.15,0.15
29877,0.128,0.128,0.128
29878,0.124,0.124,0.124
29879,0.146,0.146,0.146
29880,0.146,0.146,0.146
29881,0.144,0.144,0.144
29882,0.136,0.136,0.136
29883,0.132,0.132,0.132
29884,0.118,0.118,0.118
29885,0.13,0.13,0.13
29886,0.106,0.106,0.106
29887,0.116,0.116,0.116
29888,0.126,0.126,0.126
29889,0.12,0.12,0.12
29890,0.14,0.14,0.14
29891,0.126,0.126,0.126
29892,0.122,0.122,0.122
29893,0.118,0.118,0.118
29894,0.106,0.106,0.106
29895,0.118,0.118,0.118
29896,0.12,0.12,0.12
29897,0.108,0.108,0.108
29898,0.124,0.124,0.124
29899,0.126,0.126,0.126
29900,0.106,0.106,0.106
29901,0.098,0.098,0.098
29902,0.106,0.106,0.106
29903,0.116,0.116,0.116
29904,0.116,0.116,0.116
29905,0.13,0.13,0.13
29906,0.148,0.148,0.148
29907,0.154,0.154,0.154
29908,0.134,0.134,0.134
29909,0.154,0.154,0.154
29910,0.132,0.132,0.132
29911,0.126,0.126,0.126
29912,0.122,0.122,0.122
29913,0.134,0.134,0.134
29914,0.142,0.142,0.142
29915,0.136,0.136,0.136
29916,0.122,0.122,0.122
29917,0.16,0.16,0.16
29918,0.188,0.188,0.188
29919,0.154,0.154,0.154
29920,0.188,0.188,0.188
29921,0.17,0.17,0.17
29922,0.174,0.174,0.174
29923,0.17,0.17,0.17
29924,0.162,0.162,0.162
29925,0.158,0.158,0.158
29926,0.156,0.156,0.156
29927,0.164,0.164,0.164
29928,0.16,0.16,0.16
29929,0.164,0.164,0.164
29930,0.112,0.112,0.112
29931,0.154,0.154,0.154
29932,0.154,0.154,0.154
29933,0.154,0.154,0.154
29934,0.158,0.158,0.158
29935,0.156,0.156,0.156
29936,0.156,0.156,0.156
29937,0.16,0.16,0.16
29938,0.138,0.138,0.138
29939,0.15,0.15,0.15
29940,0.154,0.154,0.154
29941,0.162,0.162,0.162
29942,0.172,0.172,0.172
29943,0.17,0.17,0.17
29944,0.19,0.19,0.19
29945,0.23,0.23,0.23
29946,0.274,0.274,0.274
29947,0.246,0.246,0.246
29948,0.24,0.24,0.24
29949,0.276,0.276,0.276
29950,0.308,0.308,0.308
29951,0.248,0.248,0.248
29952,0.264,0.264,0.264
29953,0.262,0.262,0.262
29954,0.304,0.304,0.304
29955,0.302,0.302,0.302
29956,0.29,0.29,0.29
29957,0.246,0.246,0.246
29958,0.248,0.248,0.248
29959,0.244,0.244,0.244
29960,0.222,0.222,0.222
29961,0.228,0.228,0.228
29962,0.234,0.234,0.234
29963,0.238,0.238,0.238
29964,0.246,0.246,0.246
29965,0.242,0.242,0.242
29966,0.248,0.248,0.248
29967,0.238,0.238,0.238
29968,0.25,0.25,0.25
29969,0.248,0.248,0.248
29970,0.248,0.248,0.248
29971,0.278,0.278,0.278
29972,0.268,0.268,0.268
29973,0.274,0.274,0.274
29974,0.272,0.272,0.272
29975,0.276,0.276,0.276
29976,0.28,0.28,0.28
29977,0.288,0.288,0.288
29978,0.302,0.302,0.302
29979,0.298,0.298,0.298
29980,0.31,0.31,0.31
29981,0.312,0.312,0.312
29982,0.358,0.358,0.358
29983,0.342,0.342,0.342
29984,0.338,0.338,0.338
29985,0.338,0.338,0.338
29986,0.344,0.344,0.344
29987,0.342,0.342,0.342
29988,0.33,0.33,0.33
29989,0.332,0.332,0.332
29990,0.342,0.342,0.342
29991,0.336,0.336,0.336
29992,0.382,0.382,0.382
29993,0.368,0.368,0.368
29994,0.35,0.35,0.35
29995,0.376,0.376,0.376
29996,0.406,0.406,0.406
29997,0.39,0.39,0.39
29998,0.39,0.39,0.39
29999,0.372,0.372,0.372
30000,0.368,0.368,0.368
30001,0.38,0.38,0.38
30002,0.368,0.368,0.368
30003,0.372,0.372,0.372
30004,0.358,0.358,0.358
30005,0.366,0.366,0.366
30006,0.372,0.372,0.372
30007,0.382,0.382,0.382
30008,0.388,0.388,0.388
30009,0.39,0.39,0.39
30010,0.382,0.382,0.382
30011,0.386,0.386,0.386
30012,0.416,0.416,0.416
30013,0.406,0.406,0.406
30014,0.406,0.406,0.406
30015,0.404,0.404,0.404
30016,0.404,0.404,0.404
30017,0.402,0.402,0.402
30018,0.404,0.404,0.404
30019,0.426,0.426,0.426
30020,0.422,0.422,0.422
30021,0.418,0.418,0.418
30022,0.418,0.418,0.418
30023,0.412,0.412,0.412
30024,0.414,0.414,0.414
30025,0.398,0.398,0.398
30026,0.388,0.388,0.388
30027,0.39,0.39,0.39
30028,0.378,0.378,0.378
30029,0.374,0.374,0.374
30030,0.384,0.384,0.384
30031,0.446,0.446,0.446
30032,0.432,0.432,0.432
30033,0.442,0.442,0.442
30034,0.44,0.44,0.44
30035,0.432,0.432,0.432
30036,0.436,0.436,0.436
30037,0.432,0.432,0.432
30038,0.43,0.296,0.296
30039,0.43,0.282,0.282
30040,0.41,0.268,0.268
30041,0.422,0.24,0.24
30042,0.43,0.224,0.224
30043,0.426,0.218,0.218
30044,0.42,0.184,0.184
30045,0.434,0.182,0.182
30046,0.422,0.17,0.17
30047,0.428,0.166,0.166
30048,0.44,0.152,0.152
30049,0.428,0.148,0.148
30050,0.428,0.12,0.12
30051,0.418,0.116,0.116
30052,0.41,0.102,0.102
30053,0.416,0.066,0.066
30054,0.402,0.042,0.042
30055,0.398,0.036,0.036
30056,0.394,0.02,0.02
30057,0.396,0.018,0.018
30058,0.384,0.016,0.016
30059,0.378,0.016,0.016
30060,0.37,0.01,0.01
30061,0.36,0.01,0.01
30062,0.35,0.004,0.004
30063,0.35,0.004,0.004
30064,0.346,0.004,0.004
30065,0.342,0.004,0.004
30066,0.336,0,0
30067,0.332,0,0
30068,0.326,0,0
30069,0.314,0,0
30070,0.318,0,0
30071,0.312,0,0
30072,0.294,0,0
30073,0.292,0,0
30074,0.294,0,0
30075,0.288,0,0
30076,0.284,0,0
30077,0.292,0,0
30078,0.306,0,0
30079,0.296,0,0
30080,0.282,0,0
30081,0.268,0,0
30082,0.24,0,0
30083,0.224,0,0
30084,0.218,0,0
30085,0.184,0,0
30086,0.182,0,0
30087,0.17,0,0
30088,0.166,0,0
30089,0.152,0,0
30090,0.148,0,0
30091,0.12,0,0
30092,0.116,0,0
30093,0.102,0,0
30094,0.066,0,0
30095,0.042,0,0
30096,0.036,0,0
30097,0.02,0,0
30098,0.018,0,0
30099,0.016,0,0
30100,0.016,0,0
30101,0.01,0,0
30102,0.01,0,0
30103,0.004,0,0
30104,0.004,0,0
30105,0.004,0,0
30106,0.004,0,0
30107,0,0,0
30108,0,0,0
30109,0,0,0
30110,0,0,0
30111,0,0,0
30112,0,0,0
30113,0,0,0
30114,0,0,0
30115,0,0,0
30116,0,0,0
30117,0,0,0
30118,0,0,0
30119,0,0,0
30120,0,0,0
30121,0,0,0
30122,0,0,0
30123,0,0,0
30124,0,0,0
30125,0,0,0
30126,0,0,0
30127,0,0,0
30128,0,0,0
30129,0,0,0
30130,0,0,0
30131,0,0,0
30132,0,0,0
30133,0,0,0
30134,0,0,0
30135,0,0,0
30136,0,0,0
30137,0,0,0
30138,0,0,0
30139,0,0,0
30140,0,0,0
30141,0,0,0
30142,0,0,0
30143,0,0,0
30144,0,0,0
30145,0,0,0
30146,0,0,0
30147,0,0,0
30148,0,0,0
30149,0,0,0
30150,0,0,0
30151,0,0,0
30152,0,0,0
30153,0,0,0
30154,0,0,0
30155,0,0,0
30156,0,0,0
30157,0.008,0.008,0.008
30158,0,0,0
30159,0,0,0
30160,0,0,0
30161,0,0,0
30162,0,0,0
30163,0,0,0
30164,0,0,0
30165,0,0,0
30166,0,0,0
30167,0,0,0
30168,0,0,0
30169,0,0,0
30170,0,0,0
30171,0,0,0
30172,0,0,0
30173,0,0,0
30174,0,0,0
30175,0,0,0
30176,0,0,0
30177,0,0,0
30178,0,0,0
30179,0,0,0
30180,0,0,0
30181,0,0,0
30182,0,0,0
30183,0,0,0
30184,0,0,0
30185,0,0,0
30186,0,0,0
30187,0.004,0.004,0.004
30188,0,0,0
30189,0,0,0
30190,0,0,0
30191,0,0,0
30192,0,0,0
30193,0,0,0
30194,0,0,0
30195,0,0,0
30196,0,0,0
30197,0,0,0
30198,0,0,0
30199,0.004,0.004,0.004
30200,0.01,0.01,0.01
30201,0.014,0.014,0.014
30202,0.018,0.018,0.018
30203,0.02,0.02,0.02
30204,0.018,0.018,0.018
30205,0.018,0.018,0.018
30206,0.052,0.052,0.052
30207,0.052,0.052,0.052
30208,0.052,0.052,0.052
30209,0.046,0.046,0.046
30210,0.044,0.044,0.044
30211,0.044,0.044,0.044
30212,0.05,0.05,0.05
30213,0.046,0.046,0.046
30214,0.044,0.044,0.044
30215,0.038,0.038,0.038
30216,0.038,0.038,0.038
30217,0.038,0.038,0.038
30218,0.048,0.048,0.048
30219,0.058,0.058,0.058
30220,0.068,0.068,0.068
30221,0.058,0.058,0.058
30222,0.054,0.054,0.054
30223,0.05,0.05,0.05
30224,0.072,0.072,0.072
30225,0.088,0.088,0.088
30226,0.11,0.11,0.11
30227,0.098,0.098,0.098
30228,0.112,0.112,0.112
30229,0.104,0.104,0.104
30230,0.134,0.134,0.134
30231,0.14,0.14,0.14
30232,0.122,0.122,0.122
30233,0.118,0.118,0.118
30234,0.12,0.12,0.12
30235,0.106,0.106,0.106
30236,0.072,0.072,0.072
30237,0.054,0.054,0.054
30238,0.054,0.054,0.054
30239,0.12,0.12,0.12
30240,0.168,0.168,0.168
30241,0.15,0.15,0.15
30242,0.128,0.128,0.128
30243,0.124,0.124,0.124
30244,0.146,0.146,0.146
30245,0.146,0.146,0.146
30246,0.144,0.144,0.144
30247,0.136,0.136,0.136
30248,0.132,0.132,0.132
30249,0.118,0.118,0.118
30250,0.13,0.13,0.13
30251,0.106,0.106,0.106
30252,0.116,0.116,0.116
30253,0.126,0.126,0.126
30254,0.12,0.12,0.12
30255,0.14,0.14,0.14
30256,0.126,0.126,0.126
30257,0.122,0.122,0.122
30258,0.118,0.118,0.118
30259,0.106,0.106,0.106
30260,0.118,0.118,0.118
30261,0.12,0.12,0.12
30262,0.108,0.108,0.108
30263,0.124,0.124,0.124
30264,0.126,0.126,0.126
30265,0.106,0.106,0.106
30266,0.098,0.098,0.098
30267,0.106,0.106,0.106
30268,0.116,0.116,0.116
30269,0.116,0.116,0.116
30270,0.13,0.13,0.13
30271,0.148,0.148,0.148
30272,0.154,0.154,0.154
30273,0.134,0.134,0.134
30274,0.154,0.154,0.154
30275,0.132,0.132,0.132
30276,0.126,0.126,0.126
30277,0.122,0.122,0.122
30278,0.134,0.134,0.134
30279,0.142,0.142,0.142
30280,0.136,0.136,0.136
30281,0.122,0.122,0.122
30282,0.16,0.16,0.16
30283,0.188,0.188,0.188
30284,0.154,0.154,0.154
30285,0.188,0.188,0.188
30286,0.17,0.17,0.17
30287,0.174,0.174,0.174
30288,0.17,0.17,0.17
30289,0.162,0.162,0.162
30290,0.158,0.158,0.158
30291,0.156,0.156,0.156
30292,0.164,0.164,0.164
30293,0.16,0.16,0.16
30294,0.164,0.164,0.164
30295,0.112,0.112,0.112
30296,0.154,0.154,0.154
30297,0.154,0.154,0.154
30298,0.154,0.154,0.154
30299,0.158,0.158,0.158
30300,0.156,0.156,0.156
30301,0.156,0.156,0.156
30302,0.16,0.16,0.16
30303,0.138,0.138,0.138
30304,0.15,0.15,0.15
30305,0.154,0.154,0.154
30306,0.162,0.162,0.162
30307,0.172,0.172,0.172
30308,0.17,0.17,0.17
30309,0.19,0.19,0.19
30310,0.23,0.23,0.23
30311,0.274,0.274,0.274
30312,0.246,0.246,0.246
30313,0.24,0.24,0.24
30314,0.276,0.276,0.276
30315,0.308,0.308,0.308
30316,0.248,0.248,0.248
30317,0.264,0.264,0.264
30318,0.262,0.262,0.262
30319,0.304,0.304,0.304
30320,0.302,0.302,0.302
30321,0.29,0.29,0.29
30322,0.246,0.246,0.246
30323,0.248,0.248,0.248
30324,0.244,0.244,0.244
30325,0.222,0.222,0.222
30326,0.228,0.228,0.228
30327,0.234,0.234,0.234
30328,0.238,0.238,0.238
30329,0.246,0.246,0.246
30330,0.242,0.242,0.242
30331,0.248,0.248,0.248
30332,0.238,0.238,0.238
30333,0.25,0.25,0.25
30334,0.248,0.248,0.248
30335,0.248,0.248,0.248
30336,0.278,0.278,0.278
30337,0.268,0.268,0.268
30338,0.274,0.274,0.274
30339,0.272,0.272,0.272
30340,0.276,0.276,0.276
30341,0.28,0.28,0.28
30342,0.288,0.288,0.288
30343,0.302,0.302,0.302
30344,0.298,0.298,0.298
30345,0.31,0.31,0.31
30346,0.312,0.312,0.312
30347,0.358,0.358,0.358
30348,0.342,0.342,0.342
30349,0.338,0.338,0.338
30350,0.338,0.338,0.338
30351,0.344,0.344,0.344
30352,0.342,0.342,0.342
30353,0.33,0.33,0.33
30354,0.332,0.332,0.332
30355,0.342,0.342,0.342
30356,0.336,0.336,0.336
30357,0.382,0.382,0.382
30358,0.368,0.368,0.368
30359,0.35,0.35,0.35
30360,0.376,0.376,0.376
30361,0.406,0.406,0.406
30362,0.39,0.39,0.39
30363,0.39,0.39,0.39
30364,0.372,0.372,0.372
30365,0.368,0.368,0.368
30366,0.38,0.38,0.38
30367,0.368,0.368,0.368
30368,0.372,0.372,0.372
30369,0.358,0.358,0.358
30370,0.366,0.366,0.366
30371,0.372,0.372,0.372
30372,0.382,0.382,0.382
30373,0.388,0.388,0.388
30374,0.39,0.39,0.39
30375,0.382,0.382,0.382
30376,0.386,0.386,0.386
30377,0.416,0.416,0.416
30378,0.406,0.406,0.406
30379,0.406,0.406,0.406
30380,0.404,0.404,0.404
30381,0.404,0.404,0.404
30382,0.402,0.402,0.402
30383,0.404,0.404,0.404
30384,0.426,0.426,0.426
30385,0.422,0.422,0.422
30386,0.418,0.418,0.418
30387,0.418,0.418,0.418
30388,0.412,0.412,0.412
30389,0.414,0.414,0.414
30390,0.398,0.398,0.398
30391,0.388,0.388,0.388
30392,0.39,0.39,0.39
30393,0.378,0.378,0.378
30394,0.374,0.374,0.374
30395,0.384,0.384,0.384
30396,0.446,0.446,0.446
30397,0.432,0.432,0.432
30398,0.442,0.442,0.442
30399,0.44,0.44,0.44
30400,0.432,0.432,0.432
30401,0.436,0.436,0.436
30402,0.432,0.432,0.432
30403,0.43,0.296,0.296
30404,0.43,0.282,0.282
30405,0.41,0.268,0.268
30406,0.422,0.24,0.24
30407,0.43,0.224,0.224
30408,0.426,0.218,0.218
30409,0.42,0.184,0.184
30410,0.434,0.182,0.182
30411,0.422,0.17,0.17
30412,0.428,0.166,0.166
30413,0.44,0.152,0.152
30414,0.428,0.148,0.148
30415,0.428,0.12,0.12
30416,0.418,0.116,0.116
30417,0.41,0.102,0.102
30418,0.416,0.066,0.066
30419,0.402,0.042,0.042
30420,0.398,0.036,0.036
30421,0.394,0.02,0.02
30422,0.396,0.018,0.018
30423,0.384,0.016,0.016
30424,0.378,0.016,0.016
30425,0.37,0.01,0.01
30426,0.36,0.01,0.01
30427,0.35,0.004,0.004
30428,0.35,0.004,0.004
30429,0.346,0.004,0.004
30430,0.342,0.004,0.004
30431,0.336,0,0
30432,0.332,0,0
30433,0.326,0,0
30434,0.314,0,0
30435,0.318,0,0
30436,0.312,0,0
30437,0.294,0,0
30438,0.292,0,0
30439,0.294,0,0
30440,0.288,0,0
30441,0.284,0,0
30442,0.292,0,0
30443,0.306,0,0
30444,0.296,0,0
30445,0.282,0,0
30446,0.268,0,0
30447,0.24,0,0
30448,0.224,0,0
30449,0.218,0,0
30450,0.184,0,0
30451,0.182,0,0
30452,0.17,0,0
30453,0.166,0,0
30454,0.152,0,0
30455,0.148,0,0
30456,0.12,0,0
30457,0.116,0,0
30458,0.102,0,0
30459,0.066,0,0
30460,0.042,0,0
30461,0.036,0,0
30462,0.02,0,0
30463,0.018,0,0
30464,0.016,0,0
30465,0.016,0,0
30466,0.01,0,0
30467,0.01,0,0
30468,0.004,0,0
30469,0.004,0,0
30470,0.004,0,0
30471,0.004,0,0
30472,0,0,0
30473,0,0,0
30474,0,0,0
30475,0,0,0
30476,0,0,0
30477,0,0,0
30478,0,0,0
30479,0,0,0
30480,0,0,0
30481,0,0,0
30482,0,0,0
30483,0,0,0
30484,0,0,0
30485,0,0,0
30486,0,0,0
30487,0,0,0
30488,0,0,0
30489,0,0,0
30490,0,0,0
30491,0,0,0
30492,0,0,0
30493,0,0,0
30494,0,0,0
30495,0,0,0
30496,0,0,0
30497,0,0,0
30498,0,0,0
30499,0,0,0
30500,0,0,0
30501,0,0,0
30502,0,0,0
30503,0,0,0
30504,0,0,0
30505,0,0,0
30506,0,0,0
30507,0,0,0
30508,0,0,0
30509,0,0,0
30510,0,0,0
30511,0,0,0
30512,0,0,0
30513,0,0,0
30514,0,0,0
30515,0,0,0
30516,0,0,0
30517,0,0,0
30518,0,0,0
30519,0,0,0
30520,0,0,0
30521,0,0,0
30522,0.008,0.008,0.008
30523,0,0,0
30524,0,0,0
30525,0,0,0
30526,0,0,0
30527,0,0,0
30528,0,0,0
30529,0,0,0
30530,0,0,0
30531,0,0,0
30532,0,0,0
30533,0,0,0
30534,0,0,0
30535,0,0,0
30536,0,0,0
30537,0,0,0
30538,0,0,0
30539,0,0,0
30540,0,0,0
30541,0,0,0
30542,0,0,0
30543,0,0,0
30544,0,0,0
30545,0,0,0
30546,0,0,0
30547,0,0,0
30548,0,0,0
30549,0,0,0
30550,0,0,0
30551,0,0,0
30552,0.004,0.004,0.004
30553,0,0,0
30554,0,0,0
30555,0,0,0
30556,0,0,0
30557,0,0,0
30558,0,0,0
30559,0,0,0
30560,0,0,0
30561,0,0,0
30562,0,0,0
30563,0,0,0
30564,0.004,0.004,0.004
30565,0.01,0.01,0.01
30566,0.014,0.014,0.014
30567,0.018,0.018,0.018
30568,0.02,0.02,0.02
30569,0.018,0.018,0.018
30570,0.018,0.018,0.018
30571,0.052,0.052,0.052
30572,0.052,0.052,0.052
30573,0.052,0.052,0.052
30574,0.046,0.046,0.046
30575,0.044,0.044,0.044
30576,0.044,0.044,0.044
30577,0.05,0.05,0.05
30578,0.046,0.046,0.046
30579,0.044,0.044,0.044
30580,0.038,0.038,0.038
30581,0.038,0.038,0.038
30582,0.038,0.038,0.038
30583,0.048,0.048,0.048
30584,0.058,0.058,0.058
30585,0.068,0.068,0.068
30586,0.058,0.058,0.058
30587,0.054,0.054,0.054
30588,0.05,0.05,0.05
30589,0.072,0.072,0.072
30590,0.088,0.088,0.088
30591,0.11,0.11,0.11
30592,0.098,0.098,0.098
30593,0.112,0.112,0.112
30594,0.104,0.104,0.104
30595,0.134,0.134,0.134
30596,0.14,0.14,0.14
30597,0.122,0.122,0.122
30598,0.118,0.118,0.118
30599,0.12,0.12,0.12
30600,0.106,0.106,0.106
30601,0.072,0.072,0.072
30602,0.054,0.054,0.054
30603,0.054,0.054,0.054
30604,0.12,0.12,0.12
30605,0.168,0.168,0.168
30606,0.15,0.15,0.15
30607,0.128,0.128,0.128
30608,0.124,0.124,0.124
30609,0.146,0.146,0.146
30610,0.146,0.146,0.146
30611,0.144,0.144,0.144
30612,0.136,0.136,0.136
30613,0.132,0.132,0.132
30614,0.118,0.118,0.118
30615,0.13,0.13,0.13
30616,0.106,0.106,0.106
30617,0.116,0.116,0.116
30618,0.126,0.126,0.126
30619,0.12,0.12,0.12
30620,0.14,0.14,0.14
30621,0.126,0.126,0.126
30622,0.122,0.122,0.122
30623,0.118,0.118,0.118
30624,0.106,0.106,0.106
30625,0.118,0.118,0.118
30626,0.12,0.12,0.12
30627,0.108,0.108,0.108
30628,0.124,0.124,0.124
30629,0.126,0.126,0.126
30630,0.106,0.106,0.106
30631,0.098,0.098,0.098
30632,0.106,0.106,0.106
30633,0.116,0.116,0.116
30634,0.116,0.116,0.116
30635,0.13,0.13,0.13
30636,0.148,0.148,0.148
30637,0.154,0.154,0.154
30638,0.134,0.134,0.134
30639,0.154,0.154,0.154
30640,0.132,0.132,0.132
30641,0.126,0.126,0.126
30642,0.122,0.122,0.122
30643,0.134,0.134,0.134
30644,0.142,0.142,0.142
30645,0.136,0.136,0.136
30646,0.122,0.122,0.122
30647,0.16,0.16,0.16
30648,0.188,0.188,0.188
30649,0.154,0.154,0.154
30650,0.188,0.188,0.188
30651,0.17,0.17,0.17
30652,0.174,0.174,0.174
30653,0.17,0.17,0.17
30654,0.162,0.162,0.162
30655,0.158,0.158,0.158
30656,0.156,0.156,0.156
30657,0.164,0.164,0.164
30658,0.16,0.16,0.16
30659,0.164,0.164,0.164
30660,0.112,0.112,0.112
30661,0.154,0.154,0.154
30662,0.154,0.154,0.154
30663,0.154,0.154,0.154
30664,0.158,0.158,0.158
30665,0.156,0.156,0.156
30666,0.156,0.156,0.156
30667,0.16,0.16,0.16
30668,0.138,0.138,0.138
30669,0.15,0.15,0.15
30670,0.154,0.154,0.154
30671,0.162,0.162,0.162
30672,0.172,0.172,0.172
30673,0.17,0.17,0.17
30674,0.19,0.19,0.19
30675,0.23,0.23,0.23
30676,0.274,0.274,0.274
30677,0.246,0.246,0.246
30678,0.24,0.24,0.24
30679,0.276,0.276,0.276
30680,0.308,0.308,0.308
30681,0.248,0.248,0.248
30682,0.264,0.264,0.264
30683,0.262,0.262,0.262
30684,0.304,0.304,0.304
30685,0.302,0.302,0.302
30686,0.29,0.29,0.29
30687,0.246,0.246,0.246
30688,0.248,0.248,0.248
30689,0.244,0.244,0.244
30690,0.222,0.222,0.222
30691,0.228,0.228,0.228
30692,0.234,0.234,0.234
30693,0.238,0.238,0.238
30694,0.246,0.246,0.246
30695,0.242,0.242,0.242
30696,0.248,0.248,0.248
30697,0.238,0.238,0.238
30698,0.25,0.25,0.25
30699,0.248,0.248,0.248
30700,0.248,0.248,0.248
30701,0.278,0.278,0.278
30702,0.268,0.268,0.268
30703,0.274,0.274,0.274
30704,0.272,0.272,0.272
30705,0.276,0.276,0.276
30706,0.28,0.28,0.28
30707,0.288,0.288,0.288
30708,0.302,0.302,0.302
30709,0.298,0.298,0.298
30710,0.31,0.31,0.31
30711,0.312,0.312,0.312
30712,0.358,0.358,0.358
30713,0.342,0.342,0.342
30714,0.338,0.338,0.338
30715,0.338,0.338,0.338
30716,0.344,0.344,0.344
30717,0.342,0.342,0.342
30718,0.33,0.33,0.33
30719,0.332,0.332,0.332
30720,0.342,0.342,0.342
30721,0.336,0.336,0.336
30722,0.382,0.382,0.382
30723,0.368,0.368,0.368
30724,0.35,0.35,0.35
30725,0.376,0.376,0.376
30726,0.406,0.406,0.406
30727,0.39,0.39,0.39
30728,0.39,0.39,0.39
30729,0.372,0.372,0.372
30730,0.368,0.368,0.368
30731,0.38,0.38,0.38
30732,0.368,0.368,0.368
30733,0.372,0.372,0.372
30734,0.358,0.358,0.358
30735,0.366,0.366,0.366
30736,0.372,0.372,0.372
30737,0.382,0.382,0.382
30738,0.388,0.388,0.388
30739,0.39,0.39,0.39
30740,0.382,0.382,0.382
30741,0.386,0.386,0.386
30742,0.416,0.416,0.416
30743,0.406,0.406,0.406
30744,0.406,0.406,0.406
30745,0.404,0.404,0.404
30746,0.404,0.404,0.404
30747,0.402,0.402,0.402
30748,0.404,0.404,0.404
30749,0.426,0.426,0.426
30750,0.422,0.422,0.422
30751,0.418,0.418,0.418
30752,0.418,0.418,0.418
30753,0.412,0.412,0.412
30754,0.414,0.414,0.414
30755,0.398,0.398,0.398
30756,0.388,0.388,0.388
30757,0.39,0.39,0.39
30758,0.378,0.378,0.378
30759,0.374,0.374,0.374
30760,0.384,0.384,0.384
30761,0.446,0.446,0.446
30762,0.432,0.432,0.432
30763,0.442,0.442,0.442
30764,0.44,0.44,0.44
30765,0.432,0.432,0.432
30766,0.436,0.436,0.436
30767,0.432,0.296,0.296
30768,0.43,0.282,0.282
30769,0.43,0.268,0.268
30770,0.41,0.24,0.24
30771,0.422,0.224,0.224
30772,0.43,0.218,0.218
30773,0.426,0.184,0.184
30774,0.42,0.182,0.182
30775,0.434,0.17,0.17
30776,0.422,0.166,0.166
30777,0.428,0.152,0.152
30778,0.44,0.148,0.148
30779,0.428,0.12,0.12
30780,0.428,0.116,0.116
30781,0.418,0.102,0.102
30782,0.41,0.066,0.066
30783,0.416,0.042,0.042
30784,0.402,0.036,0.036
30785,0.398,0.02,0.02
30786,0.394,0.018,0.018
30787,0.396,0.016,0.016
30788,0.384,0.016,0.016
30789,0.378,0.01,0.01
30790,0.37,0.01,0.01
30791,0.36,0.004,0.004
30792,0.35,0.004,0.004
30793,0.35,0.004,0.004
30794,0.346,0.004,0.004
30795,0.342,0,0
30796,0.336,0,0
30797,0.332,0,0
30798,0.326,0,0
30799,0.314,0,0
30800,0.318,0,0
30801,0.312,0,0
30802,0.294,0,0
30803,0.292,0,0
30804,0.294,0,0
30805,0.288,0,0
30806,0.284,0,0
30807,0.292,0,0
30808,0.306,0,0
30809,0.296,0,0
30810,0.282,0,0
30811,0.268,0,0
30812,0.24,0,0
30813,0.224,0,0
30814,0.218,0,0
30815,0.184,0,0
30816,0.182,0,0
30817,0.17,0,0
30818,0.166,0,0
30819,0.152,0,0
30820,0.148,0,0
30821,0.12,0,0
30822,0.116,0,0
30823,0.102,0,0
30824,0.066,0,0
30825,0.042,0,0
30826,0.036,0,0
30827,0.02,0,0
30828,0.018,0,0
30829,0.016,0,0
30830,0.016,0,0
30831,0.01,0,0
30832,0.01,0,0
30833,0.004,0,0
30834,0.004,0,0
30835,0.004,0,0
30836,0.004,0,0
30837,0,0,0
30838,0,0,0
30839,0,0,0
30840,0,0,0
30841,0,0,0
30842,0,0,0
30843,0,0,0
30844,0,0,0
30845,0,0,0
30846,0,0,0
30847,0,0,0
30848,0,0,0
30849,0,0,0
30850,0,0,0
30851,0,0,0
30852,0,0,0
30853,0,0,0
30854,0,0,0
30855,0,0,0
30856,0,0,0
30857,0,0,0
30858,0,0,0
30859,0,0,0
30860,0,0,0
30861,0,0,0
30862,0,0,0
30863,0,0,0
30864,0,0,0
30865,0,0,0
30866,0,0,0
30867,0,0,0
30868,0,0,0
30869,0,0,0
30870,0,0,0
30871,0,0,0
30872,0,0,0
30873,0,0,0
30874,0,0,0
30875,0,0,0
30876,0,0,0
30877,0,0,0
30878,0,0,0
30879,0,0,0
30880,0,0,0
30881,0,0,0
30882,0,0,0
30883,0,0,0
30884,0,0,0
30885,0,0,0
30886,0,0,0
30887,0.008,0.008,0.008
30888,0,0,0
30889,0,0,0
30890,0,0,0
30891,0,0,0
30892,0,0,0
30893,0,0,0
30894,0,0,0
30895,0,0,0
30896,0,0,0
30897,0,0,0
30898,0,0,0
30899,0,0,0
30900,0,0,0
30901,0,0,0
30902,0,0,0
30903,0,0,0
30904,0,0,0
30905,0,0,0
30906,0,0,0
30907,0,0,0
30908,0,0,0
30909,0,0,0
30910,0,0,0
30911,0,0,0
30912,0,0,0
30913,0,0,0
30914,0,0,0
30915,0,0,0
30916,0,0,0
30917,0.004,0.004,0.004
30918,0,0,0
30919,0,0,0
30920,0,0,0
30921,0,0,0
30922,0,0,0
30923,0,0,0
30924,0,0,0
30925,0,0,0
30926,0,0,0
30927,0,0,0
30928,0,0,0
30929,0.004,0.004,0.004
30930,0.01,0.01,0.01
30931,0.014,0.014,0.014
30932,0.018,0.018,0.018
30933,0.02,0.02,0.02
30934,0.018,0.018,0.018
30935,0.018,0.018,0.018
30936,0.052,0.052,0.052
30937,0.052,0.052,0.052
30938,0.052,0.052,0.052
30939,0.046,0.046,0.046
30940,0.044,0.044,0.044
30941,0.044,0.044,0.044
30942,0.05,0.05,0.05
30943,0.046,0.046,0.046
30944,0.044,0.044,0.044
30945,0.038,0.038,0.038
30946,0.038,0.038,0.038
30947,0.038,0.038,0.038
30948,0.048,0.048,0.048
30949,0.058,0.058,0.058
30950,0.068,0.068,0.068
30951,0.058,0.058,0.058
30952,0.054,0.054,0.054
30953,0.05,0.05,0.05
30954,0.072,0.072,0.072
30955,0.088,0.088,0.088
30956,0.11,0.11,0.11
30957,0.098,0.098,0.098
30958,0.112,0.112,0.112
30959,0.104,0.104,0.104
30960,0.134,0.134,0.134
30961,0.14,0.14,0.14
30962,0.122,0.122,0.122
30963,0.118,0.118,0.118
30964,0.12,0.12,0.12
30965,0.106,0.106,0.106
30966,0.072,0.072,0.072
30967,0.054,0.054,0.054
30968,0.054,0.054,0.054
30969,0.12,0.12,0.12
30970,0.168,0.168,0.168
30971,0.15,0.15,0.15
30972,0.128,0.128,0.128
30973,0.124,0.124,0.124
30974,0.146,0.146,0.146
30975,0.146,0.146,0.146
30976,0.144,0.144,0.144
30977,0.136,0.136,0.136
30978,0.132,0.132,0.132
30979,0.118,0.118,0.118
30980,0.13,0.13,0.13
30981,0.106,0.106,0.106
30982,0.116,0.116,0.116
30983,0.126,0.126,0.126
30984,0.12,0.12,0.12
30985,0.14,0.14,0.14
30986,0.126,0.126,0.126
30987,0.122,0.122,0.122
30988,0.118,0.118,0.118
30989,0.106,0.106,0.106
30990,0.118,0.118,0.118
30991,0.12,0.12,0.12
30992,0.108,0.108,0.108
30993,0.124,0.124,0.124
30994,0.126,0.126,0.126
30995,0.106,0.106,0.106
30996,0.098,0.098,0.098
30997,0.106,0.106,0.106
30998,0.116,0.116,0.116
30999,0.116,0.116,0.116
31000,0.13,0.13,0.13
31001,0.148,0.148,0.148
31002,0.154,0.154,0.154
31003,0.134,0.134,0.134
31004,0.154,0.154,0.154
31005,0.132,0.132,0.132
31006,0.126,0.126,0.126
31007,0.122,0.122,0.122
31008,0.134,0.134,0.134
31009,0.142,0.142,0.142
31010,0.136,0.136,0.136
31011,0.122,0.122,0.122
31012,0.16,0.16,0.16
31013,0.188,0.188,0.188
31014,0.154,0.154,0.154
31015,0.188,0.188,0.188
31016,0.17,0.17,0.17
31017,0.174,0.174,0.174
31018,0.17,0.17,0.17
31019,0.162,0.162,0.162
31020,0.158,0.158,0.158
31021,0.156,0.156,0.156
31022,0.164,0.164,0.164
31023,0.16,0.16,0.16
31024,0.164,0.164,0.164
31025,0.112,0.112,0.112
31026,0.154,0.154,0.154
31027,0.154,0.154,0.154
31028,0.154,0.154,0.154
31029,0.158,0.158,0.158
31030,0.156,0.156,0.156
31031,0.156,0.156,0.156
31032,0.16,0.16,0.16
31033,0.138,0.138,0.138
31034,0.15,0.15,0.15
31035,0.154,0.154,0.154
31036,0.162,0.162,0.162
31037,0.172,0.172,0.172
31038,0.17,0.17,0.17
31039,0.19,0.19,0.19
31040,0.23,0.23,0.23
31041,0.274,0.274,0.274
31042,0.246,0.246,0.246
31043,0.24,0.24,0.24
31044,0.276,0.276,0.276
31045,0.308,0.308,0.308
31046,0.248,0.248,0.248
31047,0.264,0.264,0.264
31048,0.262,0.262,0.262
31049,0.304,0.304,0.304
31050,0.302,0.302,0.302
31051,0.29,0.29,0.29
31052,0.246,0.246,0.246
31053,0.248,0.248,0.248
31054,0.244,0.244,0.244
31055,0.222,0.222,0.222
31056,0.228,0.228,0.228
31057,0.234,0.234,0.234
31058,0.238,0.238,0.238
31059,0.246,0.246,0.246
31060,0.242,0.242,0.242
31061,0.248,0.248,0.248
31062,0.238,0.238,0.238
31063,0.25,0.25,0.25
31064,0.248,0.248,0.248
31065,0.248,0.248,0.248
31066,0.278,0.278,0.278
31067,0.268,0.268,0.268
31068,0.274,0.274,0.274
31069,0.272,0.272,0.272
31070,0.276,0.276,0.276
31071,0.28,0.28,0.28
31072,0.288,0.288,0.288
31073,0.302,0.302,0.302
31074,0.298,0.298,0.298
31075,0.31,0.31,0.31
31076,0.312,0.312,0.312
31077,0.358,0.358,0.358
31078,0.342,0.342,0.342
31079,0.338,0.338,0.338
31080,0.338,0.338,0.338
31081,0.344,0.344,0.344
31082,0.342,0.342,0.342
31083,0.33,0.33,0.33
31084,0.332,0.332,0.332
31085,0.342,0.342,0.342
31086,0.336,0.336,0.336
31087,0.382,0.382,0.382
31088,0.368,0.368,0.368
31089,0.35,0.35,0.35
31090,0.376,0.376,0.376
31091,0.406,0.406,0.406
31092,0.39,0.39,0.39
31093,0.39,0.39,0.39
31094,0.372,0.372,0.372
31095,0.368,0.368,0.368
31096,0.38,0.38,0.38
31097,0.368,0.368,0.368
31098,0.372,0.372,0.372
31099,0.358,0.358,0.358
31100,0.366,0.366,0.366
31101,0.372,0.372,0.372
31102,0.382,0.382,0.382
31103,0.388,0.388,0.388
31104,0.39,0.39,0.39
31105,0.382,0.382,0.382
31106,0.386,0.386,0.386
31107,0.416,0.416,0.416
31108,0.406,0.406,0.406
31109,0.406,0.406,0.406
31110,0.404,0.404,0.404
31111,0.404,0.404,0.404
31112,0.402,0.402,0.402
31113,0.404,0.404,0.404
31114,0.426,0.426,0.426
31115,0.422,0.422,0.422
31116,0.418,0.418,0.418
31117,0.418,0.418,0.418
31118,0.412,0.412,0.412
31119,0.414,0.414,0.414
31120,0.398,0.398,0.398
31121,0.388,0.388,0.388
31122,0.39,0.39,0.39
31123,0.378,0.378,0.378
31124,0.374,0.374,0.374
31125,0.384,0.384,0.384
31126,0.446,0.446,0.446
31127,0.432,0.432,0.432
31128,0.442,0.442,0.442
31129,0.44,0.44,0.44
31130,0.432,0.432,0.432
31131,0.436,0.436,0.436
31132,0.432,0.296,0.296
31133,0.43,0.282,0.282
31134,0.43,0.268,0.268
31135,0.41,0.24,0.24
31136,0.422,0.224,0.224
31137,0.43,0.218,0.218
31138,0.426,0.184,0.184
31139,0.42,0.182,0.182
31140,0.434,0.17,0.17
31141,0.422,0.166,0.166
31142,0.428,0.152,0.152
31143,0.44,0.148,0.148
31144,0.428,0.12,0.12
31145,0.428,0.116,0.116
31146,0.418,0.102,0.102
31147,0.41,0.066,0.066
31148,0.416,0.042,0.042
31149,0.402,0.036,0.036
31150,0.398,0.02,0.02
31151,0.394,0.018,0.018
31152,0.396,0.016,0.016
31153,0.384,0.016,0.016
31154,0.378,0.01,0.01
31155,0.37,0.01,0.01
31156,0.36,0.004,0.004
31157,0.35,0.004,0.004
31158,0.35,0.004,0.004
31159,0.346,0.004,0.004
31160,0.342,0,0
31161,0.336,0,0
31162,0.332,0,0
31163,0.326,0,0
31164,0.314,0,0
31165,0.318,0,0
31166,0.312,0,0
31167,0.294,0,0
31168,0.292,0,0
31169,0.294,0,0
31170,0.288,0,0
31171,0.284,0,0
31172,0.292,0,0
31173,0.306,0,0
31174,0.296,0,0
31175,0.282,0,0
31176,0.268,0,0
31177,0.24,0,0
31178,0.224,0,0
31179,0.218,0,0
31180,0.184,0,0
31181,0.182,0,0
31182,0.17,0,0
31183,0.166,0,0
31184,0.152,0,0
31185,0.148,0,0
31186,0.12,0,0
31187,0.116,0,0
31188,0.102,0,0
31189,0.066,0,0
31190,0.042,0,0
31191,0.036,0,0
31192,0.02,0,0
31193,0.018,0,0
31194,0.016,0,0
31195,0.016,0,0
31196,0.01,0,0
31197,0.01,0,0
31198,0.004,0,0
31199,0.004,0,0
31200,0.004,0,0
31201,0.004,0,0
31202,0,0,0
31203,0,0,0
31204,0,0,0
31205,0,0,0
31206,0,0,0
31207,0,0,0
31208,0,0,0
31209,0,0,0
31210,0,0,0
31211,0,0,0
31212,0,0,0
31213,0,0,0
31214,0,0,0
31215,0,0,0
31216,0,0,0
31217,0,0,0
31218,0,0,0
31219,0,0,0
31220,0,0,0
31221,0,0,0
31222,0,0,0
31223,0,0,0
31224,0,0,0
31225,0,0,0
31226,0,0,0
31227,0,0,0
31228,0,0,0
31229,0,0,0
31230,0,0,0
31231,0,0,0
31232,0,0,0
31233,0,0,0
31234,0,0,0
31235,0,0,0
31236,0,0,0
31237,0,0,0
31238,0,0,0
31239,0,0,0
31240,0,0,0
31241,0,0,0
31242,0,0,0
31243,0,0,0
31244,0,0,0
31245,0,0,0
31246,0,0,0
31247,0,0,0
31248,0,0,0
31249,0,0,0
31250,0,0,0
31251,0,0,0
31252,0.008,0.008,0.008
31253,0,0,0
31254,0,0,0
31255,0,0,0
31256,0,0,0
31257,0,0,0
31258,0,0,0
31259,0,0,0
31260,0,0,0
31261,0,0,0
31262,0,0,0
31263,0,0,0
31264,0,0,0
31265,0,0,0
31266,0,0,0
31267,0,0,0
31268,0,0,0
31269,0,0,0
31270,0,0,0
31271,0,0,0
31272,0,0,0
31273,0,0,0
31274,0,0,0
31275,0,0,0
31276,0,0,0
31277,0,0,0
31278,0,0,0
31279,0,0,0
31280,0,0,0
31281,0,0,0
31282,0.004,0.004,0.004
31283,0,0,0
31284,0,0,0
31285,0,0,0
31286,0,0,0
31287,0,0,0
31288,0,0,0
31289,0,0,0
31290,0,0,0
31291,0,0,0
31292,0,0,0
31293,0,0,0
31294,0.004,0.004,0.004
31295,0.01,0.01,0.01
31296,0.014,0.014,0.014
31297,0.018,0.018,0.018
31298,0.02,0.02,0.02
31299,0.018,0.018,0.018
31300,0.018,0.018,0.018
31301,0.052,0.052,0.052
31302,0.052,0.052,0.052
31303,0.052,0.052,0.052
31304,0.046,0.046,0.046
31305,0.044,0.044,0.044
31306,0.044,0.044,0.044
31307,0.05,0.05,0.05
31308,0.046,0.046,0.046
31309,0.044,0.044,0.044
31310,0.038,0.038,0.038
31311,0.038,0.038,0.038
31312,0.038,0.038,0.038
31313,0.048,0.048,0.048
31314,0.058,0.058,0.058
31315,0.068,0.068,0.068
31316,0.058,0.058,0.058
31317,0.054,0.054,0.054
31318,0.05,0.05,0.05
31319,0.072,0.072,0.072
31320,0.088,0.088,0.088
31321,0.11,0.11,0.11
31322,0.098,0.098,0.098
31323,0.112,0.112,0.112
31324,0.104,0.104,0.104
31325,0.134,0.134,0.134
31326,0.14,0.14,0.14
31327,0.122,0.122,0.122
31328,0.118,0.118,0.118
31329,0.12,0.12,0.12
31330,0.106,0.106,0.106
31331,0.072,0.072,0.072
31332,0.054,0.054,0.054
31333,0.054,0.054,0.054
31334,0.12,0.12,0.12
31335,0.168,0.168,0.168
31336,0.15,0.15,0.15
31337,0.128,0.128,0.128
31338,0.124,0.124,0.124
31339,0.146,0.146,0.146
31340,0.146,0.146,0.146
31341,0.144,0.144,0.144
31342,0.136,0.136,0.136
31343,0.132,0.132,0.132
31344,0.118,0.118,0.118
31345,0.13,0.13,0.13
31346,0.106,0.106,0.106
31347,0.116,0.116,0.116
31348,0.126,0.126,0.126
31349,0.12,0.12,0.12
31350,0.14,0.14,0.14
31351,0.126,0.126,0.126
31352,0.122,0.122,0.122
31353,0.118,0.118,0.118
31354,0.106,0.106,0.106
31355,0.118,0.118,0.118
31356,0.12,0.12,0.12
31357,0.108,0.108,0.108
31358,0.124,0.124,0.124
31359,0.126,0.126,0.126
31360,0.106,0.106,0.106
31361,0.098,0.098,0.098
31362,0.106,0.106,0.106
31363,0.116,0.116,0.116
31364,0.116,0.116,0.116
31365,0.13,0.13,0.13
31366,0.148,0.148,0.148
31367,0.154,0.154,0.154
31368,0.134,0.134,0.134
31369,0.154,0.154,0.154
31370,0.132,0.132,0.132
31371,0.126,0.126,0.126
31372,0.122,0.122,0.122
31373,0.134,0.134,0.134
31374,0.142,0.142,0.142
31375,0.136,0.136,0.136
31376,0.122,0.122,0.122
31377,0.16,0.16,0.16
31378,0.188,0.188,0.188
31379,0.154,0.154,0.154
31380,0.188,0.188,0.188
31381,0.17,0.17,0.17
31382,0.174,0.174,0.174
31383,0.17,0.17,0.17
31384,0.162,0.162,0.162
31385,0.158,0.158,0.158
31386,0.156,0.156,0.156
31387,0.164,0.164,0.164
31388,0.16,0.16,0.16
31389,0.164,0.164,0.164
31390,0.112,0.112,0.112
31391,0.154,0.154,0.154
31392,0.154,0.154,0.154
31393,0.154,0.154,0.154
31394,0.158,0.158,0.158
31395,0.156,0.156,0.156
31396,0.156,0.156,0.156
31397,0.16,0.16,0.16
31398,0.138,0.138,0.138
31399,0.15,0.15,0.15
31400,0.154,0.154,0.154
31401,0.162,0.162,0.162
31402,0.172,0.172,0.172
31403,0.17,0.17,0.17
31404,0.19,0.19,0.19
31405,0.23,0.23,0.23
31406,0.274,0.274,0.274
31407,0.246,0.246,0.246
31408,0.24,0.24,0.24
31409,0.276,0.276,0.276
31410,0.308,0.308,0.308
31411,0.248,0.248,0.248
31412,0.264,0.264,0.264
31413,0.262,0.262,0.262
31414,0.304,0.304,0.304
31415,0.302,0.302,0.302
31416,0.29,0.29,0.29
31417,0.246,0.246,0.246
31418,0.248,0.248,0.248
31419,0.244,0.244,0.244
31420,0.222,0.222,0.222
31421,0.228,0.228,0.228
31422,0.234,0.234,0.234
31423,0.238,0.238,0.238
31424,0.246,0.246,0.246
31425,0.242,0.242,0.242
31426,0.248,0.248,0.248
31427,0.238,0.238,0.238
31428,0.25,0.25,0.25
31429,0.248,0.248,0.248
31430,0.248,0.248,0.248
31431,0.278,0.278,0.278
31432,0.268,0.268,0.268
31433,0.274,0.274,0.274
31434,0.272,0.272,0.272
31435,0.276,0.276,0.276
31436,0.28,0.28,0.28
31437,0.288,0.288,0.288
31438,0.302,0.302,0.302
31439,0.298,0.298,0.298
31440,0.31,0.31,0.31
31441,0.312,0.312,0.312
31442,0.358,0.358,0.358
31443,0.342,0.342,0.342
31444,0.338,0.338,0.338
31445,0.338,0.338,0.338
31446,0.344,0.344,0.344
31447,0.342,0.342,0.342
31448,0.33,0.33,0.33
31449,0.332,0.332,0.332
31450,0.342,0.342,0.342
31451,0.336,0.336,0.336
31452,0.382,0.382,0.382
31453,0.368,0.368,0.368
31454,0.35,0.35,0.35
31455,0.376,0.376,0.376
31456,0.406,0.406,0.406
31457,0.39,0.39,0.39
31458,0.39,0.39,0.39
31459,0.372,0.372,0.372
31460,0.368,0.368,0.368
31461,0.38,0.38,0.38
31462,0.368,0.368,0.368
31463,0.372,0.372,0.372
31464,0.358,0.358,0.358
31465,0.366,0.366,0.366
31466,0.372,0.372,0.372
31467,0.382,0.382,0.382
31468,0.388,0.388,0.388
31469,0.39,0.39,0.39
31470,0.382,0.382,0.382
31471,0.386,0.386,0.386
31472,0.416,0.416,0.416
31473,0.406,0.406,0.406
31474,0.406,0.406,0.406
31475,0.404,0.404,0.404
31476,0.404,0.404,0.404
31477,0.402,0.402,0.402
31478,0.404,0.404,0.404
31479,0.426,0.426,0.426
31480,0.422,0.422,0.422
31481,0.418,0.418,0.418
31482,0.418,0.418,0.418
31483,0.412,0.412,0.412
31484,0.414,0.414,0.414
31485,0.398,0.398,0.398
31486,0.388,0.388,0.388
31487,0.39,0.39,0.39
31488,0.378,0.378,0.378
31489,0.374,0.374,0.374
31490,0.384,0.384,0.384
31491,0.446,0.446,0.446
31492,0.432,0.432,0.432
31493,0.442,0.442,0.442
31494,0.44,0.44,0.44
31495,0.432,0.432,0.432
31496,0.436,0.296,0.296
31497,0.432,0.282,0.282
31498,0.43,0.268,0.268
31499,0.43,0.24,0.24
31500,0.41,0.224,0.224
31501,0.422,0.218,0.218
31502,0.43,0.184,0.184
31503,0.426,0.182,0.182
31504,0.42,0.17,0.17
31505,0.434,0.166,0.166
31506,0.422,0.152,0.152
31507,0.428,0.148,0.148
31508,0.44,0.12,0.12
31509,0.428,0.116,0.116
31510,0.428,0.102,0.102
31511,0.418,0.066,0.066
31512,0.41,0.042,0.042
31513,0.416,0.036,0.036
31514,0.402,0.02,0.02
31515,0.398,0.018,0.018
31516,0.394,0.016,0.016
31517,0.396,0.016,0.016
31518,0.384,0.01,0.01
31519,0.378,0.01,0.01
31520,0.37,0.004,0.004
31521,0.36,0.004,0.004
31522,0.35,0.004,0.004
31523,0.35,0.004,0.004
31524,0.346,0,0
31525,0.342,0,0
31526,0.336,0,0
31527,0.332,0,0
31528,0.326,0,0
31529,0.314,0,0
31530,0.318,0,0
31531,0.312,0,0
31532,0.294,0,0
31533,0.292,0,0
31534,0.294,0,0
31535,0.288,0,0
31536,0.284,0,0
31537,0.292,0,0
31538,0.306,0,0
31539,0.296,0,0
31540,0.282,0,0
31541,0.268,0,0
31542,0.24,0,0
31543,0.224,0,0
31544,0.218,0,0
31545,0.184,0,0
31546,0.182,0,0
31547,0.17,0,0
31548,0.166,0,0
31549,0.152,0,0
31550,0.148,0,0
31551,0.12,0,0
31552,0.116,0,0
31553,0.102,0,0
31554,0.066,0,0
31555,0.042,0,0
31556,0.036,0,0
31557,0.02,0,0
31558,0.018,0,0
31559,0.016,0,0
31560,0.016,0,0
31561,0.01,0,0
31562,0.01,0,0
31563,0.004,0,0
31564,0.004,0,0
31565,0.004,0,0
31566,0.004,0,0
31567,0,0,0
31568,0,0,0
31569,0,0,0
31570,0,0,0
31571,0,0,0
31572,0,0,0
31573,0,0,0
31574,0,0,0
31575,0,0,0
31576,0,0,0
31577,0,0,0
31578,0,0,0
31579,0,0,0
31580,0,0,0
31581,0,0,0
31582,0,0,0
31583,0,0,0
31584,0,0,0
31585,0,0,0
31586,0,0,0
31587,0,0,0
31588,0,0,0
31589,0,0,0
31590,0,0,0
31591,0,0,0
31592,0,0,0
31593,0,0,0
31594,0,0,0
31595,0,0,0
31596,0,0,0
31597,0,0,0
31598,0,0,0
31599,0,0,0
31600,0,0,0
31601,0,0,0
31602,0,0,0
31603,0,0,0
31604,0,0,0
31605,0,0,0
31606,0,0,0
31607,0,0,0
31608,0,0,0
31609,0,0,0
31610,0,0,0
31611,0,0,0
31612,0,0,0
31613,0,0,0
31614,0,0,0
31615,0,0,0
31616,0,0,0
31617,0.008,0.008,0.008
31618,0,0,0
31619,0,0,0
31620,0,0,0
31621,0,0,0
31622,0,0,0
31623,0,0,0
31624,0,0,0
31625,0,0,0
31626,0,0,0
31627,0,0,0
31628,0,0,0
31629,0,0,0
31630,0,0,0
31631,0,0,0
31632,0,0,0
31633,0,0,0
31634,0,0,0
31635,0,0,0
31636,0,0,0
31637,0,0,0
31638,0,0,0
31639,0,0,0
31640,0,0,0
31641,0,0,0
31642,0,0,0
31643,0,0,0
31644,0,0,0
31645,0,0,0
31646,0,0,0
31647,0.004,0.004,0.004
31648,0,0,0
31649,0,0,0
31650,0,0,0
31651,0,0,0
31652,0,0,0
31653,0,0,0
31654,0,0,0
31655,0,0,0
31656,0,0,0
31657,0,0,0
31658,0,0,0
31659,0.004,0.004,0.004
31660,0.01,0.01,0.01
31661,0.014,0.014,0.014
31662,0.018,0.018,0.018
31663,0.02,0.02,0.02
31664,0.018,0.018,0.018
31665,0.018,0.018,0.018
31666,0.052,0.052,0.052
31667,0.052,0.052,0.052
31668,0.052,0.052,0.052
31669,0.046,0.046,0.046
31670,0.044,0.044,0.044
31671,0.044,0.044,0.044
31672,0.05,0.05,0.05
31673,0.046,0.046,0.046
31674,0.044,0.044,0.044
31675,0.038,0.038,0.038
31676,0.038,0.038,0.038
31677,0.038,0.038,0.038
31678,0.048,0.048,0.048
31679,0.058,0.058,0.058
31680,0.068,0.068,0.068
31681,0.058,0.058,0.058
31682,0.054,0.054,0.054
31683,0.05,0.05,0.05
31684,0.072,0.072,0.072
31685,0.088,0.088,0.088
31686,0.11,0.11,0.11
31687,0.098,0.098,0.098
31688,0.112,0.112,0.112
31689,0.104,0.104,0.104
31690,0.134,0.134,0.134
31691,0.14,0.14,0.14
31692,0.122,0.122,0.122
31693,0.118,0.118,0.118
31694,0.12,0.12,0.12
31695,0.106,0.106,0.106
31696,0.072,0.072,0.072
31697,0.054,0.054,0.054
31698,0.054,0.054,0.054
31699,0.12,0.12,0.12
31700,0.168,0.168,0.168
31701,0.15,0.15,0.15
31702,0.128,0.128,0.128
31703,0.124,0.124,0.124
31704,0.146,0.146,0.146
31705,0.146,0.146,0.146
31706,0.144,0.144,0.144
31707,0.136,0.136,0.136
31708,0.132,0.132,0.132
31709,0.118,0.118,0.118
31710,0.13,0.13,0.13
31711,0.106,0.106,0.106
31712,0.116,0.116,0.116
31713,0.126,0.126,0.126
31714,0.12,0.12,0.12
31715,0.14,0.14,0.14
31716,0.126,0.126,0.126
31717,0.122,0.122,0.122
31718,0.118,0.118,0.118
31719,0.106,0.106,0.106
31720,0.118,0.118,0.118
31721,0.12,0.12,0.12
31722,0.108,0.108,0.108
31723,0.124,0.124,0.124
31724,0.126,0.126,0.126
31725,0.106,0.106,0.106
31726,0.098,0.098,0.098
31727,0.106,0.106,0.106
31728,0.116,0.116,0.116
31729,0.116,0.116,0.116
31730,0.13,0.13,0.13
31731,0.148,0.148,0.148
31732,0.154,0.154,0.154
31733,0.134,0.134,0.134
31734,0.154,0.154,0.154
31735,0.132,0.132,0.132
31736,0.126,0.126,0.126
31737,0.122,0.122,0.122
31738,0.134,0.134,0.134
31739,0.142,0.142,0.142
31740,0.136,0.136,0.136
31741,0.122,0.122,0.122
31742,0.16,0.16,0.16
31743,0.188,0.188,0.188
31744,0.154,0.154,0.154
31745,0.188,0.188,0.188
31746,0.17,0.17,0.17
31747,0.174,0.174,0.174
31748,0.17,0.17,0.17
31749,0.162,0.162,0.162
31750,0.158,0.158,0.158
31751,0.156,0.156,0.156
31752,0.164,0.164,0.164
31753,0.16,0.16,0.16
31754,0.164,0.164,0.164
31755,0.112,0.112,0.112
31756,0.154,0.154,0.154
31757,0.154,0.154,0.154
31758,0.154,0.154,0.154
31759,0.158,0.158,0.158
31760,0.156,0.156,0.156
31761,0.156,0.156,0.156
31762,0.16,0.16,0.16
31763,0.138,0.138,0.138
31764,0.15,0.15,0.15
31765,0.154,0.154,0.154
31766,0.162,0.162,0.162
31767,0.172,0.172,0.172
31768,0.17,0.17,0.17
31769,0.19,0.19,0.19
31770,0.23,0.23,0.23
31771,0.274,0.274,0.274
31772,0.246,0.246,0.246
31773,0.24,0.24,0.24
31774,0.276,0.276,0.276
31775,0.308,0.308,0.308
31776,0.248,0.248,0.248
31777,0.264,0.264,0.264
31778,0.262,0.262,0.262
31779,0.304,0.304,0.304
31780,0.302,0.302,0.302
31781,0.29,0.29,0.29
31782,0.246,0.246,0.246
31783,0.248,0.248,0.248
31784,0.244,0.244,0.244
31785,0.222,0.222,0.222
31786,0.228,0.228,0.228
31787,0.234,0.234,0.234
31788,0.238,0.238,0.238
31789,0.246,0.246,0.246
31790,0.242,0.242,0.242
31791,0.248,0.248,0.248
31792,0.238,0.238,0.238
31793,0.25,0.25,0.25
31794,0.248,0.248,0.248
31795,0.248,0.248,0.248
31796,0.278,0.278,0.278
31797,0.268,0.268,0.268
31798,0.274,0.274,0.274
31799,0.272,0.272,0.272
31800,0.276,0.276,0.276
31801,0.28,0.28,0.28
31802,0.288,0.288,0.288
31803,0.302,0.302,0.302
31804,0.298,0.298,0.298
31805,0.31,0.31,0.31
31806,0.312,0.312,0.312
31807,0.358,0.358,0.358
31808,0.342,0.342,0.342
31809,0.338,0.338,0.338
31810,0.338,0.338,0.338
31811,0.344,0.344,0.344
31812,0.342,0.342,0.342
31813,0.33,0.33,0.33
31814,0.332,0.332,0.332
31815,0.342,0.342,0.342
31816,0.336,0.336,0.336
31817,0.382,0.382,0.382
31818,0.368,0.368,0.368
31819,0.35,0.35,0.35
31820,0.376,0.376,0.376
31821,0.406,0.406,0.406
31822,0.39,0.39,0.39
31823,0.39,0.39,0.39
31824,0.372,0.372,0.372
31825,0.368,0.368,0.368
31826,0.38,0.38,0.38
31827,0.368,0.368,0.368
31828,0.372,0.372,0.372
31829,0.358,0.358,0.358
31830,0.366,0.366,0.366
31831,0.372,0.372,0.372
31832,0.382,0.382,0.382
31833,0.388,0.388,0.388
31834,0.39,0.39,0.39
31835,0.382,0.382,0.382
31836,0.386,0.386,0.386
31837,0.416,0.416,0.416
31838,0.406,0.406,0.406
31839,0.406,0.406,0.406
31840,0.404,0.404,0.404
31841,0.404,0.404,0.404
31842,0.402,0.402,0.402
31843,0.404,0.404,0.404
31844,0.426,0.426,0.426
31845,0.422,0.422,0.422
31846,0.418,0.418,0.418
31847,0.418,0.418,0.418
31848,0.412,0.412,0.412
31849,0.414,0.414,0.414
31850,0.398,0.398,0.398
31851,0.388,0.388,0.388
31852,0.39,0.39,0.39
31853,0.378,0.378,0.378
31854,0.374,0.374,0.374
31855,0.384,0.384,0.384
31856,0.446,0.446,0.446
31857,0.432,0.432,0.432
31858,0.442,0.442,0.442
31859,0.44,0.44,0.44
31860,0.432,0.432,0.432
31861,0.436,0.296,0.296
31862,0.432,0.282,0.282
31863,0.43,0.268,0.268
31864,0.43,0.24,0.24
31865,0.41,0.224,0.224
31866,0.422,0.218,0.218
31867,0.43,0.184,0.184
31868,0.426,0.182,0.182
31869,0.42,0.17,0.17
31870,0.434,0.166,0.166
31871,0.422,0.152,0.152
31872,0.428,0.148,0.148
31873,0.44,0.12,0.12
31874,0.428,0.116,0.116
31875,0.428,0.102,0.102
31876,0.418,0.066,0.066
31877,0.41,0.042,0.042
31878,0.416,0.036,0.036
31879,0.402,0.02,0.02
31880,0.398,0.018,0.018
31881,0.394,0.016,0.016
31882,0.396,0.016,0.016
31883,0.384,0.01,0.01
31884,0.378,0.01,0.01
31885,0.37,0.004,0.004
31886,0.36,0.004,0.004
31887,0.35,0.004,0.004
31888,0.35,0.004,0.004
31889,0.346,0,0
31890,0.342,0,0
31891,0.336,0,0
31892,0.332,0,0
31893,0.326,0,0
31894,0.314,0,0
31895,0.318,0,0
31896,0.312,0,0
31897,0.294,0,0
31898,0.292,0,0
31899,0.294,0,0
31900,0.288,0,0
31901,0.284,0,0
31902,0.292,0,0
31903,0.306,0,0
31904,0.296,0,0
31905,0.282,0,0
31906,0.268,0,0
31907,0.24,0,0
31908,0.224,0,0
31909,0.218,0,0
31910,0.184,0,0
31911,0.182,0,0
31912,0.17,0,0
31913,0.166,0,0
31914,0.152,0,0
31915,0.148,0,0
31916,0.12,0,0
31917,0.116,0,0
31918,0.102,0,0
31919,0.066,0,0
31920,0.042,0,0
31921,0.036,0,0
31922,0.02,0,0
31923,0.018,0,0
31924,0.016,0,0
31925,0.016,0,0
31926,0.01,0,0
31927,0.01,0,0
31928,0.004,0,0
31929,0.004,0,0
31930,0.004,0,0
31931,0.004,0,0
31932,0,0,0
31933,0,0,0
31934,0,0,0
31935,0,0,0
31936,0,0,0
31937,0,0,0
31938,0,0,0
31939,0,0,0
31940,0,0,0
31941,0,0,0
31942,0,0,0
31943,0,0,0
31944,0,0,0
31945,0,0,0
31946,0,0,0
31947,0,0,0
31948,0,0,0
31949,0,0,0
31950,0,0,0
31951,0,0,0
31952,0,0,0
31953,0,0,0
31954,0,0,0
31955,0,0,0
31956,0,0,0
31957,0,0,0
31958,0,0,0
31959,0,0,0
31960,0,0,0
31961,0,0,0
31962,0,0,0
31963,0,0,0
31964,0,0,0
31965,0,0,0
31966,0,0,0
31967,0,0,0
31968,0,0,0
31969,0,0,0
31970,0,0,0
31971,0,0,0
31972,0,0,0
31973,0,0,0
31974,0,0,0
31975,0,0,0
31976,0,0,0
31977,0,0,0
31978,0,0,0
31979,0,0,0
31980,0,0,0
31981,0,0,0
31982,0.008,0.008,0.008
31983,0,0,0
31984,0,0,0
31985,0,0,0
31986,0,0,0
31987,0,0,0
31988,0,0,0
31989,0,0,0
31990,0,0,0
31991,0,0,0
31992,0,0,0
31993,0,0,0
31994,0,0,0
31995,0,0,0
31996,0,0,0
31997,0,0,0
31998,0,0,0
31999,0,0,0
32000,0,0,0
32001,0,0,0
32002,0,0,0
32003,0,0,0
32004,0,0,0
32005,0,0,0
32006,0,0,0
32007,0,0,0
32008,0,0,0
32009,0,0,0
32010,0,0,0
32011,0,0,0
32012,0.004,0.004,0.004
32013,0,0,0
32014,0,0,0
32015,0,0,0
32016,0,0,0
32017,0,0,0
32018,0,0,0
32019,0,0,0
32020,0,0,0
32021,0,0,0
32022,0,0,0
32023,0,0,0
32024,0.004,0.004,0.004
32025,0.01,0.01,0.01
32026,0.014,0.014,0.014
32027,0.018,0.018,0.018
32028,0.02,0.02,0.02
32029,0.018,0.018,0.018
32030,0.018,0.018,0.018
32031,0.052,0.052,0.052
32032,0.052,0.052,0.052
32033,0.052,0.052,0.052
32034,0.046,0.046,0.046
32035,0.044,0.044,0.044
32036,0.044,0.044,0.044
32037,0.05,0.05,0.05
32038,0.046,0.046,0.046
32039,0.044,0.044,0.044
32040,0.038,0.038,0.038
32041,0.038,0.038,0.038
32042,0.038,0.038,0.038
32043,0.048,0.048,0.048
32044,0.058,0.058,0.058
32045,0.068,0.068,0.068
32046,0.058,0.058,0.058
32047,0.054,0.054,0.054
32048,0.05,0.05,0.05
32049,0.072,0.072,0.072
32050,0.088,0.088,0.088
32051,0.11,0.11,0.11
32052,0.098,0.098,0.098
32053,0.112,0.112,0.112
32054,0.104,0.104,0.104
32055,0.134,0.134,0.134
32056,0.14,0.14,0.14
32057,0.122,0.122,0.122
32058,0.118,0.118,0.118
32059,0.12,0.12,0.12
32060,0.106,0.106,0.106
32061,0.072,0.072,0.072
32062,0.054,0.054,0.054
32063,0.054,0.054,0.054
32064,0.12,0.12,0.12
32065,0.168,0.168,0.168
32066,0.15,0.15,0.15
32067,0.128,0.128,0.128
32068,0.124,0.124,0.124
32069,0.146,0.146,0.146
32070,0.146,0.146,0.146
32071,0.144,0.144,0.144
32072,0.136,0.136,0.136
32073,0.132,0.132,0.132
32074,0.118,0.118,0.118
32075,0.13,0.13,0.13
32076,0.106,0.106,0.106
32077,0.116,0.116,0.116
32078,0.126,0.126,0.126
32079,0.12,0.12,0.12
32080,0.14,0.14,0.14
32081,0.126,0.126,0.126
32082,0.122,0.122,0.122
32083,0.118,0.118,0.118
32084,0.106,0.106,0.106
32085,0.118,0.118,0.118
32086,0.12,0.12,0.12
32087,0.108,0.108,0.108
32088,0.124,0.124,0.124
32089,0.126,0.126,0.126
32090,0.106,0.106,0.106
32091,0.098,0.098,0.098
32092,0.106,0.106,0.106
32093,0.116,0.116,0.116
32094,0.116,0.116,0.116
32095,0.13,0.13,0.13
32096,0.148,0.148,0.148
32097,0.154,0.154,0.154
32098,0.134,0.134,0.134
32099,0.154,0.154,0.154
32100,0.132,0.132,0.132
32101,0.126,0.126,0.126
32102,0.122,0.122,0.122
32103,0.134,0.134,0.134
32104,0.142,0.142,0.142
32105,0.136,0.136,0.136
32106,0.122,0.122,0.122
32107,0.16,0.16,0.16
32108,0.188,0.188,0.188
32109,0.154,0.154,0.154
32110,0.188,0.188,0.188
32111,0.17,0.17,0.17
32112,0.174,0.174,0.174
32113,0.17,0.17,0.17
32114,0.162,0.162,0.162
32115,0.158,0.158,0.158
32116,0.156,0.156,0.156
32117,0.164,0.164,0.164
32118,0.16,0.16,0.16
32119,0.164,0.164,0.164
32120,0.112,0.112,0.112
32121,0.154,0.154,0.154
32122,0.154,0.154,0.154
32123,0.154,0.154,0.154
32124,0.158,0.158,0.158
32125,0.156,0.156,0.156
32126,0.156,0.156,0.156
32127,0.16,0.16,0.16
32128,0.138,0.138,0.138
32129,0.15,0.15,0.15
32130,0.154,0.154,0.154
32131,0.162,0.162,0.162
32132,0.172,0.172,0.172
32133,0.17,0.17,0.17
32134,0.19,0.19,0.19
32135,0.23,0.23,0.23
32136,0.274,0.274,0.274
32137,0.246,0.246,0.246
32138,0.24,0.24,0.24
32139,0.276,0.276,0.276
32140,0.308,0.308,0.308
32141,0.248,0.248,0.248
32142,0.264,0.264,0.264
32143,0.262,0.262,0.262
32144,0.304,0.304,0.304
32145,0.302,0.302,0.302
32146,0.29,0.29,0.29
32147,0.246,0.246,0.246
32148,0.248,0.248,0.248
32149,0.244,0.244,0.244
32150,0.222,0.222,0.222
32151,0.228,0.228,0.228
32152,0.234,0.234,0.234
32153,0.238,0.238,0.238
32154,0.246,0.246,0.246
32155,0.242,0.242,0.242
32156,0.248,0.248,0.248
32157,0.238,0.238,0.238
32158,0.25,0.25,0.25
32159,0.248,0.248,0.248
32160,0.248,0.248,0.248
32161,0.278,0.278,0.278
32162,0.268,0.268,0.268
32163,0.274,0.274,0.274
32164,0.272,0.272,0.272
32165,0.276,0.276,0.276
32166,0.28,0.28,0.28
32167,0.288,0.288,0.288
32168,0.302,0.302,0.302
32169,0.298,0.298,0.298
32170,0.31,0.31,0.31
32171,0.312,0.312,0.312
32172,0.358,0.358,0.358
32173,0.342,0.342,0.342
32174,0.338,0.338,0.338
32175,0.338,0.338,0.338
32176,0.344,0.344,0.344
32177,0.342,0.342,0.342
32178,0.33,0.33,0.33
32179,0.332,0.332,0.332
32180,0.342,0.342,0.342
32181,0.336,0.336,0.336
32182,0.382,0.382,0.382
32183,0.368,0.368,0.368
32184,0.35,0.35,0.35
32185,0.376,0.376,0.376
32186,0.406,0.406,0.406
32187,0.39,0.39,0.39
32188,0.39,0.39,0.39
32189,0.372,0.372,0.372
32190,0.368,0.368,0.368
32191,0.38,0.38,0.38
32192,0.368,0.368,0.368
32193,0.372,0.372,0.372
32194,0.358,0.358,0.358
32195,0.366,0.366,0.366
32196,0.372,0.372,0.372
32197,0.382,0.382,0.382
32198,0.388,0.388,0.388
32199,0.39,0.39,0.39
32200,0.382,0.382,0.382
32201,0.386,0.386,0.386
32202,0.416,0.416,0.416
32203,0.406,0.406,0.406
32204,0.406,0.406,0.406
32205,0.404,0.404,0.404
32206,0.404,0.404,0.404
32207,0.402,0.402,0.402
32208,0.404,0.404,0.404
32209,0.426,0.426,0.426
32210,0.422,0.422,0.422
32211,0.418,0.418,0.418
32212,0.418,0.418,0.418
32213,0.412,0.412,0.412
32214,0.414,0.414,0.414
32215,0.398,0.398,0.398
32216,0.388,0.388,0.388
32217,0.39,0.39,0.39
32218,0.378,0.378,0.378
32219,0.374,0.374,0.374
32220,0.384,0.384,0.384
32221,0.446,0.446,0.446
32222,0.432,0.432,0.432
32223,0.442,0.442,0.442
32224,0.44,0.44,0.44
32225,0.432,0.296,0.296
32226,0.436,0.282,0.282
32227,0.432,0.268,0.268
32228,0.43,0.24,0.24
32229,0.43,0.224,0.224
32230,0.41,0.218,0.218
32231,0.422,0.184,0.184
32232,0.43,0.182,0.182
32233,0.426,0.17,0.17
32234,0.42,0.166,0.166
32235,0.434,0.152,0.152
32236,0.422,0.148,0.148
32237,0.428,0.12,0.12
32238,0.44,0.116,0.116
32239,0.428,0.102,0.102
32240,0.428,0.066,0.066
32241,0.418,0.042,0.042
32242,0.41,0.036,0.036
32243,0.416,0.02,0.02
32244,0.402,0.018,0.018
32245,0.398,0.016,0.016
32246,0.394,0.016,0.016
32247,0.396,0.01,0.01
32248,0.384,0.01,0.01
32249,0.378,0.004,0.004
32250,0.37,0.004,0.004
32251,0.36,0.004,0.004
32252,0.35,0.004,0.004
32253,0.35,0,0
32254,0.346,0,0
32255,0.342,0,0
32256,0.336,0,0
32257,0.332,0,0
32258,0.326,0,0
32259,0.314,0,0
32260,0.318,0,0
32261,0.312,0,0
32262,0.294,0,0
32263,0.292,0,0
32264,0.294,0,0
32265,0.288,0,0
32266,0.284,0,0
32267,0.292,0,0
32268,0.306,0,0
32269,0.296,0,0
32270,0.282,0,0
32271,0.268,0,0
32272,0.24,0,0
32273,0.224,0,0
32274,0.218,0,0
32275,0.184,0,0
32276,0.182,0,0
32277,0.17,0,0
32278,0.166,0,0
32279,0.152,0,0
32280,0.148,0,0
32281,0.12,0,0
32282,0.116,0,0
32283,0.102,0,0
32284,0.066,0,0
32285,0.042,0,0
32286,0.036,0,0
32287,0.02,0,0
32288,0.018,0,0
32289,0.016,0,0
32290,0.016,0,0
32291,0.01,0,0
32292,0.01,0,0
32293,0.004,0,0
32294,0.004,0,0
32295,0.004,0,0
32296,0.004,0,0
32297,0,0,0
32298,0,0,0
32299,0,0,0
32300,0,0,0
32301,0,0,0
32302,0,0,0
32303,0,0,0
32304,0,0,0
32305,0,0,0
32306,0,0,0
32307,0,0,0
32308,0,0,0
32309,0,0,0
32310,0,0,0
32311,0,0,0
32312,0,0,0
32313,0,0,0
32314,0,0,0
32315,0,0,0
32316,0,0,0
32317,0,0,0
32318,0,0,0
32319,0,0,0
32320,0,0,0
32321,0,0,0
32322,0,0,0
32323,0,0,0
32324,0,0,0
32325,0,0,0
32326,0,0,0
32327,0,0,0
32328,0,0,0
32329,0,0,0
32330,0,0,0
32331,0,0,0
32332,0,0,0
32333,0,0,0
32334,0,0,0
32335,0,0,0
32336,0,0,0
32337,0,0,0
32338,0,0,0
32339,0,0,0
32340,0,0,0
32341,0,0,0
32342,0,0,0
32343,0,0,0
32344,0,0,0
32345,0,0,0
32346,0,0,0
32347,0.008,0.008,0.008
32348,0,0,0
32349,0,0,0
32350,0,0,0
32351,0,0,0
32352,0,0,0
32353,0,0,0
32354,0,0,0
32355,0,0,0
32356,0,0,0
32357,0,0,0
32358,0,0,0
32359,0,0,0
32360,0,0,0
32361,0,0,0
32362,0,0,0
32363,0,0,0
32364,0,0,0
32365,0,0,0
32366,0,0,0
32367,0,0,0
32368,0,0,0
32369,0,0,0
32370,0,0,0
32371,0,0,0
32372,0,0,0
32373,0,0,0
32374,0,0,0
32375,0,0,0
32376,0,0,0
32377,0.004,0.004,0.004
32378,0,0,0
32379,0,0,0
32380,0,0,0
32381,0,0,0
32382,0,0,0
32383,0,0,0
32384,0,0,0
32385,0,0,0
32386,0,0,0
32387,0,0,0
32388,0,0,0
32389,0.004,0.004,0.004
32390,0.01,0.01,0.01
32391,0.014,0.014,0.014
32392,0.018,0.018,0.018
32393,0.02,0.02,0.02
32394,0.018,0.018,0.018
32395,0.018,0.018,0.018
32396,0.052,0.052,0.052
32397,0.052,0.052,0.052
32398,0.052,0.052,0.052
32399,0.046,0.046,0.046
32400,0.044,0.044,0.044
32401,0.044,0.044,0.044
32402,0.05,0.05,0.05
32403,0.046,0.046,0.046
32404,0.044,0.044,0.044
32405,0.038,0.038,0.038
32406,0.038,0.038,0.038
32407,0.038,0.038,0.038
32408,0.048,0.048,0.048
32409,0.058,0.058,0.058
32410,0.068,0.068,0.068
32411,0.058,0.058,0.058
32412,0.054,0.054,0.054
32413,0.05,0.05,0.05
32414,0.072,0.072,0.072
32415,0.088,0.088,0.088
32416,0.11,0.11,0.11
32417,0.098,0.098,0.098
32418,0.112,0.112,0.112
32419,0.104,0.104,0.104
32420,0.134,0.134,0.134
32421,0.14,0.14,0.14
32422,0.122,0.122,0.122
32423,0.118,0.118,0.118
32424,0.12,0.12,0.12
32425,0.106,0.106,0.106
32426,0.072,0.072,0.072
32427,0.054,0.054,0.054
32428,0.054,0.054,0.054
32429,0.12,0.12,0.12
32430,0.168,0.168,0.168
32431,0.15,0.15,0.15
32432,0.128,0.128,0.128
32433,0.124,0.124,0.124
32434,0.146,0.146,0.146
32435,0.146,0.146,0.146
32436,0.144,0.144,0.144
32437,0.136,0.136,0.136
32438,0.132,0.132,0.132
32439,0.118,0.118,0.118
32440,0.13,0.13,0.13
32441,0.106,0.106,0.106
32442,0.116,0.116,0.116
32443,0.126,0.126,0.126
32444,0.12,0.12,0.12
32445,0.14,0.14,0.14
32446,0.126,0.126,0.126
32447,0.122,0.122,0.122
32448,0.118,0.118,0.118
32449,0.106,0.106,0.106
32450,0.118,0.118,0.118
32451,0.12,0.12,0.12
32452,0.108,0.108,0.108
32453,0.124,0.124,0.124
32454,0.126,0.126,0.126
32455,0.106,0.106,0.106
32456,0.098,0.098,0.098
32457,0.106,0.106,0.106
32458,0.116,0.116,0.116
32459,0.116,0.116,0.116
32460,0.13,0.13,0.13
32461,0.148,0.148,0.148
32462,0.154,0.154,0.154
32463,0.134,0.134,0.134
32464,0.154,0.154,0.154
32465,0.132,0.132,0.132
32466,0.126,0.126,0.126
32467,0.122,0.122,0.122
32468,0.134,0.134,0.134
32469,0.142,0.142,0.142
32470,0.136,0.136,0.136
32471,0.122,0.122,0.122
32472,0.16,0.16,0.16
32473,0.188,0.188,0.188
32474,0.154,0.154,0.154
32475,0.188,0.188,0.188
32476,0.17,0.17,0.17
32477,0.174,0.174,0.174
32478,0.17,0.17,0.17
32479,0.162,0.162,0.162
32480,0.158,0.158,0.158
32481,0.156,0.156,0.156
32482,0.164,0.164,0.164
32483,0.16,0.16,0.16
32484,0.164,0.164,0.164
32485,0.112,0.112,0.112
32486,0.154,0.154,0.154
32487,0.154,0.154,0.154
32488,0.154,0.154,0.154
32489,0.158,0.158,0.158
32490,0.156,0.156,0.156
32491,0.156,0.156,0.156
32492,0.16,0.16,0.16
32493,0.138,0.138,0.138
32494,0.15,0.15,0.15
32495,0.154,0.154,0.154
32496,0.162,0.162,0.162
32497,0.172,0.172,0.172
32498,0.17,0.17,0.17
32499,0.19,0.19,0.19
32500,0.23,0.23,0.23
32501,0.274,0.274,0.274
32502,0.246,0.246,0.246
32503,0.24,0.24,0.24
32504,0.276,0.276,0.276
32505,0.308,0.308,0.308
32506,0.248,0.248,0.248
32507,0.264,0.264,0.264
32508,0.262,0.262,0.262
32509,0.304,0.304,0.304
32510,0.302,0.302,0.302
32511,0.29,0.29,0.29
32512,0.246,0.246,0.246
32513,0.248,0.248,0.248
32514,0.244,0.244,0.244
32515,0.222,0.222,0.222
32516,0.228,0.228,0.228
32517,0.234,0.234,0.234
32518,0.238,0.238,0.238
32519,0.246,0.246,0.246
32520,0.242,0.242,0.242
32521,0.248,0.248,0.248
32522,0.238,0.238,0.238
32523,0.25,0.25,0.25
32524,0.248,0.248,0.248
32525,0.248,0.248,0.248
32526,0.278,0.278,0.278
32527,0.268,0.268,0.268
32528,0.274,0.274,0.274
32529,0.272,0.272,0.272
32530,0.276,0.276,0.276
32531,0.28,0.28,0.28
32532,0.288,0.288,0.288
32533,0.302,0.302,0.302
32534,0.298,0.298,0.298
32535,0.31,0.31,0.31
32536,0.312,0.312,0.312
32537,0.358,0.358,0.358
32538,0.342,0.342,0.342
32539,0.338,0.338,0.338
32540,0.338,0.338,0.338
32541,0.344,0.344,0.344
32542,0.342,0.342,0.342
32543,0.33,0.33,0.33
32544,0.332,0.332,0.332
32545,0.342,0.342,0.342
32546,0.336,0.336,0.336
32547,0.382,0.382,0.382
32548,0.368,0.368,0.368
32549,0.35,0.35,0.35
32550,0.376,0.376,0.376
32551,0.406,0.406,0.406
32552,0.39,0.39,0.39
32553,0.39,0.39,0.39
32554,0.372,0.372,0.372
32555,0.368,0.368,0.368
32556,0.38,0.38,0.38
32557,0.368,0.368,0.368
32558,0.372,0.372,0.372
32559,0.358,0.358,0.358
32560,0.366,0.366,0.366
32561,0.372,0.372,0.372
32562,0.382,0.382,0.382
32563,0.388,0.388,0.388
32564,0.39,0.39,0.39
32565,0.382,0.382,0.382
32566,0.386,0.386,0.386
32567,0.416,0.416,0.416
32568,0.406,0.406,0.406
32569,0.406,0.406,0.406
32570,0.404,0.404,0.404
32571,0.404,0.404,0.404
32572,0.402,0.402,0.402
32573,0.404,0.404,0.404
32574,0.426,0.426,0.426
32575,0.422,0.422,0.422
32576,0.418,0.418,0.418
32577,0.418,0.418,0.418
32578,0.412,0.412,0.412
32579,0.414,0.414,0.414
32580,0.398,0.398,0.398
32581,0.388,0.388,0.388
32582,0.39,0.39,0.39
32583,0.378,0.378,0.378
32584,0.374,0.374,0.374
32585,0.384,0.384,0.384
32586,0.446,0.446,0.446
32587,0.432,0.432,0.432
32588,0.442,0.442,0.442
32589,0.44,0.44,0.44
32590,0.432,0.296,0.296
32591,0.436,0.282,0.282
32592,0.432,0.268,0.268
32593,0.43,0.24,0.24
32594,0.43,0.224,0.224
32595,0.41,0.218,0.218
32596,0.422,0.184,0.184
32597,0.43,0.182,0.182
32598,0.426,0.17,0.17
32599,0.42,0.166,0.166
32600,0.434,0.152,0.152
32601,0.422,0.148,0.148
32602,0.428,0.12,0.12
32603,0.44,0.116,0.116
32604,0.428,0.102,0.102
32605,0.428,0.066,0.066
32606,0.418,0.042,0.042
32607,0.41,0.036,0.036
32608,0.416,0.02,0.02
32609,0.402,0.018,0.018
32610,0.398,0.016,0.016
32611,0.394,0.016,0.016
32612,0.396,0.01,0.01
32613,0.384,0.01,0.01
32614,0.378,0.004,0.004
32615,0.37,0.004,0.004
32616,0.36,0.004,0.004
32617,0.35,0.004,0.004
32618,0.35,0,0
32619,0.346,0,0
32620,0.342,0,0
32621,0.336,0,0
32622,0.332,0,0
32623,0.326,0,0
32624,0.314,0,0
32625,0.318,0,0
32626,0.312,0,0
32627,0.294,0,0
32628,0.292,0,0
32629,0.294,0,0
32630,0.288,0,0
32631,0.284,0,0
32632,0.292,0,0
32633,0.306,0,0
32634,0.296,0,0
32635,0.282,0,0
32636,0.268,0,0
32637,0.24,0,0
32638,0.224,0,0
32639,0.218,0,0
32640,0.184,0,0
32641,0.182,0,0
32642,0.17,0,0
32643,0.166,0,0
32644,0.152,0,0
32645,0.148,0,0
32646,0.12,0,0
32647,0.116,0,0
32648,0.102,0,0
32649,0.066,0,0
32650,0.042,0,0
32651,0.036,0,0
32652,0.02,0,0
32653,0.018,0,0
32654,0.016,0,0
32655,0.016,0,0
32656,0.01,0,0
32657,0.01,0,0
32658,0.004,0,0
32659,0.004,0,0
32660,0.004,0,0
32661,0.004,0,0
32662,0,0,0
32663,0,0,0
32664,0,0,0
32665,0,0,0
32666,0,0,0
32667,0,0,0
32668,0,0,0
32669,0,0,0
32670,0,0,0
32671,0,0,0
32672,0,0,0
32673,0,0,0
32674,0,0,0
32675,0,0,0
32676,0,0,0
32677,0,0,0
32678,0,0,0
32679,0,0,0
32680,0,0,0
32681,0,0,0
32682,0,0,0
32683,0,0,0
32684,0,0,0
32685,0,0,0
32686,0,0,0
32687,0,0,0
32688,0,0,0
32689,0,0,0
32690,0,0,0
32691,0,0,0
32692,0,0,0
32693,0,0,0
32694,0,0,0
32695,0,0,0
32696,0,0,0
32697,0,0,0
32698,0,0,0
32699,0,0,0
32700,0,0,0
32701,0,0,0
32702,0,0,0
32703,0,0,0
32704,0,0,0
32705,0,0,0
32706,0,0,0
32707,0,0,0
32708,0,0,0
32709,0,0,0
32710,0,0,0
32711,0,0,0
32712,0.008,0.008,0.008
32713,0,0,0
32714,0,0,0
32715,0,0,0
32716,0,0,0
32717,0,0,0
32718,0,0,0
32719,0,0,0
32720,0,0,0
32721,0,0,0
32722,0,0,0
32723,0,0,0
32724,0,0,0
32725,0,0,0
32726,0,0,0
32727,0,0,0
32728,0,0,0
32729,0,0,0
32730,0,0,0
32731,0,0,0
32732,0,0,0
32733,0,0,0
32734,0,0,0
32735,0,0,0
32736,0,0,0
32737,0,0,0
32738,0,0,0
32739,0,0,0
32740,0,0,0
32741,0,0,0
32742,0.004,0.004,0.004
32743,0,0,0
32744,0,0,0
32745,0,0,0
32746,0,0,0
32747,0,0,0
32748,0,0,0
32749,0,0,0
32750,0,0,0
32751,0,0,0
32752,0,0,0
32753,0,0,0
32754,0.004,0.004,0.004
32755,0.01,0.01,0.01
32756,0.014,0.014,0.014
32757,0.018,0.018,0.018
32758,0.02,0.02,0.02
32759,0.018,0.018,0.018
32760,0.018,0.018,0.018
32761,0.052,0.052,0.052
32762,0.052,0.052,0.052
32763,0.052,0.052,0.052
32764,0.046,0.046,0.046
32765,0.044,0.044,0.044
32766,0.044,0.044,0.044
32767,0.05,0.05,0.05
32768,0.046,0.046,0.046
32769,0.044,0.044,0.044
32770,0.038,0.038,0.038
32771,0.038,0.038,0.038
32772,0.038,0.038,0.038
32773,0.048,0.048,0.048
32774,0.058,0.058,0.058
32775,0.068,0.068,0.068
32776,0.058,0.058,0.058
32777,0.054,0.054,0.054
32778,0.05,0.05,0.05
32779,0.072,0.072,0.072
32780,0.088,0.088,0.088
32781,0.11,0.11,0.11
32782,0.098,0.098,0.098
32783,0.112,0.112,0.112
32784,0.104,0.104,0.104
32785,0.134,0.134,0.134
32786,0.14,0.14,0.14
32787,0.122,0.122,0.122
32788,0.118,0.118,0.118
32789,0.12,0.12,0.12
32790,0.106,0.106,0.106
32791,0.072,0.072,0.072
32792,0.054,0.054,0.054
32793,0.054,0.054,0.054
32794,0.12,0.12,0.12
32795,0.168,0.168,0.168
32796,0.15,0.15,0.15
32797,0.128,0.128,0.128
32798,0.124,0.124,0.124
32799,0.146,0.146,0.146
32800,0.146,0.146,0.146
32801,0.144,0.144,0.144
32802,0.136,0.136,0.136
32803,0.132,0.132,0.132
32804,0.118,0.118,0.118
32805,0.13,0.13,0.13
32806,0.106,0.106,0.106
32807,0.116,0.116,0.116
32808,0.126,0.126,0.126
32809,0.12,0.12,0.12
32810,0.14,0.14,0.14
32811,0.126,0.126,0.126
32812,0.122,0.122,0.122
32813,0.118,0.118,0.118
32814,0.106,0.106,0.106
32815,0.118,0.118,0.118
32816,0.12,0.12,0.12
32817,0.108,0.108,0.108
32818,0.124,0.124,0.124
32819,0.126,0.126,0.126
32820,0.106,0.106,0.106
32821,0.098,0.098,0.098
32822,0.106,0.106,0.106
32823,0.116,0.116,0.116
32824,0.116,0.116,0.116
32825,0.13,0.13,0.13
32826,0.148,0.148,0.148
32827,0.154,0.154,0.154
32828,0.134,0.134,0.134
32829,0.154,0.154,0.154
32830,0.132,0.132,0.132
32831,0.126,0.126,0.126
32832,0.122,0.122,0.122
32833,0.134,0.134,0.134
32834,0.142,0.142,0.142
32835,0.136,0.136,0.136
32836,0.122,0.122,0.122
32837,0.16,0.16,0.16
32838,0.188,0.188,0.188
32839,0.154,0.154,0.154
32840,0.188,0.188,0.188
32841,0.17,0.17,0.17
32842,0.174,0.174,0.174
32843,0.17,0.17,0.17
32844,0.162,0.162,0.162
32845,0.158,0.158,0.158
32846,0.156,0.156,0.156
32847,0.164,0.164,0.164
32848,0.16,0.16,0.16
32849,0.164,0.164,0.164
32850,0.112,0.112,0.112
32851,0.154,0.154,0.154
32852,0.154,0.154,0.154
32853,0.154,0.154,0.154
32854,0.158,0.158,0.158
32855,0.156,0.156,0.156
32856,0.156,0.156,0.156
32857,0.16,0.16,0.16
32858,0.138,0.138,0.138
32859,0.15,0.15,0.15
32860,0.154,0.154,0.154
32861,0.162,0.162,0.162
32862,0.172,0.172,0.172
32863,0.17,0.17,0.17
32864,0.19,0.19,0.19
32865,0.23,0.23,0.23
32866,0.274,0.274,0.274
32867,0.246,0.246,0.246
32868,0.24,0.24,0.24
32869,0.276,0.276,0.276
32870,0.308,0.308,0.308
32871,0.248,0.248,0.248
32872,0.264,0.264,0.264
32873,0.262,0.262,0.262
32874,0.304,0.304,0.304
32875,0.302,0.302,0.302
32876,0.29,0.29,0.29
32877,0.246,0.246,0.246
32878,0.248,0.248,0.248
32879,0.244,0.244,0.244
32880,0.222,0.222,0.222
32881,0.228,0.228,0.228
32882,0.234,0.234,0.234
32883,0.238,0.238,0.238
32884,0.246,0.246,0.246
32885,0.242,0.242,0.242
32886,0.248,0.248,0.248
32887,0.238,0.238,0.238
32888,0.25,0.25,0.25
32889,0.248,0.248,0.248
32890,0.248,0.248,0.248
32891,0.278,0.278,0.278
32892,0.268,0.268,0.268
32893,0.274,0.274,0.274
32894,0.272,0.272,0.272
32895,0.276,0.276,0.276
32896,0.28,0.28,0.28
32897,0.288,0.288,0.288
32898,0.302,0.302,0.302
32899,0.298,0.298,0.298
32900,0.31,0.31,0.31
32901,0.312,0.312,0.312
32902,0.358,0.358,0.358
32903,0.342,0.342,0.342
32904,0.338,0.338,0.338
32905,0.338,0.338,0.338
32906,0.344,0.344,0.344
32907,0.342,0.342,0.342
32908,0.33,0.33,0.33
32909,0.332,0.332,0.332
32910,0.342,0.342,0.342
32911,0.336,0.336,0.336
32912,0.382,0.382,0.382
32913,0.368,0.368,0.368
32914,0.35,0.35,0.35
32915,0.376,0.376,0.376
32916,0.406,0.406,0.406
32917,0.39,0.39,0.39
32918,0.39,0.39,0.39
32919,0.372,0.372,0.372
32920,0.368,0.368,0.368
32921,0.38,0.38,0.38
32922,0.368,0.368,0.368
32923,0.372,0.372,0.372
32924,0.358,0.358,0.358
32925,0.366,0.366,0.366
32926,0.372,0.372,0.372
32927,0.382,0.382,0.382
32928,0.388,0.388,0.388
32929,0.39,0.39,0.39
32930,0.382,0.382,0.382
32931,0.386,0.386,0.386
32932,0.416,0.416,0.416
32933,0.406,0.406,0.406
32934,0.406,0.406,0.406
32935,0.404,0.404,0.404
32936,0.404,0.404,0.404
32937,0.402,0.402,0.402
32938,0.404,0.404,0.404
32939,0.426,0.426,0.426
32940,0.422,0.422,0.422
32941,0.418,0.418,0.418
32942,0.418,0.418,0.418
32943,0.412,0.412,0.412
32944,0.414,0.414,0.414
32945,0.398,0.398,0.398
32946,0.388,0.388,0.388
32947,0.39,0.39,0.39
32948,0.378,0.378,0.378
32949,0.374,0.374,0.374
32950,0.384,0.384,0.384
32951,0.446,0.446,0.446
32952,0.432,0.432,0.432
32953,0.442,0.442,0.442
32954,0.44,0.296,0.296
32955,0.432,0.282,0.282
32956,0.436,0.268,0.268
32957,0.432,0.24,0.24
32958,0.43,0.224,0.224
32959,0.43,0.218,0.218
32960,0.41,0.184,0.184
32961,0.422,0.182,0.182
32962,0.43,0.17,0.17
32963,0.426,0.166,0.166
32964,0.42,0.152,0.152
32965,0.434,0.148,0.148
32966,0.422,0.12,0.12
32967,0.428,0.116,0.116
32968,0.44,0.102,0.102
32969,0.428,0.066,0.066
32970,0.428,0.042,0.042
32971,0.418,0.036,0.036
32972,0.41,0.02,0.02
32973,0.416,0.018,0.018
32974,0.402,0.016,0.016
32975,0.398,0.016,0.016
32976,0.394,0.01,0.01
32977,0.396,0.01,0.01
32978,0.384,0.004,0.004
32979,0.378,0.004,0.004
32980,0.37,0.004,0.004
32981,0.36,0.004,0.004
32982,0.35,0,0
32983,0.35,0,0
32984,0.346,0,0
32985,0.342,0,0
32986,0.336,0,0
32987,0.332,0,0
32988,0.326,0,0
32989,0.314,0,0
32990,0.318,0,0
32991,0.312,0,0
32992,0.294,0,0
32993,0.292,0,0
32994,0.294,0,0
32995,0.288,0,0
32996,0.284,0,0
32997,0.292,0,0
32998,0.306,0,0
32999,0.296,0,0
33000,0.282,0,0
33001,0.268,0,0
33002,0.24,0,0
33003,0.224,0,0
33004,0.218,0,0
33005,0.184,0,0
33006,0.182,0,0
33007,0.17,0,0
33008,0.166,0,0
33009,0.152,0,0
33010,0.148,0,0
33011,0.12,0,0
33012,0.116,0,0
33013,0.102,0,0
33014,0.066,0,0
33015,0.042,0,0
33016,0.036,0,0
33017,0.02,0,0
33018,0.018,0,0
33019,0.016,0,0
33020,0.016,0,0
33021,0.01,0,0
33022,0.01,0,0
33023,0.004,0,0
33024,0.004,0,0
33025,0.004,0,0
33026,0.004,0,0
33027,0,0,0
33028,0,0,0
33029,0,0,0
33030,0,0,0
33031,0,0,0
33032,0,0,0
33033,0,0,0
33034,0,0,0
33035,0,0,0
33036,0,0,0
33037,0,0,0
33038,0,0,0
33039,0,0,0
33040,0,0,0
33041,0,0,0
33042,0,0,0
33043,0,0,0
33044,0,0,0
33045,0,0,0
33046,0,0,0
33047,0,0,0
33048,0,0,0
33049,0,0,0
33050,0,0,0
33051,0,0,0
33052,0,0,0
33053,0,0,0
33054,0,0,0
33055,0,0,0
33056,0,0,0
33057,0,0,0
33058,0,0,0
33059,0,0,0
33060,0,0,0
33061,0,0,0
33062,0,0,0
33063,0,0,0
33064,0,0,0
33065,0,0,0
33066,0,0,0
33067,0,0,0
33068,0,0,0
33069,0,0,0
33070,0,0,0
33071,0,0,0
33072,0,0,0
33073,0,0,0
33074,0,0,0
33075,0,0,0
33076,0,0,0
33077,0.008,0.008,0.008
33078,0,0,0
33079,0,0,0
33080,0,0,0
33081,0,0,0
33082,0,0,0
33083,0,0,0
33084,0,0,0
33085,0,0,0
33086,0,0,0
33087,0,0,0
33088,0,0,0
33089,0,0,0
33090,0,0,0
33091,0,0,0
33092,0,0,0
33093,0,0,0
33094,0,0,0
33095,0,0,0
33096,0,0,0
33097,0,0,0
33098,0,0,0
33099,0,0,0
33100,0,0,0
33101,0,0,0
33102,0,0,0
33103,0,0,0
33104,0,0,0
33105,0,0,0
33106,0,0,0
33107,0.004,0.004,0.004
33108,0,0,0
33109,0,0,0
33110,0,0,0
33111,0,0,0
33112,0,0,0
33113,0,0,0
33114,0,0,0
33115,0,0,0
33116,0,0,0
33117,0,0,0
33118,0,0,0
33119,0.004,0.004,0.004
33120,0.01,0.01,0.01
33121,0.014,0.014,0.014
33122,0.018,0.018,0.018
33123,0.02,0.02,0.02
33124,0.018,0.018,0.018
33125,0.018,0.018,0.018
33126,0.052,0.052,0.052
33127,0.052,0.052,0.052
33128,0.052,0.052,0.052
33129,0.046,0.046,0.046
33130,0.044,0.044,0.044
33131,0.044,0.044,0.044
33132,0.05,0.05,0.05
33133,0.046,0.046,0.046
33134,0.044,0.044,0.044
33135,0.038,0.038,0.038
33136,0.038,0.038,0.038
33137,0.038,0.038,0.038
33138,0.048,0.048,0.048
33139,0.058,0.058,0.058
33140,0.068,0.068,0.068
33141,0.058,0.058,0.058
33142,0.054,0.054,0.054
33143,0.05,0.05,0.05
33144,0.072,0.072,0.072
33145,0.088,0.088,0.088
33146,0.11,0.11,0.11
33147,0.098,0.098,0.098
33148,0.112,0.112,0.112
33149,0.104,0.104,0.104
33150,0.134,0.134,0.134
33151,0.14,0.14,0.14
33152,0.122,0.122,0.122
33153,0.118,0.118,0.118
33154,0.12,0.12,0.12
33155,0.106,0.106,0.106
33156,0.072,0.072,0.072
33157,0.054,0.054,0.054
33158,0.054,0.054,0.054
33159,0.12,0.12,0.12
33160,0.168,0.168,0.168
33161,0.15,0.15,0.15
33162,0.128,0.128,0.128
33163,0.124,0.124,0.124
33164,0.146,0.146,0.146
33165,0.146,0.146,0.146
33166,0.144,0.144,0.144
33167,0.136,0.136,0.136
33168,0.132,0.132,0.132
33169,0.118,0.118,0.118
33170,0.13,0.13,0.13
33171,0.106,0.106,0.106
33172,0.116,0.116,0.116
33173,0.126,0.126,0.126
33174,0.12,0.12,0.12
33175,0.14,0.14,0.14
33176,0.126,0.126,0.126
33177,0.122,0.122,0.122
33178,0.118,0.118,0.118
33179,0.106,0.106,0.106
33180,0.118,0.118,0.118
33181,0.12,0.12,0.12
33182,0.108,0.108,0.108
33183,0.124,0.124,0.124
33184,0.126,0.126,0.126
33185,0.106,0.106,0.106
33186,0.098,0.098,0.098
33187,0.106,0.106,0.106
33188,0.116,0.116,0.116
33189,0.116,0.116,0.116
33190,0.13,0.13,0.13
33191,0.148,0.148,0.148
33192,0.154,0.154,0.154
33193,0.134,0.134,0.134
33194,0.154,0.154,0.154
33195,0.132,0.132,0.132
33196,0.126,0.126,0.126
33197,0.122,0.122,0.122
33198,0.134,0.134,0.134
33199,0.142,0.142,0.142
33200,0.136,0.136,0.136
33201,0.122,0.122,0.122
33202,0.16,0.16,0.16
33203,0.188,0.188,0.188
33204,0.154,0.154,0.154
33205,0.188,0.188,0.188
33206,0.17,0.17,0.17
33207,0.174,0.174,0.174
33208,0.17,0.17,0.17
33209,0.162,0.162,0.162
33210,0.158,0.158,0.158
33211,0.156,0.156,0.156
33212,0.164,0.164,0.164
33213,0.16,0.16,0.16
33214,0.164,0.164,0.164
33215,0.112,0.112,0.112
33216,0.154,0.154,0.154
33217,0.154,0.154,0.154
33218,0.154,0.154,0.154
33219,0.158,0.158,0.158
33220,0.156,0.156,0.156
33221,0.156,0.156,0.156
33222,0.16,0.16,0.16
33223,0.138,0.138,0.138
33224,0.15,0.15,0.15
33225,0.154,0.154,0.154
33226,0.162,0.162,0.162
33227,0.172,0.172,0.172
33228,0.17,0.17,0.17
33229,0.19,0.19,0.19
33230,0.23,0.23,0.23
33231,0.274,0.274,0.274
33232,0.246,0.246,0.246
33233,0.24,0.24,0.24
33234,0.276,0.276,0.276
33235,0.308,0.308,0.308
33236,0.248,0.248,0.248
33237,0.264,0.264,0.264
33238,0.262,0.262,0.262
33239,0.304,0.304,0.304
33240,0.302,0.302,0.302
33241,0.29,0.29,0.29
33242,0.246,0.246,0.246
33243,0.248,0.248,0.248
33244,0.244,0.244,0.244
33245,0.222,0.222,0.222
33246,0.228,0.228,0.228
33247,0.234,0.234,0.234
33248,0.238,0.238,0.238
33249,0.246,0.246,0.246
33250,0.242,0.242,0.242
33251,0.248,0.248,0.248
33252,0.238,0.238,0.238
33253,0.25,0.25,0.25
33254,0.248,0.248,0.248
33255,0.248,0.248,0.248
33256,0.278,0.278,0.278
33257,0.268,0.268,0.268
33258,0.274,0.274,0.274
33259,0.272,0.272,0.272
33260,0.276,0.276,0.276
33261,0.28,0.28,0.28
33262,0.288,0.288,0.288
33263,0.302,0.302,0.302
33264,0.298,0.298,0.298
33265,0.31,0.31,0.31
33266,0.312,0.312,0.312
33267,0.358,0.358,0.358
33268,0.342,0.342,0.342
33269,0.338,0.338,0.338
33270,0.338,0.338,0.338
33271,0.344,0.344,0.344
33272,0.342,0.342,0.342
33273,0.33,0.33,0.33
33274,0.332,0.332,0.332
33275,0.342,0.342,0.342
33276,0.336,0.336,0.336
33277,0.382,0.382,0.382
33278,0.368,0.368,0.368
33279,0.35,0.35,0.35
33280,0.376,0.376,0.376
33281,0.406,0.406,0.406
33282,0.39,0.39,0.39
33283,0.39,0.39,0.39
33284,0.372,0.372,0.372
33285,0.368,0.368,0.368
33286,0.38,0.38,0.38
33287,0.368,0.368,0.368
33288,0.372,0.372,0.372
33289,0.358,0.358,0.358
33290,0.366,0.366,0.366
33291,0.372,0.372,0.372
33292,0.382,0.382,0.382
33293,0.388,0.388,0.388
33294,0.39,0.39,0.39
33295,0.382,0.382,0.382
33296,0.386,0.386,0.386
33297,0.416,0.416,0.416
33298,0.406,0.406,0.406
33299,0.406,0.406,0.406
33300,0.404,0.404,0.404
33301,0.404,0.404,0.404
33302,0.402,0.402,0.402
33303,0.404,0.404,0.404
33304,0.426,0.426,0.426
33305,0.422,0.422,0.422
33306,0.418,0.418,0.418
33307,0.418,0.418,0.418
33308,0.412,0.412,0.412
33309,0.414,0.414,0.414
33310,0.398,0.398,0.398
33311,0.388,0.388,0.388
33312,0.39,0.39,0.39
33313,0.378,0.378,0.378
33314,0.374,0.374,0.374
33315,0.384,0.384,0.384
33316,0.446,0.446,0.446
33317,0.432,0.432,0.432
33318,0.442,0.442,0.442
33319,0.44,0.296,0.296
33320,0.432,0.282,0.282
33321,0.436,0.268,0.268
33322,0.432,0.24,0.24
33323,0.43,0.224,0.224
33324,0.43,0.218,0.218
33325,0.41,0.184,0.184
33326,0.422,0.182,0.182
33327,0.43,0.17,0.17
33328,0.426,0.166,0.166
33329,0.42,0.152,0.152
33330,0.434,0.148,0.148
33331,0.422,0.12,0.12
33332,0.428,0.116,0.116
33333,0.44,0.102,0.102
33334,0.428,0.066,0.066
33335,0.428,0.042,0.042
33336,0.418,0.036,0.036
33337,0.41,0.02,0.02
33338,0.416,0.018,0.018
33339,0.402,0.016,0.016
33340,0.398,0.016,0.016
33341,0.394,0.01,0.01
33342,0.396,0.01,0.01
33343,0.384,0.004,0.004
33344,0.378,0.004,0.004
33345,0.37,0.004,0.004
33346,0.36,0.004,0.004
33347,0.35,0,0
33348,0.35,0,0
33349,0.346,0,0
33350,0.342,0,0
33351,0.336,0,0
33352,0.332,0,0
33353,0.326,0,0
33354,0.314,0,0
33355,0.318,0,0
33356,0.312,0,0
33357,0.294,0,0
33358,0.292,0,0
33359,0.294,0,0
33360,0.288,0,0
33361,0.284,0,0
33362,0.292,0,0
33363,0.306,0,0
33364,0.296,0,0
33365,0.282,0,0
33366,0.268,0,0
33367,0.24,0,0
33368,0.224,0,0
33369,0.218,0,0
33370,0.184,0,0
33371,0.182,0,0
33372,0.17,0,0
33373,0.166,0,0
33374,0.152,0,0
33375,0.148,0,0
33376,0.12,0,0
33377,0.116,0,0
33378,0.102,0,0
33379,0.066,0,0
33380,0.042,0,0
33381,0.036,0,0
33382,0.02,0,0
33383,0.018,0,0
33384,0.016,0,0
33385,0.016,0,0
33386,0.01,0,0
33387,0.01,0,0
33388,0.004,0,0
33389,0.004,0,0
33390,0.004,0,0
33391,0.004,0,0
33392,0,0,0
33393,0,0,0
33394,0,0,0
33395,0,0,0
33396,0,0,0
33397,0,0,0
33398,0,0,0
33399,0,0,0
33400,0,0,0
33401,0,0,0
33402,0,0,0
33403,0,0,0
33404,0,0,0
33405,0,0,0
33406,0,0,0
33407,0,0,0
33408,0,0,0
33409,0,0,0
33410,0,0,0
33411,0,0,0
33412,0,0,0
33413,0,0,0
33414,0,0,0
33415,0,0,0
33416,0,0,0
33417,0,0,0
33418,0,0,0
33419,0,0,0
33420,0,0,0
33421,0,0,0
33422,0,0,0
33423,0,0,0
33424,0,0,0
33425,0,0,0
33426,0,0,0
33427,0,0,0
33428,0,0,0
33429,0,0,0
33430,0,0,0
33431,0,0,0
33432,0,0,0
33433,0,0,0
33434,0,0,0
33435,0,0,0
33436,0,0,0
33437,0,0,0
33438,0,0,0
33439,0,0,0
33440,0,0,0
33441,0,0,0
33442,0.008,0.008,0.008
33443,0,0,0
33444,0,0,0
33445,0,0,0
33446,0,0,0
33447,0,0,0
33448,0,0,0
33449,0,0,0
33450,0,0,0
33451,0,0,0
33452,0,0,0
33453,0,0,0
33454,0,0,0
33455,0,0,0
33456,0,0,0
33457,0,0,0
33458,0,0,0
33459,0,0,0
33460,0,0,0
33461,0,0,0
33462,0,0,0
33463,0,0,0
33464,0,0,0
33465,0,0,0
33466,0,0,0
33467,0,0,0
33468,0,0,0
33469,0,0,0
33470,0,0,0
33471,0,0,0
33472,0.004,0.004,0.004
33473,0,0,0
33474,0,0,0
33475,0,0,0
33476,0,0,0
33477,0,0,0
33478,0,0,0
33479,0,0,0
33480,0,0,0
33481,0,0,0
33482,0,0,0
33483,0,0,0
33484,0.004,0.004,0.004
33485,0.01,0.01,0.01
33486,0.014,0.014,0.014
33487,0.018,0.018,0.018
33488,0.02,0.02,0.02
33489,0.018,0.018,0.018
33490,0.018,0.018,0.018
33491,0.052,0.052,0.052
33492,0.052,0.052,0.052
33493,0.052,0.052,0.052
33494,0.046,0.046,0.046
33495,0.044,0.044,0.044
33496,0.044,0.044,0.044
33497,0.05,0.05,0.05
33498,0.046,0.046,0.046
33499,0.044,0.044,0.044
33500,0.038,0.038,0.038
33501,0.038,0.038,0.038
33502,0.038,0.038,0.038
33503,0.048,0.048,0.048
33504,0.058,0.058,0.058
33505,0.068,0.068,0.068
33506,0.058,0.058,0.058
33507,0.054,0.054,0.054
33508,0.05,0.05,0.05
33509,0.072,0.072,0.072
33510,0.088,0.088,0.088
33511,0.11,0.11,0.11
33512,0.098,0.098,0.098
33513,0.112,0.112,0.112
33514,0.104,0.104,0.104
33515,0.134,0.134,0.134
33516,0.14,0.14,0.14
33517,0.122,0.122,0.122
33518,0.118,0.118,0.118
33519,0.12,0.12,0.12
33520,0.106,0.106,0.106
33521,0.072,0.072,0.072
33522,0.054,0.054,0.054
33523,0.054,0.054,0.054
33524,0.12,0.12,0.12
33525,0.168,0.168,0.168
33526,0.15,0.15,0.15
33527,0.128,0.128,0.128
33528,0.124,0.124,0.124
33529,0.146,0.146,0.146
33530,0.146,0.146,0.146
33531,0.144,0.144,0.144
33532,0.136,0.136,0.136
33533,0.132,0.132,0.132
33534,0.118,0.118,0.118
33535,0.13,0.13,0.13
33536,0.106,0.106,0.106
33537,0.116,0.116,0.116
33538,0.126,0.126,0.126
33539,0.12,0.12,0.12
33540,0.14,0.14,0.14
33541,0.126,0.126,0.126
33542,0.122,0.122,0.122
33543,0.118,0.118,0.118
33544,0.106,0.106,0.106
33545,0.118,0.118,0.118
33546,0.12,0.12,0.12
33547,0.108,0.108,0.108
33548,0.124,0.124,0.124
33549,0.126,0.126,0.126
33550,0.106,0.106,0.106
33551,0.098,0.098,0.098
33552,0.106,0.106,0.106
33553,0.116,0.116,0.116
33554,0.116,0.116,0.116
33555,0.13,0.13,0.13
33556,0.148,0.148,0.148
33557,0.154,0.154,0.154
33558,0.134,0.134,0.134
33559,0.154,0.154,0.154
33560,0.132,0.132,0.132
33561,0.126,0.126,0.126
33562,0.122,0.122,0.122
33563,0.134,0.134,0.134
33564,0.142,0.142,0.142
33565,0.136,0.136,0.136
33566,0.122,0.122,0.122
33567,0.16,0.16,0.16
33568,0.188,0.188,0.188
33569,0.154,0.154,0.154
33570,0.188,0.188,0.188
33571,0.17,0.17,0.17
33572,0.174,0.174,0.174
33573,0.17,0.17,0.17
33574,0.162,0.162,0.162
33575,0.158,0.158,0.158
33576,0.156,0.156,0.156
33577,0.164,0.164,0.164
33578,0.16,0.16,0.16
33579,0.164,0.164,0.164
33580,0.112,0.112,0.112
33581,0.154,0.154,0.154
33582,0.154,0.154,0.154
33583,0.154,0.154,0.154
33584,0.158,0.158,0.158
33585,0.156,0.156,0.156
33586,0.156,0.156,0.156
33587,0.16,0.16,0.16
33588,0.138,0.138,0.138
33589,0.15,0.15,0.15
33590,0.154,0.154,0.154
33591,0.162,0.162,0.162
33592,0.172,0.172,0.172
33593,0.17,0.17,0.17
33594,0.19,0.19,0.19
33595,0.23,0.23,0.23
33596,0.274,0.274,0.274
33597,0.246,0.246,0.246
33598,0.24,0.24,0.24
33599,0.276,0.276,0.276
33600,0.308,0.308,0.308
33601,0.248,0.248,0.248
33602,0.264,0.264,0.264
33603,0.262,0.262,0.262
33604,0.304,0.304,0.304
33605,0.302,0.302,0.302
33606,0.29,0.29,0.29
33607,0.246,0.246,0.246
33608,0.248,0.248,0.248
33609,0.244,0.244,0.244
33610,0.222,0.222,0.222
33611,0.228,0.228,0.228
33612,0.234,0.234,0.234
33613,0.238,0.238,0.238
33614,0.246,0.246,0.246
33615,0.242,0.242,0.242
33616,0.248,0.248,0.248
33617,0.238,0.238,0.238
33618,0.25,0.25,0.25
33619,0.248,0.248,0.248
33620,0.248,0.248,0.248
33621,0.278,0.278,0.278
33622,0.268,0.268,0.268
33623,0.274,0.274,0.274
33624,0.272,0.272,0.272
33625,0.276,0.276,0.276
33626,0.28,0.28,0.28
33627,0.288,0.288,0.288
33628,0.302,0.302,0.302
33629,0.298,0.298,0.298
33630,0.31,0.31,0.31
33631,0.312,0.312,0.312
33632,0.358,0.358,0.358
33633,0.342,0.342,0.342
33634,0.338,0.338,0.338
33635,0.338,0.338,0.338
33636,0.344,0.344,0.344
33637,0.342,0.342,0.342
33638,0.33,0.33,0.33
33639,0.332,0.332,0.332
33640,0.342,0.342,0.342
33641,0.336,0.336,0.336
33642,0.382,0.382,0.382
33643,0.368,0.368,0.368
33644,0.35,0.35,0.35
33645,0.376,0.376,0.376
33646,0.406,0.406,0.406
33647,0.39,0.39,0.39
33648,0.39,0.39,0.39
33649,0.372,0.372,0.372
33650,0.368,0.368,0.368
33651,0.38,0.38,0.38
33652,0.368,0.368,0.368
33653,0.372,0.372,0.372
33654,0.358,0.358,0.358
33655,0.366,0.366,0.366
33656,0.372,0.372,0.372
33657,0.382,0.382,0.382
33658,0.388,0.388,0.388
33659,0.39,0.39,0.39
33660,0.382,0.382,0.382
33661,0.386,0.386,0.386
33662,0.416,0.416,0.416
33663,0.406,0.406,0.406
33664,0.406,0.406,0.406
33665,0.404,0.404,0.404
33666,0.404,0.404,0.404
33667,0.402,0.402,0.402
33668,0.404,0.404,0.404
33669,0.426,0.426,0.426
33670,0.422,0.422,0.422
33671,0.418,0.418,0.418
33672,0.418,0.418,0.418
33673,0.412,0.412,0.412
33674,0.414,0.414,0.414
33675,0.398,0.398,0.398
33676,0.388,0.388,0.388
33677,0.39,0.39,0.39
33678,0.378,0.378,0.378
33679,0.374,0.374,0.374
33680,0.384,0.384,0.384
33681,0.446,0.446,0.446
33682,0.432,0.432,0.432
33683,0.442,0.296,0.296
33684,0.44,0.282,0.282
33685,0.432,0.268,0.268
33686,0.436,0.24,0.24
33687,0.432,0.224,0.224
33688,0.43,0.218,0.218
33689,0.43,0.184,0.184
33690,0.41,0.182,0.182
33691,0.422,0.17,0.17
33692,0.43,0.166,0.166
33693,0.426,0.152,0.152
33694,0.42,0.148,0.148
33695,0.434,0.12,0.12
33696,0.422,0.116,0.116
33697,0.428,0.102,0.102
33698,0.44,0.066,0.066
33699,0.428,0.042,0.042
33700,0.428,0.036,0.036
33701,0.418,0.02,0.02
33702,0.41,0.018,0.018
33703,0.416,0.016,0.016
33704,0.402,0.016,0.016
33705,0.398,0.01,0.01
33706,0.394,0.01,0.01
33707,0.396,0.004,0.004
33708,0.384,0.004,0.004
33709,0.378,0.004,0.004
33710,0.37,0.004,0.004
33711,0.36,0,0
33712,0.35,0,0
33713,0.35,0,0
33714,0.346,0,0
33715,0.342,0,0
33716,0.336,0,0
33717,0.332,0,0
33718,0.326,0,0
33719,0.314,0,0
33720,0.318,0,0
33721,0.312,0,0
33722,0.294,0,0
33723,0.292,0,0
33724,0.294,0,0
33725,0.288,0,0
33726,0.284,0,0
33727,0.292,0,0
33728,0.306,0,0
33729,0.296,0,0
33730,0.282,0,0
33731,0.268,0,0
33732,0.24,0,0
33733,0.224,0,0
33734,0.218,0,0
33735,0.184,0,0
33736,0.182,0,0
33737,0.17,0,0
33738,0.166,0,0
33739,0.152,0,0
33740,0.148,0,0
33741,0.12,0,0
33742,0.116,0,0
33743,0.102,0,0
33744,0.066,0,0
33745,0.042,0,0
33746,0.036,0,0
33747,0.02,0,0
33748,0.018,0,0
33749,0.016,0,0
33750,0.016,0,0
33751,0.01,0,0
33752,0.01,0,0
33753,0.004,0,0
33754,0.004,0,0
33755,0.004,0,0
33756,0.004,0,0
33757,0,0,0
33758,0,0,0
33759,0,0,0
33760,0,0,0
33761,0,0,0
33762,0,0,0
33763,0,0,0
33764,0,0,0
33765,0,0,0
33766,0,0,0
33767,0,0,0
33768,0,0,0
33769,0,0,0
33770,0,0,0
33771,0,0,0
33772,0,0,0
33773,0,0,0
33774,0,0,0
33775,0,0,0
33776,0,0,0
33777,0,0,0
33778,0,0,0
33779,0,0,0
33780,0,0,0
33781,0,0,0
33782,0,0,0
33783,0,0,0
33784,0,0,0
33785,0,0,0
33786,0,0,0
33787,0,0,0
33788,0,0,0
33789,0,0,0
33790,0,0,0
33791,0,0,0
33792,0,0,0
33793,0,0,0
33794,0,0,0
33795,0,0,0
33796,0,0,0
33797,0,0,0
33798,0,0,0
33799,0,0,0
33800,0,0,0
33801,0,0,0
33802,0,0,0
33803,0,0,0
33804,0,0,0
33805,0,0,0
33806,0,0,0
33807,0.008,0.008,0.008
33808,0,0,0
33809,0,0,0
33810,0,0,0
33811,0,0,0
33812,0,0,0
33813,0,0,0
33814,0,0,0
33815,0,0,0
33816,0,0,0
33817,0,0,0
33818,0,0,0
33819,0,0,0
33820,0,0,0
33821,0,0,0
33822,0,0,0
33823,0,0,0
33824,0,0,0
33825,0,0,0
33826,0,0,0
33827,0,0,0
33828,0,0,0
33829,0,0,0
33830,0,0,0
33831,0,0,0
33832,0,0,0
33833,0,0,0
33834,0,0,0
33835,0,0,0
33836,0,0,0
33837,0.004,0.004,0.004
33838,0,0,0
33839,0,0,0
33840,0,0,0
33841,0,0,0
33842,0,0,0
33843,0,0,0
33844,0,0,0
33845,0,0,0
33846,0,0,0
33847,0,0,0
33848,0,0,0
33849,0.004,0.004,0.004
33850,0.01,0.01,0.01
33851,0.014,0.014,0.014
33852,0.018,0.018,0.018
33853,0.02,0.02,0.02
33854,0.018,0.018,0.018
33855,0.018,0.018,0.018
33856,0.052,0.052,0.052
33857,0.052,0.052,0.052
33858,0.052,0.052,0.052
33859,0.046,0.046,0.046
33860,0.044,0.044,0.044
33861,0.044,0.044,0.044
33862,0.05,0.05,0.05
33863,0.046,0.046,0.046
33864,0.044,0.044,0.044
33865,0.038,0.038,0.038
33866,0.038,0.038,0.038
33867,0.038,0.038,0.038
33868,0.048,0.048,0.048
33869,0.058,0.058,0.058
33870,0.068,0.068,0.068
33871,0.058,0.058,0.058
33872,0.054,0.054,0.054
33873,0.05,0.05,0.05
33874,0.072,0.072,0.072
33875,0.088,0.088,0.088
33876,0.11,0.11,0.11
33877,0.098,0.098,0.098
33878,0.112,0.112,0.112
33879,0.104,0.104,0.104
33880,0.134,0.134,0.134
33881,0.14,0.14,0.14
33882,0.122,0.122,0.122
33883,0.118,0.118,0.118
33884,0.12,0.12,0.12
33885,0.106,0.106,0.106
33886,0.072,0.072,0.072
33887,0.054,0.054,0.054
33888,0.054,0.054,0.054
33889,0.12,0.12,0.12
33890,0.168,0.168,0.168
33891,0.15,0.15,0.15
33892,0.128,0.128,0.128
33893,0.124,0.124,0.124
33894,0.146,0.146,0.146
33895,0.146,0.146,0.146
33896,0.144,0.144,0.144
33897,0.136,0.136,0.136
33898,0.132,0.132,0.132
33899,0.118,0.118,0.118
33900,0.13,0.13,0.13
33901,0.106,0.106,0.106
33902,0.116,0.116,0.116
33903,0.126,0.126,0.126
33904,0.12,0.12,0.12
33905,0.14,0.14,0.14
33906,0.126,0.126,0.126
33907,0.122,0.122,0.122
33908,0.118,0.118,0.118
33909,0.106,0.106,0.106
33910,0.118,0.118,0.118
33911,0.12,0.12,0.12
33912,0.108,0.108,0.108
33913,0.124,0.124,0.124
33914,0.126,0.126,0.126
33915,0.106,0.106,0.106
33916,0.098,0.098,0.098
33917,0.106,0.106,0.106
33918,0.116,0.116,0.116
33919,0.116,0.116,0.116
33920,0.13,0.13,0.13
33921,0.148,0.148,0.148
33922,0.154,0.154,0.154
33923,0.134,0.134,0.134
33924,0.154,0.154,0.154
33925,0.132,0.132,0.132
33926,0.126,0.126,0.126
33927,0.122,0.122,0.122
33928,0.134,0.134,0.134
33929,0.142,0.142,0.142
33930,0.136,0.136,0.136
33931,0.122,0.122,0.122
33932,0.16,0.16,0.16
33933,0.188,0.188,0.188
33934,0.154,0.154,0.154
33935,0.188,0.188,0.188
33936,0.17,0.17,0.17
33937,0.174,0.174,0.174
33938,0.17,0.17,0.17
33939,0.162,0.162,0.162
33940,0.158,0.158,0.158
33941,0.156,0.156,0.156
33942,0.164,0.164,0.164
33943,0.16,0.16,0.16
33944,0.164,0.164,0.164
33945,0.112,0.112,0.112
33946,0.154,0.154,0.154
33947,0.154,0.154,0.154
33948,0.154,0.154,0.154
33949,0.158,0.158,0.158
33950,0.156,0.156,0.156
33951,0.156,0.156,0.156
33952,0.16,0.16,0.16
33953,0.138,0.138,0.138
33954,0.15,0.15,0.15
33955,0.154,0.154,0.154
33956,0.162,0.162,0.162
33957,0.172,0.172,0.172
33958,0.17,0.17,0.17
33959,0.19,0.19,0.19
33960,0.23,0.23,0.23
33961,0.274,0.274,0.274
33962,0.246,0.246,0.246
33963,0.24,0.24,0.24
33964,0.276,0.276,0.276
33965,0.308,0.308,0.308
33966,0.248,0.248,0.248
33967,0.264,0.264,0.264
33968,0.262,0.262,0.262
33969,0.304,0.304,0.304
33970,0.302,0.302,0.302
33971,0.29,0.29,0.29
33972,0.246,0.246,0.246
33973,0.248,0.248,0.248
33974,0.244,0.244,0.244
33975,0.222,0.222,0.222
33976,0.228,0.228,0.228
33977,0.234,0.234,0.234
33978,0.238,0.238,0.238
33979,0.246,0.246,0.246
33980,0.242,0.242,0.242
33981,0.248,0.248,0.248
33982,0.238,0.238,0.238
33983,0.25,0.25,0.25
33984,0.248,0.248,0.248
33985,0.248,0.248,0.248
33986,0.278,0.278,0.278
33987,0.268,0.268,0.268
33988,0.274,0.274,0.274
33989,0.272,0.272,0.272
33990,0.276,0.276,0.276
33991,0.28,0.28,0.28
33992,0.288,0.288,0.288
33993,0.302,0.302,0.302
33994,0.298,0.298,0.298
33995,0.31,0.31,0.31
33996,0.312,0.312,0.312
33997,0.358,0.358,0.358
33998,0.342,0.342,0.342
33999,0.338,0.338,0.338
34000,0.338,0.338,0.338
34001,0.344,0.344,0.344
34002,0.342,0.342,0.342
34003,0.33,0.33,0.33
34004,0.332,0.332,0.332
34005,0.342,0.342,0.342
34006,0.336,0.336,0.336
34007,0.382,0.382,0.382
34008,0.368,0.368,0.368
34009,0.35,0.35,0.35
34010,0.376,0.376,0.376
34011,0.406,0.406,0.406
34012,0.39,0.39,0.39
34013,0.39,0.39,0.39
34014,0.372,0.372,0.372
34015,0.368,0.368,0.368
34016,0.38,0.38,0.38
34017,0.368,0.368,0.368
34018,0.372,0.372,0.372
34019,0.358,0.358,0.358
34020,0.366,0.366,0.366
34021,0.372,0.372,0.372
34022,0.382,0.382,0.382
34023,0.388,0.388,0.388
34024,0.39,0.39,0.39
34025,0.382,0.382,0.382
34026,0.386,0.386,0.386
34027,0.416,0.416,0.416
34028,0.406,0.406,0.406
34029,0.406,0.406,0.406
34030,0.404,0.404,0.404
34031,0.404,0.404,0.404
34032,0.402,0.402,0.402
34033,0.404,0.404,0.404
34034,0.426,0.426,0.426
34035,0.422,0.422,0.422
34036,0.418,0.418,0.418
34037,0.418,0.418,0.418
34038,0.412,0.412,0.412
34039,0.414,0.414,0.414
34040,0.398,0.398,0.398
34041,0.388,0.388,0.388
34042,0.39,0.39,0.39
34043,0.378,0.378,0.378
34044,0.374,0.374,0.374
34045,0.384,0.384,0.384
34046,0.446,0.446,0.446
34047,0.432,0.432,0.432
34048,0.442,0.296,0.296
34049,0.44,0.282,0.282
34050,0.432,0.268,0.268
34051,0.436,0.24,0.24
34052,0.432,0.224,0.224
34053,0.43,0.218,0.218
34054,0.43,0.184,0.184
34055,0.41,0.182,0.182
34056,0.422,0.17,0.17
34057,0.43,0.166,0.166
34058,0.426,0.152,0.152
34059,0.42,0.148,0.148
34060,0.434,0.12,0.12
34061,0.422,0.116,0.116
34062,0.428,0.102,0.102
34063,0.44,0.066,0.066
34064,0.428,0.042,0.042
34065,0.428,0.036,0.036
34066,0.418,0.02,0.02
34067,0.41,0.018,0.018
34068,0.416,0.016,0.016
34069,0.402,0.016,0.016
34070,0.398,0.01,0.01
34071,0.394,0.01,0.01
34072,0.396,0.004,0.004
34073,0.384,0.004,0.004
34074,0.378,0.004,0.004
34075,0.37,0.004,0.004
34076,0.36,0,0
34077,0.35,0,0
34078,0.35,0,0
34079,0.346,0,0
34080,0.342,0,0
34081,0.336,0,0
34082,0.332,0,0
34083,0.326,0,0
34084,0.314,0,0
34085,0.318,0,0
34086,0.312,0,0
34087,0.294,0,0
34088,0.292,0,0
34089,0.294,0,0
34090,0.288,0,0
34091,0.284,0,0
34092,0.292,0,0
34093,0.306,0,0
34094,0.296,0,0
34095,0.282,0,0
34096,0.268,0,0
34097,0.24,0,0
34098,0.224,0,0
34099,0.218,0,0
34100,0.184,0,0
34101,0.182,0,0
34102,0.17,0,0
34103,0.166,0,0
34104,0.152,0,0
34105,0.148,0,0
34106,0.12,0,0
34107,0.116,0,0
34108,0.102,0,0
34109,0.066,0,0
34110,0.042,0,0
34111,0.036,0,0
34112,0.02,0,0
34113,0.018,0,0
34114,0.016,0,0
34115,0.016,0,0
34116,0.01,0,0
34117,0.01,0,0
34118,0.004,0,0
34119,0.004,0,0
34120,0.004,0,0
34121,0.004,0,0
34122,0,0,0
34123,0,0,0
34124,0,0,0
34125,0,0,0
34126,0,0,0
34127,0,0,0
34128,0,0,0
34129,0,0,0
34130,0,0,0
34131,0,0,0
34132,0,0,0
34133,0,0,0
34134,0,0,0
34135,0,0,0
34136,0,0,0
34137,0,0,0
34138,0,0,0
34139,0,0,0
34140,0,0,0
34141,0,0,0
34142,0,0,0
34143,0,0,0
34144,0,0,0
34145,0,0,0
34146,0,0,0
34147,0,0,0
34148,0,0,0
34149,0,0,0
34150,0,0,0
34151,0,0,0
34152,0,0,0
34153,0,0,0
34154,0,0,0
34155,0,0,0
34156,0,0,0
34157,0,0,0
34158,0,0,0
34159,0,0,0
34160,0,0,0
34161,0,0,0
34162,0,0,0
34163,0,0,0
34164,0,0,0
34165,0,0,0
34166,0,0,0
34167,0,0,0
34168,0,0,0
34169,0,0,0
34170,0,0,0
34171,0,0,0
34172,0.008,0.008,0.008
34173,0,0,0
34174,0,0,0
34175,0,0,0
34176,0,0,0
34177,0,0,0
34178,0,0,0
34179,0,0,0
34180,0,0,0
34181,0,0,0
34182,0,0,0
34183,0,0,0
34184,0,0,0
34185,0,0,0
34186,0,0,0
34187,0,0,0
34188,0,0,0
34189,0,0,0
34190,0,0,0
34191,0,0,0
34192,0,0,0
34193,0,0,0
34194,0,0,0
34195,0,0,0
34196,0,0,0
34197,0,0,0
34198,0,0,0
34199,0,0,0
34200,0,0,0
34201,0,0,0
34202,0.004,0.004,0.004
34203,0,0,0
34204,0,0,0
34205,0,0,0
34206,0,0,0
34207,0,0,0
34208,0,0,0
34209,0,0,0
34210,0,0,0
34211,0,0,0
34212,0,0,0
34213,0,0,0
34214,0.004,0.004,0.004
34215,0.01,0.01,0.01
34216,0.014,0.014,0.014
34217,0.018,0.018,0.018
34218,0.02,0.02,0.02
34219,0.018,0.018,0.018
34220,0.018,0.018,0.018
34221,0.052,0.052,0.052
34222,0.052,0.052,0.052
34223,0.052,0.052,0.052
34224,0.046,0.046,0.046
34225,0.044,0.044,0.044
34226,0.044,0.044,0.044
34227,0.05,0.05,0.05
34228,0.046,0.046,0.046
34229,0.044,0.044,0.044
34230,0.038,0.038,0.038
34231,0.038,0.038,0.038
34232,0.038,0.038,0.038
34233,0.048,0.048,0.048
34234,0.058,0.058,0.058
34235,0.068,0.068,0.068
34236,0.058,0.058,0.058
34237,0.054,0.054,0.054
34238,0.05,0.05,0.05
34239,0.072,0.072,0.072
34240,0.088,0.088,0.088
34241,0.11,0.11,0.11
34242,0.098,0.098,0.098
34243,0.112,0.112,0.112
34244,0.104,0.104,0.104
34245,0.134,0.134,0.134
34246,0.14,0.14,0.14
34247,0.122,0.122,0.122
34248,0.118,0.118,0.118
34249,0.12,0.12,0.12
34250,0.106,0.106,0.106
34251,0.072,0.072,0.072
34252,0.054,0.054,0.054
34253,0.054,0.054,0.054
34254,0.12,0.12,0.12
34255,0.168,0.168,0.168
34256,0.15,0.15,0.15
34257,0.128,0.128,0.128
34258,0.124,0.124,0.124
34259,0.146,0.146,0.146
34260,0.146,0.146,0.146
34261,0.144,0.144,0.144
34262,0.136,0.136,0.136
34263,0.132,0.132,0.132
34264,0.118,0.118,0.118
34265,0.13,0.13,0.13
34266,0.106,0.106,0.106
34267,0.116,0.116,0.116
34268,0.126,0.126,0.126
34269,0.12,0.12,0.12
34270,0.14,0.14,0.14
34271,0.126,0.126,0.126
34272,0.122,0.122,0.122
34273,0.118,0.118,0.118
34274,0.106,0.106,0.106
34275,0.118,0.118,0.118
34276,0.12,0.12,0.12
34277,0.108,0.108,0.108
34278,0.124,0.124,0.124
34279,0.126,0.126,0.126
34280,0.106,0.106,0.106
34281,0.098,0.098,0.098
34282,0.106,0.106,0.106
34283,0.116,0.116,0.116
34284,0.116,0.116,0.116
34285,0.13,0.13,0.13
34286,0.148,0.148,0.148
34287,0.154,0.154,0.154
34288,0.134,0.134,0.134
34289,0.154,0.154,0.154
34290,0.132,0.132,0.132
34291,0.126,0.126,0.126
34292,0.122,0.122,0.122
34293,0.134,0.134,0.134
34294,0.142,0.142,0.142
34295,0.136,0.136,0.136
34296,0.122,0.122,0.122
34297,0.16,0.16,0.16
34298,0.188,0.188,0.188
34299,0.154,0.154,0.154
34300,0.188,0.188,0.188
34301,0.17,0.17,0.17
34302,0.174,0.174,0.174
34303,0.17,0.17,0.17
34304,0.162,0.162,0.162
34305,0.158,0.158,0.158
34306,0.156,0.156,0.156
34307,0.164,0.164,0.164
34308,0.16,0.16,0.16
34309,0.164,0.164,0.164
34310,0.112,0.112,0.112
34311,0.154,0.154,0.154
34312,0.154,0.154,0.154
34313,0.154,0.154,0.154
34314,0.158,0.158,0.158
34315,0.156,0.156,0.156
34316,0.156,0.156,0.156
34317,0.16,0.16,0.16
34318,0.138,0.138,0.138
34319,0.15,0.15,0.15
34320,0.154,0.154,0.154
34321,0.162,0.162,0.162
34322,0.172,0.172,0.172
34323,0.17,0.17,0.17
34324,0.19,0.19,0.19
34325,0.23,0.23,0.23
34326,0.274,0.274,0.274
34327,0.246,0.246,0.246
34328,0.24,0.24,0.24
34329,0.276,0.276,0.276
34330,0.308,0.308,0.308
34331,0.248,0.248,0.248
34332,0.264,0.264,0.264
34333,0.262,0.262,0.262
34334,0.304,0.304,0.304
34335,0.302,0.302,0.302
34336,0.29,0.29,0.29
34337,0.246,0.246,0.246
34338,0.248,0.248,0.248
34339,0.244,0.244,0.244
34340,0.222,0.222,0.222
34341,0.228,0.228,0.228
34342,0.234,0.234,0.234
34343,0.238,0.238,0.238
34344,0.246,0.246,0.246
34345,0.242,0.242,0.242
34346,0.248,0.248,0.248
34347,0.238,0.238,0.238
34348,0.25,0.25,0.25
34349,0.248,0.248,0.248
34350,0.248,0.248,0.248
34351,0.278,0.278,0.278
34352,0.268,0.268,0.268
34353,0.274,0.274,0.274
34354,0.272,0.272,0.272
34355,0.276,0.276,0.276
34356,0.28,0.28,0.28
34357,0.288,0.288,0.288
34358,0.302,0.302,0.302
34359,0.298,0.298,0.298
34360,0.31,0.31,0.31
34361,0.312,0.312,0.312
34362,0.358,0.358,0.358
34363,0.342,0.342,0.342
34364,0.338,0.338,0.338
34365,0.338,0.338,0.338
34366,0.344,0.344,0.344
34367,0.342,0.342,0.342
34368,0.33,0.33,0.33
34369,0.332,0.332,0.332
34370,0.342,0.342,0.342
34371,0.336,0.336,0.336
34372,0.382,0.382,0.382
34373,0.368,0.368,0.368
34374,0.35,0.35,0.35
34375,0.376,0.376,0.376
34376,0.406,0.406,0.406
34377,0.39,0.39,0.39
34378,0.39,0.39,0.39
34379,0.372,0.372,0.372
34380,0.368,0.368,0.368
34381,0.38,0.38,0.38
34382,0.368,0.368,0.368
34383,0.372,0.372,0.372
34384,0.358,0.358,0.358
34385,0.366,0.366,0.366
34386,0.372,0.372,0.372
34387,0.382,0.382,0.382
34388,0.388,0.388,0.388
34389,0.39,0.39,0.39
34390,0.382,0.382,0.382
34391,0.386,0.386,0.386
34392,0.416,0.416,0.416
34393,0.406,0.406,0.406
34394,0.406,0.406,0.406
34395,0.404,0.404,0.404
34396,0.404,0.404,0.404
34397,0.402,0.402,0.402
34398,0.404,0.404,0.404
34399,0.426,0.426,0.426
34400,0.422,0.422,0.422
34401,0.418,0.418,0.418
34402,0.418,0.418,0.418
34403,0.412,0.412,0.412
34404,0.414,0.414,0.414
34405,0.398,0.398,0.398
34406,0.388,0.388,0.388
34407,0.39,0.39,0.39
34408,0.378,0.378,0.378
34409,0.374,0.374,0.374
34410,0.384,0.384,0.384
34411,0.446,0.446,0.446
34412,0.432,0.296,0.296
34413,0.442,0.282,0.282
34414,0.44,0.268,0.268
34415,0.432,0.24,0.24
34416,0.436,0.224,0.224
34417,0.432,0.218,0.218
34418,0.43,0.184,0.184
34419,0.43,0.182,0.182
34420,0.41,0.17,0.17
34421,0.422,0.166,0.166
34422,0.43,0.152,0.152
34423,0.426,0.148,0.148
34424,0.42,0.12,0.12
34425,0.434,0.116,0.116
34426,0.422,0.102,0.102
34427,0.428,0.066,0.066
34428,0.44,0.042,0.042
34429,0.428,0.036,0.036
34430,0.428,0.02,0.02
34431,0.418,0.018,0.018
34432,0.41,0.016,0.016
34433,0.416,0.016,0.016
34434,0.402,0.01,0.01
34435,0.398,0.01,0.01
34436,0.394,0.004,0.004
34437,0.396,0.004,0.004
34438,0.384,0.004,0.004
34439,0.378,0.004,0.004
34440,0.37,0,0
34441,0.36,0,0
34442,0.35,0,0
34443,0.35,0,0
34444,0.346,0,0
34445,0.342,0,0
34446,0.336,0,0
34447,0.332,0,0
34448,0.326,0,0
34449,0.314,0,0
34450,0.318,0,0
34451,0.312,0,0
34452,0.294,0,0
34453,0.292,0,0
34454,0.294,0,0
34455,0.288,0,0
34456,0.284,0,0
34457,0.292,0,0
34458,0.306,0,0
34459,0.296,0,0
34460,0.282,0,0
34461,0.268,0,0
34462,0.24,0,0
34463,0.224,0,0
34464,0.218,0,0
34465,0.184,0,0
34466,0.182,0,0
34467,0.17,0,0
34468,0.166,0,0
34469,0.152,0,0
34470,0.148,0,0
34471,0.12,0,0
34472,0.116,0,0
34473,0.102,0,0
34474,0.066,0,0
34475,0.042,0,0
34476,0.036,0,0
34477,0.02,0,0
34478,0.018,0,0
34479,0.016,0,0
34480,0.016,0,0
34481,0.01,0,0
34482,0.01,0,0
34483,0.004,0,0
34484,0.004,0,0
34485,0.004,0,0
34486,0.004,0,0
34487,0,0,0
34488,0,0,0
34489,0,0,0
34490,0,0,0
34491,0,0,0
34492,0,0,0
34493,0,0,0
34494,0,0,0
34495,0,0,0
34496,0,0,0
34497,0,0,0
34498,0,0,0
34499,0,0,0
34500,0,0,0
34501,0,0,0
34502,0,0,0
34503,0,0,0
34504,0,0,0
34505,0,0,0
34506,0,0,0
34507,0,0,0
34508,0,0,0
34509,0,0,0
34510,0,0,0
34511,0,0,0
34512,0,0,0
34513,0,0,0
34514,0,0,0
34515,0,0,0
34516,0,0,0
34517,0,0,0
34518,0,0,0
34519,0,0,0
34520,0,0,0
34521,0,0,0
34522,0,0,0
34523,0,0,0
34524,0,0,0
34525,0,0,0
34526,0,0,0
34527,0,0,0
34528,0,0,0
34529,0,0,0
34530,0,0,0
34531,0,0,0
34532,0,0,0
34533,0,0,0
34534,0,0,0
34535,0,0,0
34536,0,0,0
34537,0.008,0.008,0.008
34538,0,0,0
34539,0,0,0
34540,0,0,0
34541,0,0,0
34542,0,0,0
34543,0,0,0
34544,0,0,0
34545,0,0,0
34546,0,0,0
34547,0,0,0
34548,0,0,0
34549,0,0,0
34550,0,0,0
34551,0,0,0
34552,0,0,0
34553,0,0,0
34554,0,0,0
34555,0,0,0
34556,0,0,0
34557,0,0,0
34558,0,0,0
34559,0,0,0
34560,0,0,0
34561,0,0,0
34562,0,0,0
34563,0,0,0
34564,0,0,0
34565,0,0,0
34566,0,0,0
34567,0.004,0.004,0.004
34568,0,0,0
34569,0,0,0
34570,0,0,0
34571,0,0,0
34572,0,0,0
34573,0,0,0
34574,0,0,0
34575,0,0,0
34576,0,0,0
34577,0,0,0
34578,0,0,0
34579,0.004,0.004,0.004
34580,0.01,0.01,0.01
34581,0.014,0.014,0.014
34582,0.018,0.018,0.018
34583,0.02,0.02,0.02
34584,0.018,0.018,0.018
34585,0.018,0.018,0.018
34586,0.052,0.052,0.052
34587,0.052,0.052,0.052
34588,0.052,0.052,0.052
34589,0.046,0.046,0.046
34590,0.044,0.044,0.044
34591,0.044,0.044,0.044
34592,0.05,0.05,0.05
34593,0.046,0.046,0.046
34594,0.044,0.044,0.044
34595,0.038,0.038,0.038
34596,0.038,0.038,0.038
34597,0.038,0.038,0.038
34598,0.048,0.048,0.048
34599,0.058,0.058,0.058
34600,0.068,0.068,0.068
34601,0.058,0.058,0.058
34602,0.054,0.054,0.054
34603,0.05,0.05,0.05
34604,0.072,0.072,0.072
34605,0.088,0.088,0.088
34606,0.11,0.11,0.11
34607,0.098,0.098,0.098
34608,0.112,0.112,0.112
34609,0.104,0.104,0.104
34610,0.134,0.134,0.134
34611,0.14,0.14,0.14
34612,0.122,0.122,0.122
34613,0.118,0.118,0.118
34614,0.12,0.12,0.12
34615,0.106,0.106,0.106
34616,0.072,0.072,0.072
34617,0.054,0.054,0.054
34618,0.054,0.054,0.054
34619,0.12,0.12,0.12
34620,0.168,0.168,0.168
34621,0.15,0.15,0.15
34622,0.128,0.128,0.128
34623,0.124,0.124,0.124
34624,0.146,0.146,0.146
34625,0.146,0.146,0.146
34626,0.144,0.144,0.144
34627,0.136,0.136,0.136
34628,0.132,0.132,0.132
34629,0.118,0.118,0.118
34630,0.13,0.13,0.13
34631,0.106,0.106,0.106
34632,0.116,0.116,0.116
34633,0.126,0.126,0.126
34634,0.12,0.12,0.12
34635,0.14,0.14,0.14
34636,0.126,0.126,0.126
34637,0.122,0.122,0.122
34638,0.118,0.118,0.118
34639,0.106,0.106,0.106
34640,0.118,0.118,0.118
34641,0.12,0.12,0.12
34642,0.108,0.108,0.108
34643,0.124,0.124,0.124
34644,0.126,0.126,0.126
34645,0.106,0.106,0.106
34646,0.098,0.098,0.098
34647,0.106,0.106,0.106
34648,0.116,0.116,0.116
34649,0.116,0.116,0.116
34650,0.13,0.13,0.13
34651,0.148,0.148,0.148
34652,0.154,0.154,0.154
34653,0.134,0.134,0.134
34654,0.154,0.154,0.154
34655,0.132,0.132,0.132
34656,0.126,0.126,0.126
34657,0.122,0.122,0.122
34658,0.134,0.134,0.134
34659,0.142,0.142,0.142
34660,0.136,0.136,0.136
34661,0.122,0.122,0.122
34662,0.16,0.16,0.16
34663,0.188,0.188,0.188
34664,0.154,0.154,0.154
34665,0.188,0.188,0.188
34666,0.17,0.17,0.17
34667,0.174,0.174,0.174
34668,0.17,0.17,0.17
34669,0.162,0.162,0.162
34670,0.158,0.158,0.158
34671,0.156,0.156,0.156
34672,0.164,0.164,0.164
34673,0.16,0.16,0.16
34674,0.164,0.164,0.164
34675,0.112,0.112,0.112
34676,0.154,0.154,0.154
34677,0.154,0.154,0.154
34678,0.154,0.154,0.154
34679,0.158,0.158,0.158
34680,0.156,0.156,0.156
34681,0.156,0.156,0.156
34682,0.16,0.16,0.16
34683,0.138,0.138,0.138
34684,0.15,0.15,0.15
34685,0.154,0.154,0.154
34686,0.162,0.162,0.162
34687,0.172,0.172,0.172
34688,0.17,0.17,0.17
34689,0.19,0.19,0.19
34690,0.23,0.23,0.23
34691,0.274,0.274,0.274
34692,0.246,0.246,0.246
34693,0.24,0.24,0.24
34694,0.276,0.276,0.276
34695,0.308,0.308,0.308
34696,0.248,0.248,0.248
34697,0.264,0.264,0.264
34698,0.262,0.262,0.262
34699,0.304,0.304,0.304
34700,0.302,0.302,0.302
34701,0.29,0.29,0.29
34702,0.246,0.246,0.246
34703,0.248,0.248,0.248
34704,0.244,0.244,0.244
34705,0.222,0.222,0.222
34706,0.228,0.228,0.228
34707,0.234,0.234,0.234
34708,0.238,0.238,0.238
34709,0.246,0.246,0.246
34710,0.242,0.242,0.242
34711,0.248,0.248,0.248
34712,0.238,0.238,0.238
34713,0.25,0.25,0.25
34714,0.248,0.248,0.248
34715,0.248,0.248,0.248
34716,0.278,0.278,0.278
34717,0.268,0.268,0.268
34718,0.274,0.274,0.274
34719,0.272,0.272,0.272
34720,0.276,0.276,0.276
34721,0.28,0.28,0.28
34722,0.288,0.288,0.288
34723,0.302,0.302,0.302
34724,0.298,0.298,0.298
34725,0.31,0.31,0.31
34726,0.312,0.312,0.312
34727,0.358,0.358,0.358
34728,0.342,0.342,0.342
34729,0.338,0.338,0.338
34730,0.338,0.338,0.338
34731,0.344,0.344,0.344
34732,0.342,0.342,0.342
34733,0.33,0.33,0.33
34734,0.332,0.332,0.332
34735,0.342,0.342,0.342
34736,0.336,0.336,0.336
34737,0.382,0.382,0.382
34738,0.368,0.368,0.368
34739,0.35,0.35,0.35
34740,0.376,0.376,0.376
34741,0.406,0.406,0.406
34742,0.39,0.39,0.39
34743,0.39,0.39,0.39
34744,0.372,0.372,0.372
34745,0.368,0.368,0.368
34746,0.38,0.38,0.38
34747,0.368,0.368,0.368
34748,0.372,0.372,0.372
34749,0.358,0.358,0.358
34750,0.366,0.366,0.366
34751,0.372,0.372,0.372
34752,0.382,0.382,0.382
34753,0.388,0.388,0.388
34754,0.39,0.39,0.39
34755,0.382,0.382,0.382
34756,0.386,0.386,0.386
34757,0.416,0.416,0.416
34758,0.406,0.406,0.406
34759,0.406,0.406,0.406
34760,0.404,0.404,0.404
34761,0.404,0.404,0.404
34762,0.402,0.402,0.402
34763,0.404,0.404,0.404
34764,0.426,0.426,0.426
34765,0.422,0.422,0.422
34766,0.418,0.418,0.418
34767,0.418,0.418,0.418
34768,0.412,0.412,0.412
34769,0.414,0.414,0.414
34770,0.398,0.398,0.398
34771,0.388,0.388,0.388
34772,0.39,0.39,0.39
34773,0.378,0.378,0.378
34774,0.374,0.374,0.374
34775,0.384,0.384,0.384
34776,0.446,0.446,0.446
34777,0.432,0.296,0.296
34778,0.442,0.282,0.282
34779,0.44,0.268,0.268
34780,0.432,0.24,0.24
34781,0.436,0.224,0.224
34782,0.432,0.218,0.218
34783,0.43,0.184,0.184
34784,0.43,0.182,0.182
34785,0.41,0.17,0.17
34786,0.422,0.166,0.166
34787,0.43,0.152,0.152
34788,0.426,0.148,0.148
34789,0.42,0.12,0.12
34790,0.434,0.116,0.116
34791,0.422,0.102,0.102
34792,0.428,0.066,0.066
34793,0.44,0.042,0.042
34794,0.428,0.036,0.036
34795,0.428,0.02,0.02
34796,0.418,0.018,0.018
34797,0.41,0.016,0.016
34798,0.416,0.016,0.016
34799,0.402,0.01,0.01
34800,0.398,0.01,0.01
34801,0.394,0.004,0.004
34802,0.396,0.004,0.004
34803,0.384,0.004,0.004
34804,0.378,0.004,0.004
34805,0.37,0,0
34806,0.36,0,0
34807,0.35,0,0
34808,0.35,0,0
34809,0.346,0,0
34810,0.342,0,0
34811,0.336,0,0
34812,0.332,0,0
34813,0.326,0,0
34814,0.314,0,0
34815,0.318,0,0
34816,0.312,0,0
34817,0.294,0,0
34818,0.292,0,0
34819,0.294,0,0
34820,0.288,0,0
34821,0.284,0,0
34822,0.292,0,0
34823,0.306,0,0
34824,0.296,0,0
34825,0.282,0,0
34826,0.268,0,0
34827,0.24,0,0
34828,0.224,0,0
34829,0.218,0,0
34830,0.184,0,0
34831,0.182,0,0
34832,0.17,0,0
34833,0.166,0,0
34834,0.152,0,0
34835,0.148,0,0
34836,0.12,0,0
34837,0.116,0,0
34838,0.102,0,0
34839,0.066,0,0
34840,0.042,0,0
34841,0.036,0,0
34842,0.02,0,0
34843,0.018,0,0
34844,0.016,0,0
34845,0.016,0,0
34846,0.01,0,0
34847,0.01,0,0
34848,0.004,0,0
34849,0.004,0,0
34850,0.004,0,0
34851,0.004,0,0
34852,0,0,0
34853,0,0,0
34854,0,0,0
34855,0,0,0
34856,0,0,0
34857,0,0,0
34858,0,0,0
34859,0,0,0
34860,0,0,0
34861,0,0,0
34862,0,0,0
34863,0,0,0
34864,0,0,0
34865,0,0,0
34866,0,0,0
34867,0,0,0
34868,0,0,0
34869,0,0,0
34870,0,0,0
34871,0,0,0
34872,0,0,0
34873,0,0,0
34874,0,0,0
34875,0,0,0
34876,0,0,0
34877,0,0,0
34878,0,0,0
34879,0,0,0
34880,0,0,0
34881,0,0,0
34882,0,0,0
34883,0,0,0
34884,0,0,0
34885,0,0,0
34886,0,0,0
34887,0,0,0
34888,0,0,0
34889,0,0,0
34890,0,0,0
34891,0,0,0
34892,0,0,0
34893,0,0,0
34894,0,0,0
34895,0,0,0
34896,0,0,0
34897,0,0,0
34898,0,0,0
34899,0,0,0
34900,0,0,0
34901,0,0,0
34902,0.008,0.008,0.008
34903,0,0,0
34904,0,0,0
34905,0,0,0
34906,0,0,0
34907,0,0,0
34908,0,0,0
34909,0,0,0
34910,0,0,0
34911,0,0,0
34912,0,0,0
34913,0,0,0
34914,0,0,0
34915,0,0,0
34916,0,0,0
34917,0,0,0
34918,0,0,0
34919,0,0,0
34920,0,0,0
34921,0,0,0
34922,0,0,0
34923,0,0,0
34924,0,0,0
34925,0,0,0
34926,0,0,0
34927,0,0,0
34928,0,0,0
34929,0,0,0
34930,0,0,0
34931,0,0,0
34932,0.004,0.004,0.004
34933,0,0,0
34934,0,0,0
34935,0,0,0
34936,0,0,0
34937,0,0,0
34938,0,0,0
34939,0,0,0
34940,0,0,0
34941,0,0,0
34942,0,0,0
34943,0,0,0
34944,0.004,0.004,0.004
34945,0.01,0.01,0.01
34946,0.014,0.014,0.014
34947,0.018,0.018,0.018
34948,0.02,0.02,0.02
34949,0.018,0.018,0.018
34950,0.018,0.018,0.018
34951,0.052,0.052,0.052
34952,0.052,0.052,0.052
34953,0.052,0.052,0.052
34954,0.046,0.046,0.046
34955,0.044,0.044,0.044
34956,0.044,0.044,0.044
34957,0.05,0.05,0.05
34958,0.046,0.046,0.046
34959,0.044,0.044,0.044
34960,0.038,0.038,0.038
34961,0.038,0.038,0.038
34962,0.038,0.038,0.038
34963,0.048,0.048,0.048
34964,0.058,0.058,0.058
34965,0.068,0.068,0.068
34966,0.058,0.058,0.058
34967,0.054,0.054,0.054
34968,0.05,0.05,0.05
34969,0.072,0.072,0.072
34970,0.088,0.088,0.088
34971,0.11,0.11,0.11
34972,0.098,0.098,0.098
34973,0.112,0.112,0.112
34974,0.104,0.104,0.104
34975,0.134,0.134,0.134
34976,0.14,0.14,0.14
34977,0.122,0.122,0.122
34978,0.118,0.118,0.118
34979,0.12,0.12,0.12
34980,0.106,0.106,0.106
34981,0.072,0.072,0.072
34982,0.054,0.054,0.054
34983,0.054,0.054,0.054
34984,0.12,0.12,0.12
34985,0.168,0.168,0.168
34986,0.15,0.15,0.15
34987,0.128,0.128,0.128
34988,0.124,0.124,0.124
34989,0.146,0.146,0.146
34990,0.146,0.146,0.146
34991,0.144,0.144,0.144
34992,0.136,0.136,0.136
34993,0.132,0.132,0.132
34994,0.118,0.118,0.118
34995,0.13,0.13,0.13
34996,0.106,0.106,0.106
34997,0.116,0.116,0.116
34998,0.126,0.126,0.126
34999,0.12,0.12,0.12
35000,0.14,0.14,0.14
35001,0.126,0.126,0.126
35002,0.122,0.122,0.122
35003,0.118,0.118,0.118
35004,0.106,0.106,0.106
35005,0.118,0.118,0.118
35006,0.12,0.12,0.12
35007,0.108,0.108,0.108
35008,0.124,0.124,0.124
35009,0.126,0.126,0.126
35010,0.106,0.106,0.106
35011,0.098,0.098,0.098
35012,0.106,0.106,0.106
35013,0.116,0.116,0.116
35014,0.116,0.116,0.116
35015,0.13,0.13,0.13
35016,0.148,0.148,0.148
35017,0.154,0.154,0.154
35018,0.134,0.134,0.134
35019,0.154,0.154,0.154
35020,0.132,0.132,0.132
35021,0.126,0.126,0.126
35022,0.122,0.122,0.122
35023,0.134,0.134,0.134
35024,0.142,0.142,0.142
35025,0.136,0.136,0.136
35026,0.122,0.122,0.122
35027,0.16,0.16,0.16
35028,0.188,0.188,0.188
35029,0.154,0.154,0.154
35030,0.188,0.188,0.188
35031,0.17,0.17,0.17
35032,0.174,0.174,0.174
35033,0.17,0.17,0.17
35034,0.162,0.162,0.162
35035,0.158,0.158,0.158
35036,0.156,0.156,0.156
35037,0.164,0.164,0.164
35038,0.16,0.16,0.16
35039,0.164,0.164,0.164
35040,0.112,0.112,0.112
35041,0.154,0.154,0.154
35042,0.154,0.154,0.154
35043,0.154,0.154,0.154
35044,0.158,0.158,0.158
35045,0.156,0.156,0.156
35046,0.156,0.156,0.156
35047,0.16,0.16,0.16
35048,0.138,0.138,0.138
35049,0.15,0.15,0.15
35050,0.154,0.154,0.154
35051,0.162,0.162,0.162
35052,0.172,0.172,0.172
35053,0.17,0.17,0.17
35054,0.19,0.19,0.19
35055,0.23,0.23,0.23
35056,0.274,0.274,0.274
35057,0.246,0.246,0.246
35058,0.24,0.24,0.24
35059,0.276,0.276,0.276
35060,0.308,0.308,0.308
35061,0.248,0.248,0.248
35062,0.264,0.264,0.264
35063,0.262,0.262,0.262
35064,0.304,0.304,0.304
35065,0.302,0.302,0.302
35066,0.29,0.29,0.29
35067,0.246,0.246,0.246
35068,0.248,0.248,0.248
35069,0.244,0.244,0.244
35070,0.222,0.222,0.222
35071,0.228,0.228,0.228
35072,0.234,0.234,0.234
35073,0.238,0.238,0.238
35074,0.246,0.246,0.246
35075,0.242,0.242,0.242
35076,0.248,0.248,0.248
35077,0.238,0.238,0.238
35078,0.25,0.25,0.25
35079,0.248,0.248,0.248
35080,0.248,0.248,0.248
35081,0.278,0.278,0.278
35082,0.268,0.268,0.268
35083,0.274,0.274,0.274
35084,0.272,0.272,0.272
35085,0.276,0.276,0.276
35086,0.28,0.28,0.28
35087,0.288,0.288,0.288
35088,0.302,0.302,0.302
35089,0.298,0.298,0.298
35090,0.31,0.31,0.31
35091,0.312,0.312,0.312
35092,0.358,0.358,0.358
35093,0.342,0.342,0.342
35094,0.338,0.338,0.338
35095,0.338,0.338,0.338
35096,0.344,0.344,0.344
35097,0.342,0.342,0.342
35098,0.33,0.33,0.33
35099,0.332,0.332,0.332
35100,0.342,0.342,0.342
35101,0.336,0.336,0.336
35102,0.382,0.382,0.382
35103,0.368,0.368,0.368
35104,0.35,0.35,0.35
35105,0.376,0.376,0.376
35106,0.406,0.406,0.406
35107,0.39,0.39,0.39
35108,0.39,0.39,0.39
35109,0.372,0.372,0.372
35110,0.368,0.368,0.368
35111,0.38,0.38,0.38
35112,0.368,0.368,0.368
35113,0.372,0.372,0.372
35114,0.358,0.358,0.358
35115,0.366,0.366,0.366
35116,0.372,0.372,0.372
35117,0.382,0.382,0.382
35118,0.388,0.388,0.388
35119,0.39,0.39,0.39
35120,0.382,0.382,0.382
35121,0.386,0.386,0.386
35122,0.416,0.416,0.416
35123,0.406,0.406,0.406
35124,0.406,0.406,0.406
35125,0.404,0.404,0.404
35126,0.404,0.404,0.404
35127,0.402,0.402,0.402
35128,0.404,0.404,0.404
35129,0.426,0.426,0.426
35130,0.422,0.422,0.422
35131,0.418,0.418,0.418
35132,0.418,0.418,0.418
35133,0.412,0.412,0.412
35134,0.414,0.414,0.414
35135,0.398,0.398,0.398
35136,0.388,0.388,0.388
35137,0.39,0.39,0.39
35138,0.378,0.378,0.378
35139,0.374,0.374,0.374
35140,0.384,0.384,0.384
35141,0.446,0.296,0.296
35142,0.432,0.282,0.282
35143,0.442,0.268,0.268
35144,0.44,0.24,0.24
35145,0.432,0.224,0.224
35146,0.436,0.218,0.218
35147,0.432,0.184,0.184
35148,0.43,0.182,0.182
35149,0.43,0.17,0.17
35150,0.41,0.166,0.166
35151,0.422,0.152,0.152
35152,0.43,0.148,0.148
35153,0.426,0.12,0.12
35154,0.42,0.116,0.116
35155,0.434,0.102,0.102
35156,0.422,0.066,0.066
35157,0.428,0.042,0.042
35158,0.44,0.036,0.036
35159,0.428,0.02,0.02
35160,0.428,0.018,0.018
35161,0.418,0.016,0.016
35162,0.41,0.016,0.016
35163,0.416,0.01,0.01
35164,0.402,0.01,0.01
35165,0.398,0.004,0.004
35166,0.394,0.004,0.004
35167,0.396,0.004,0.004
35168,0.384,0.004,0.004
35169,0.378,0,0
35170,0.37,0,0
35171,0.36,0,0
35172,0.35,0,0
35173,0.35,0,0
35174,0.346,0,0
35175,0.342,0,0
35176,0.336,0,0
35177,0.332,0,0
35178,0.326,0,0
35179,0.314,0,0
35180,0.318,0,0
35181,0.312,0,0
35182,0.294,0,0
35183,0.292,0,0
35184,0.294,0,0
35185,0.288,0,0
35186,0.284,0,0
35187,0.292,0,0
35188,0.306,0,0
35189,0.296,0,0
35190,0.282,0,0
35191,0.268,0,0
35192,0.24,0,0
35193,0.224,0,0
35194,0.218,0,0
35195,0.184,0,0
35196,0.182,0,0
35197,0.17,0,0
35198,0.166,0,0
35199,0.152,0,0
35200,0.148,0,0
35201,0.12,0,0
35202,0.116,0,0
35203,0.102,0,0
35204,0.066,0,0
35205,0.042,0,0
35206,0.036,0,0
35207,0.02,0,0
35208,0.018,0,0
35209,0.016,0,0
35210,0.016,0,0
35211,0.01,0,0
35212,0.01,0,0
35213,0.004,0,0
35214,0.004,0,0
35215,0.004,0,0
35216,0.004,0,0
35217,0,0,0
35218,0,0,0
35219,0,0,0
35220,0,0,0
35221,0,0,0
35222,0,0,0
35223,0,0,0
35224,0,0,0
35225,0,0,0
35226,0,0,0
35227,0,0,0
35228,0,0,0
35229,0,0,0
35230,0,0,0
35231,0,0,0
35232,0,0,0
35233,0,0,0
35234,0,0,0
35235,0,0,0
35236,0,0,0
35237,0,0,0
35238,0,0,0
35239,0,0,0
35240,0,0,0
35241,0,0,0
35242,0,0,0
35243,0,0,0
35244,0,0,0
35245,0,0,0
35246,0,0,0
35247,0,0,0
35248,0,0,0
35249,0,0,0
35250,0,0,0
35251,0,0,0
35252,0,0,0
35253,0,0,0
35254,0,0,0
35255,0,0,0
35256,0,0,0
35257,0,0,0
35258,0,0,0
35259,0,0,0
35260,0,0,0
35261,0,0,0
35262,0,0,0
35263,0,0,0
35264,0,0,0
35265,0,0,0
35266,0,0,0
35267,0.008,0.008,0.008
35268,0,0,0
35269,0,0,0
35270,0,0,0
35271,0,0,0
35272,0,0,0
35273,0,0,0
35274,0,0,0
35275,0,0,0
35276,0,0,0
35277,0,0,0
35278,0,0,0
35279,0,0,0
35280,0,0,0
35281,0,0,0
35282,0,0,0
35283,0,0,0
35284,0,0,0
35285,0,0,0
35286,0,0,0
35287,0,0,0
35288,0,0,0
35289,0,0,0
35290,0,0,0
35291,0,0,0
35292,0,0,0
35293,0,0,0
35294,0,0,0
35295,0,0,0
35296,0,0,0
35297,0.004,0.004,0.004
35298,0,0,0
35299,0,0,0
35300,0,0,0
35301,0,0,0
35302,0,0,0
35303,0,0,0
35304,0,0,0
35305,0,0,0
35306,0,0,0
35307,0,0,0
35308,0,0,0
35309,0.004,0.004,0.004
35310,0.01,0.01,0.01
35311,0.014,0.014,0.014
35312,0.018,0.018,0.018
35313,0.02,0.02,0.02
35314,0.018,0.018,0.018
35315,0.018,0.018,0.018
35316,0.052,0.052,0.052
35317,0.052,0.052,0.052
35318,0.052,0.052,0.052
35319,0.046,0.046,0.046
35320,0.044,0.044,0.044
35321,0.044,0.044,0.044
35322,0.05,0.05,0.05
35323,0.046,0.046,0.046
35324,0.044,0.044,0.044
35325,0.038,0.038,0.038
35326,0.038,0.038,0.038
35327,0.038,0.038,0.038
35328,0.048,0.048,0.048
35329,0.058,0.058,0.058
35330,0.068,0.068,0.068
35331,0.058,0.058,0.058
35332,0.054,0.054,0.054
35333,0.05,0.05,0.05
35334,0.072,0.072,0.072
35335,0.088,0.088,0.088
35336,0.11,0.11,0.11
35337,0.098,0.098,0.098
35338,0.112,0.112,0.112
35339,0.104,0.104,0.104
35340,0.134,0.134,0.134
35341,0.14,0.14,0.14
35342,0.122,0.122,0.122
35343,0.118,0.118,0.118
35344,0.12,0.12,0.12
35345,0.106,0.106,0.106
35346,0.072,0.072,0.072
35347,0.054,0.054,0.054
35348,0.054,0.054,0.054
35349,0.12,0.12,0.12
35350,0.168,0.168,0.168
35351,0.15,0.15,0.15
35352,0.128,0.128,0.128
35353,0.124,0.124,0.124
35354,0.146,0.146,0.146
35355,0.146,0.146,0.146
35356,0.144,0.144,0.144
35357,0.136,0.136,0.136
35358,0.132,0.132,0.132
35359,0.118,0.118,0.118
35360,0.13,0.13,0.13
35361,0.106,0.106,0.106
35362,0.116,0.116,0.116
35363,0.126,0.126,0.126
35364,0.12,0.12,0.12
35365,0.14,0.14,0.14
35366,0.126,0.126,0.126
35367,0.122,0.122,0.122
35368,0.118,0.118,0.118
35369,0.106,0.106,0.106
35370,0.118,0.118,0.118
35371,0.12,0.12,0.12
35372,0.108,0.108,0.108
35373,0.124,0.124,0.124
35374,0.126,0.126,0.126
35375,0.106,0.106,0.106
35376,0.098,0.098,0.098
35377,0.106,0.106,0.106
35378,0.116,0.116,0.116
35379,0.116,0.116,0.116
35380,0.13,0.13,0.13
35381,0.148,0.148,0.148
35382,0.154,0.154,0.154
35383,0.134,0.134,0.134
35384,0.154,0.154,0.154
35385,0.132,0.132,0.132
35386,0.126,0.126,0.126
35387,0.122,0.122,0.122
35388,0.134,0.134,0.134
35389,0.142,0.142,0.142
35390,0.136,0.136,0.136
35391,0.122,0.122,0.122
35392,0.16,0.16,0.16
35393,0.188,0.188,0.188
35394,0.154,0.154,0.154
35395,0.188,0.188,0.188
35396,0.17,0.17,0.17
35397,0.174,0.174,0.174
35398,0.17,0.17,0.17
35399,0.162,0.162,0.162
35400,0.158,0.158,0.158
35401,0.156,0.156,0.156
35402,0.164,0.164,0.164
35403,0.16,0.16,0.16
35404,0.164,0.164,0.164
35405,0.112,0.112,0.112
35406,0.154,0.154,0.154
35407,0.154,0.154,0.154
35408,0.154,0.154,0.154
35409,0.158,0.158,0.158
35410,0.156,0.156,0.156
35411,0.156,0.156,0.156
35412,0.16,0.16,0.16
35413,0.138,0.138,0.138
35414,0.15,0.15,0.15
35415,0.154,0.154,0.154
35416,0.162,0.162,0.162
35417,0.172,0.172,0.172
35418,0.17,0.17,0.17
35419,0.19,0.19,0.19
35420,0.23,0.23,0.23
35421,0.274,0.274,0.274
35422,0.246,0.246,0.246
35423,0.24,0.24,0.24
35424,0.276,0.276,0.276
35425,0.308,0.308,0.308
35426,0.248,0.248,0.248
35427,0.264,0.264,0.264
35428,0.262,0.262,0.262
35429,0.304,0.304,0.304
35430,0.302,0.302,0.302
35431,0.29,0.29,0.29
35432,0.246,0.246,0.246
35433,0.248,0.248,0.248
35434,0.244,0.244,0.244
35435,0.222,0.222,0.222
35436,0.228,0.228,0.228
35437,0.234,0.234,0.234
35438,0.238,0.238,0.238
35439,0.246,0.246,0.246
35440,0.242,0.242,0.242
35441,0.248,0.248,0.248
35442,0.238,0.238,0.238
35443,0.25,0.25,0.25
35444,0.248,0.248,0.248
35445,0.248,0.248,0.248
35446,0.278,0.278,0.278
35447,0.268,0.268,0.268
35448,0.274,0.274,0.274
35449,0.272,0.272,0.272
35450,0.276,0.276,0.276
35451,0.28,0.28,0.28
35452,0.288,0.288,0.288
35453,0.302,0.302,0.302
35454,0.298,0.298,0.298
35455,0.31,0.31,0.31
35456,0.312,0.312,0.312
35457,0.358,0.358,0.358
35458,0.342,0.342,0.342
35459,0.338,0.338,0.338
35460,0.338,0.338,0.338
35461,0.344,0.344,0.344
35462,0.342,0.342,0.342
35463,0.33,0.33,0.33
35464,0.332,0.332,0.332
35465,0.342,0.342,0.342
35466,0.336,0.336,0.336
35467,0.382,0.382,0.382
35468,0.368,0.368,0.368
35469,0.35,0.35,0.35
35470,0.376,0.376,0.376
35471,0.406,0.406,0.406
35472,0.39,0.39,0.39
35473,0.39,0.39,0.39
35474,0.372,0.372,0.372
35475,0.368,0.368,0.368
35476,0.38,0.38,0.38
35477,0.368,0.368,0.368
35478,0.372,0.372,0.372
35479,0.358,0.358,0.358
35480,0.366,0.366,0.366
35481,0.372,0.372,0.372
35482,0.382,0.382,0.382
35483,0.388,0.388,0.388
35484,0.39,0.39,0.39
35485,0.382,0.382,0.382
35486,0.386,0.386,0.386
35487,0.416,0.416,0.416
35488,0.406,0.406,0.406
35489,0.406,0.406,0.406
35490,0.404,0.404,0.404
35491,0.404,0.404,0.404
35492,0.402,0.402,0.402
35493,0.404,0.404,0.404
35494,0.426,0.426,0.426
35495,0.422,0.422,0.422
35496,0.418,0.418,0.418
35497,0.418,0.418,0.418
35498,0.412,0.412,0.412
35499,0.414,0.414,0.414
35500,0.398,0.398,0.398
35501,0.388,0.388,0.388
35502,0.39,0.39,0.39
35503,0.378,0.378,0.378
35504,0.374,0.374,0.374
35505,0.384,0.384,0.384
35506,0.446,0.296,0.296
35507,0.432,0.282,0.282
35508,0.442,0.268,0.268
35509,0.44,0.24,0.24
35510,0.432,0.224,0.224
35511,0.436,0.218,0.218
35512,0.432,0.184,0.184
35513,0.43,0.182,0.182
35514,0.43,0.17,0.17
35515,0.41,0.166,0.166
35516,0.422,0.152,0.152
35517,0.43,0.148,0.148
35518,0.426,0.12,0.12
35519,0.42,0.116,0.116
35520,0.434,0.102,0.102
35521,0.422,0.066,0.066
35522,0.428,0.042,0.042
35523,0.44,0.036,0.036
35524,0.428,0.02,0.02
35525,0.428,0.018,0.018
35526,0.418,0.016,0.016
35527,0.41,0.016,0.016
35528,0.416,0.01,0.01
35529,0.402,0.01,0.01
35530,0.398,0.004,0.004
35531,0.394,0.004,0.004
35532,0.396,0.004,0.004
35533,0.384,0.004,0.004
35534,0.378,0,0
35535,0.37,0,0
35536,0.36,0,0
35537,0.35,0,0
35538,0.35,0,0
35539,0.346,0,0
35540,0.342,0,0
35541,0.336,0,0
35542,0.332,0,0
35543,0.326,0,0
35544,0.314,0,0
35545,0.318,0,0
35546,0.312,0,0
35547,0.294,0,0
35548,0.292,0,0
35549,0.294,0,0
35550,0.288,0,0
35551,0.284,0,0
35552,0.292,0,0
35553,0.306,0,0
35554,0.296,0,0
35555,0.282,0,0
35556,0.268,0,0
35557,0.24,0,0
35558,0.224,0,0
35559,0.218,0,0
35560,0.184,0,0
35561,0.182,0,0
35562,0.17,0,0
35563,0.166,0,0
35564,0.152,0,0
35565,0.148,0,0
35566,0.12,0,0
35567,0.116,0,0
35568,0.102,0,0
35569,0.066,0,0
35570,0.042,0,0
35571,0.036,0,0
35572,0.02,0,0
35573,0.018,0,0
35574,0.016,0,0
35575,0.016,0,0
35576,0.01,0,0
35577,0.01,0,0
35578,0.004,0,0
35579,0.004,0,0
35580,0.004,0,0
35581,0.004,0,0
35582,0,0,0
35583,0,0,0
35584,0,0,0
35585,0,0,0
35586,0,0,0
35587,0,0,0
35588,0,0,0
35589,0,0,0
35590,0,0,0
35591,0,0,0
35592,0,0,0
35593,0,0,0
35594,0,0,0
35595,0,0,0
35596,0,0,0
35597,0,0,0
35598,0,0,0
35599,0,0,0
35600,0,0,0
35601,0,0,0
35602,0,0,0
35603,0,0,0
35604,0,0,0
35605,0,0,0
35606,0,0,0
35607,0,0,0
35608,0,0,0
35609,0,0,0
35610,0,0,0
35611,0,0,0
35612,0,0,0
35613,0,0,0
35614,0,0,0
35615,0,0,0
35616,0,0,0
35617,0,0,0
35618,0,0,0
35619,0,0,0
35620,0,0,0
35621,0,0,0
35622,0,0,0
35623,0,0,0
35624,0,0,0
35625,0,0,0
35626,0,0,0
35627,0,0,0
35628,0,0,0
35629,0,0,0
35630,0,0,0
35631,0,0,0
35632,0.008,0.008,0.008
35633,0,0,0
35634,0,0,0
35635,0,0,0
35636,0,0,0
35637,0,0,0
35638,0,0,0
35639,0,0,0
35640,0,0,0
35641,0,0,0
35642,0,0,0
35643,0,0,0
35644,0,0,0
35645,0,0,0
35646,0,0,0
35647,0,0,0
35648,0,0,0
35649,0,0,0
35650,0,0,0
35651,0,0,0
35652,0,0,0
35653,0,0,0
35654,0,0,0
35655,0,0,0
35656,0,0,0
35657,0,0,0
35658,0,0,0
35659,0,0,0
35660,0,0,0
35661,0,0,0
35662,0.004,0.004,0.004
35663,0,0,0
35664,0,0,0
35665,0,0,0
35666,0,0,0
35667,0,0,0
35668,0,0,0
35669,0,0,0
35670,0,0,0
35671,0,0,0
35672,0,0,0
35673,0,0,0
35674,0.004,0.004,0.004
35675,0.01,0.01,0.01
35676,0.014,0.014,0.014
35677,0.018,0.018,0.018
35678,0.02,0.02,0.02
35679,0.018,0.018,0.018
35680,0.018,0.018,0.018
35681,0.052,0.052,0.052
35682,0.052,0.052,0.052
35683,0.052,0.052,0.052
35684,0.046,0.046,0.046
35685,0.044,0.044,0.044
35686,0.044,0.044,0.044
35687,0.05,0.05,0.05
35688,0.046,0.046,0.046
35689,0.044,0.044,0.044
35690,0.038,0.038,0.038
35691,0.038,0.038,0.038
35692,0.038,0.038,0.038
35693,0.048,0.048,0.048
35694,0.058,0.058,0.058
35695,0.068,0.068,0.068
35696,0.058,0.058,0.058
35697,0.054,0.054,0.054
35698,0.05,0.05,0.05
35699,0.072,0.072,0.072
35700,0.088,0.088,0.088
35701,0.11,0.11,0.11
35702,0.098,0.098,0.098
35703,0.112,0.112,0.112
35704,0.104,0.104,0.104
35705,0.134,0.134,0.134
35706,0.14,0.14,0.14
35707,0.122,0.122,0.122
35708,0.118,0.118,0.118
35709,0.12,0.12,0.12
35710,0.106,0.106,0.106
35711,0.072,0.072,0.072
35712,0.054,0.054,0.054
35713,0.054,0.054,0.054
35714,0.12,0.12,0.12
35715,0.168,0.168,0.168
35716,0.15,0.15,0.15
35717,0.128,0.128,0.128
35718,0.124,0.124,0.124
35719,0.146,0.146,0.146
35720,0.146,0.146,0.146
35721,0.144,0.144,0.144
35722,0.136,0.136,0.136
35723,0.132,0.132,0.132
35724,0.118,0.118,0.118
35725,0.13,0.13,0.13
35726,0.106,0.106,0.106
35727,0.116,0.116,0.116
35728,0.126,0.126,0.126
35729,0.12,0.12,0.12
35730,0.14,0.14,0.14
35731,0.126,0.126,0.126
35732,0.122,0.122,0.122
35733,0.118,0.118,0.118
35734,0.106,0.106,0.106
35735,0.118,0.118,0.118
35736,0.12,0.12,0.12
35737,0.108,0.108,0.108
35738,0.124,0.124,0.124
35739,0.126,0.126,0.126
35740,0.106,0.106,0.106
35741,0.098,0.098,0.098
35742,0.106,0.106,0.106
35743,0.116,0.116,0.116
35744,0.116,0.116,0.116
35745,0.13,0.13,0.13
35746,0.148,0.148,0.148
35747,0.154,0.154,0.154
35748,0.134,0.134,0.134
35749,0.154,0.154,0.154
35750,0.132,0.132,0.132
35751,0.126,0.126,0.126
35752,0.122,0.122,0.122
35753,0.134,0.134,0.134
35754,0.142,0.142,0.142
35755,0.136,0.136,0.136
35756,0.122,0.122,0.122
35757,0.16,0.16,0.16
35758,0.188,0.188,0.188
35759,0.154,0.154,0.154
35760,0.188,0.188,0.188
35761,0.17,0.17,0.17
35762,0.174,0.174,0.174
35763,0.17,0.17,0.17
35764,0.162,0.162,0.162
35765,0.158,0.158,0.158
35766,0.156,0.156,0.156
35767,0.164,0.164,0.164
35768,0.16,0.16,0.16
35769,0.164,0.164,0.164
35770,0.112,0.112,0.112
35771,0.154,0.154,0.154
35772,0.154,0.154,0.154
35773,0.154,0.154,0.154
35774,0.158,0.158,0.158
35775,0.156,0.156,0.156
35776,0.156,0.156,0.156
35777,0.16,0.16,0.16
35778,0.138,0.138,0.138
35779,0.15,0.15,0.15
35780,0.154,0.154,0.154
35781,0.162,0.162,0.162
35782,0.172,0.172,0.172
35783,0.17,0.17,0.17
35784,0.19,0.19,0.19
35785,0.23,0.23,0.23
35786,0.274,0.274,0.274
35787,0.246,0.246,0.246
35788,0.24,0.24,0.24
35789,0.276,0.276,0.276
35790,0.308,0.308,0.308
35791,0.248,0.248,0.248
35792,0.264,0.264,0.264
35793,0.262,0.262,0.262
35794,0.304,0.304,0.304
35795,0.302,0.302,0.302
35796,0.29,0.29,0.29
35797,0.246,0.246,0.246
35798,0.248,0.248,0.248
35799,0.244,0.244,0.244
35800,0.222,0.222,0.222
35801,0.228,0.228,0.228
35802,0.234,0.234,0.234
35803,0.238,0.238,0.238
35804,0.246,0.246,0.246
35805,0.242,0.242,0.242
35806,0.248,0.248,0.248
35807,0.238,0.238,0.238
35808,0.25,0.25,0.25
35809,0.248,0.248,0.248
35810,0.248,0.248,0.248
35811,0.278,0.278,0.278
35812,0.268,0.268,0.268
35813,0.274,0.274,0.274
35814,0.272,0.272,0.272
35815,0.276,0.276,0.276
35816,0.28,0.28,0.28
35817,0.288,0.288,0.288
35818,0.302,0.302,0.302
35819,0.298,0.298,0.298
35820,0.31,0.31,0.31
35821,0.312,0.312,0.312
35822,0.358,0.358,0.358
35823,0.342,0.342,0.342
35824,0.338,0.338,0.338
35825,0.338,0.338,0.338
35826,0.344,0.344,0.344
35827,0.342,0.342,0.342
35828,0.33,0.33,0.33
35829,0.332,0.332,0.332
35830,0.342,0.342,0.342
35831,0.336,0.336,0.336
35832,0.382,0.382,0.382
35833,0.368,0.368,0.368
35834,0.35,0.35,0.35
35835,0.376,0.376,0.376
35836,0.406,0.406,0.406
35837,0.39,0.39,0.39
35838,0.39,0.39,0.39
35839,0.372,0.372,0.372
35840,0.368,0.368,0.368
35841,0.38,0.38,0.38
35842,0.368,0.368,0.368
35843,0.372,0.372,0.372
35844,0.358,0.358,0.358
35845,0.366,0.366,0.366
35846,0.372,0.372,0.372
35847,0.382,0.382,0.382
35848,0.388,0.388,0.388
35849,0.39,0.39,0.39
35850,0.382,0.382,0.382
35851,0.386,0.386,0.386
35852,0.416,0.416,0.416
35853,0.406,0.406,0.406
35854,0.406,0.406,0.406
35855,0.404,0.404,0.404
35856,0.404,0.404,0.404
35857,0.402,0.402,0.402
35858,0.404,0.404,0.404
35859,0.426,0.426,0.426
35860,0.422,0.422,0.422
35861,0.418,0.418,0.418
35862,0.418,0.418,0.418
35863,0.412,0.412,0.412
35864,0.414,0.414,0.414
35865,0.398,0.398,0.398
35866,0.388,0.388,0.388
35867,0.39,0.39,0.39
35868,0.378,0.378,0.378
35869,0.374,0.374,0.374
35870,0.384,0.296,0.296
35871,0.446,0.282,0.282
35872,0.432,0.268,0.268
35873,0.442,0.24,0.24
35874,0.44,0.224,0.224
35875,0.432,0.218,0.218
35876,0.436,0.184,0.184
35877,0.432,0.182,0.182
35878,0.43,0.17,0.17
35879,0.43,0.166,0.166
35880,0.41,0.152,0.152
35881,0.422,0.148,0.148
35882,0.43,0.12,0.12
35883,0.426,0.116,0.116
35884,0.42,0.102,0.102
35885,0.434,0.066,0.066
35886,0.422,0.042,0.042
35887,0.428,0.036,0.036
35888,0.44,0.02,0.02
35889,0.428,0.018,0.018
35890,0.428,0.016,0.016
35891,0.418,0.016,0.016
35892,0.41,0.01,0.01
35893,0.416,0.01,0.01
35894,0.402,0.004,0.004
35895,0.398,0.004,0.004
35896,0.394,0.004,0.004
35897,0.396,0.004,0.004
35898,0.384,0,0
35899,0.378,0,0
35900,0.37,0,0
35901,0.36,0,0
35902,0.35,0,0
35903,0.35,0,0
35904,0.346,0,0
35905,0.342,0,0
35906,0.336,0,0
35907,0.332,0,0
35908,0.326,0,0
35909,0.314,0,0
35910,0.318,0,0
35911,0.312,0,0
35912,0.294,0,0
35913,0.292,0,0
35914,0.294,0,0
35915,0.288,0,0
35916,0.284,0,0
35917,0.292,0,0
35918,0.306,0,0
35919,0.296,0,0
35920,0.282,0,0
35921,0.268,0,0
35922,0.24,0,0
35923,0.224,0,0
35924,0.218,0,0
35925,0.184,0,0
35926,0.182,0,0
35927,0.17,0,0
35928,0.166,0,0
35929,0.152,0,0
35930,0.148,0,0
35931,0.12,0,0
35932,0.116,0,0
35933,0.102,0,0
35934,0.066,0,0
35935,0.042,0,0
35936,0.036,0,0
35937,0.02,0,0
35938,0.018,0,0
35939,0.016,0,0
35940,0.016,0,0
35941,0.01,0,0
35942,0.01,0,0
35943,0.004,0,0
35944,0.004,0,0
35945,0.004,0,0
35946,0.004,0,0
35947,0,0,0
35948,0,0,0
35949,0,0,0
35950,0,0,0
35951,0,0,0
35952,0,0,0
35953,0,0,0
35954,0,0,0
35955,0,0,0
35956,0,0,0
35957,0,0,0
35958,0,0,0
35959,0,0,0
35960,0,0,0
35961,0,0,0
35962,0,0,0
35963,0,0,0
35964,0,0,0
35965,0,0,0
35966,0,0,0
35967,0,0,0
35968,0,0,0
35969,0,0,0
35970,0,0,0
35971,0,0,0
35972,0,0,0
35973,0,0,0
35974,0,0,0
35975,0,0,0
35976,0,0,0
35977,0,0,0
35978,0,0,0
35979,0,0,0
35980,0,0,0
35981,0,0,0
35982,0,0,0
35983,0,0,0
35984,0,0,0
35985,0,0,0
35986,0,0,0
35987,0,0,0
35988,0,0,0
35989,0,0,0
35990,0,0,0
35991,0,0,0
35992,0,0,0
35993,0,0,0
35994,0,0,0
35995,0,0,0
35996,0,0,0
35997,0.008,0.008,0.008
35998,0,0,0
35999,0,0,0
36000,0,0,0
36001,0,0,0
36002,0,0,0
36003,0,0,0
36004,0,0,0
36005,0,0,0
36006,0,0,0
36007,0,0,0
36008,0,0,0
36009,0,0,0
36010,0,0,0
36011,0,0,0
36012,0,0,0
36013,0,0,0
36014,0,0,0
36015,0,0,0
36016,0,0,0
36017,0,0,0
36018,0,0,0
36019,0,0,0
36020,0,0,0
36021,0,0,0
36022,0,0,0
36023,0,0,0
36024,0,0,0
36025,0,0,0
36026,0,0,0
36027,0.004,0.004,0.004
36028,0,0,0
36029,0,0,0
36030,0,0,0
36031,0,0,0
36032,0,0,0
36033,0,0,0
36034,0,0,0
36035,0,0,0
36036,0,0,0
36037,0,0,0
36038,0,0,0
36039,0.004,0.004,0.004
36040,0.01,0.01,0.01
36041,0.014,0.014,0.014
36042,0.018,0.018,0.018
36043,0.02,0.02,0.02
36044,0.018,0.018,0.018
36045,0.018,0.018,0.018
36046,0.052,0.052,0.052
36047,0.052,0.052,0.052
36048,0.052,0.052,0.052
36049,0.046,0.046,0.046
36050,0.044,0.044,0.044
36051,0.044,0.044,0.044
36052,0.05,0.05,0.05
36053,0.046,0.046,0.046
36054,0.044,0.044,0.044
36055,0.038,0.038,0.038
36056,0.038,0.038,0.038
36057,0.038,0.038,0.038
36058,0.048,0.048,0.048
36059,0.058,0.058,0.058
36060,0.068,0.068,0.068
36061,0.058,0.058,0.058
36062,0.054,0.054,0.054
36063,0.05,0.05,0.05
36064,0.072,0.072,0.072
36065,0.088,0.088,0.088
36066,0.11,0.11,0.11
36067,0.098,0.098,0.098
36068,0.112,0.112,0.112
36069,0.104,0.104,0.104
36070,0.134,0.134,0.134
36071,0.14,0.14,0.14
36072,0.122,0.122,0.122
36073,0.118,0.118,0.118
36074,0.12,0.12,0.12
36075,0.106,0.106,0.106
36076,0.072,0.072,0.072
36077,0.054,0.054,0.054
36078,0.054,0.054,0.054
36079,0.12,0.12,0.12
36080,0.168,0.168,0.168
36081,0.15,0.15,0.15
36082,0.128,0.128,0.128
36083,0.124,0.124,0.124
36084,0.146,0.146,0.146
36085,0.146,0.146,0.146
36086,0.144,0.144,0.144
36087,0.136,0.136,0.136
36088,0.132,0.132,0.132
36089,0.118,0.118,0.118
36090,0.13,0.13,0.13
36091,0.106,0.106,0.106
36092,0.116,0.116,0.116
36093,0.126,0.126,0.126
36094,0.12,0.12,0.12
36095,0.14,0.14,0.14
36096,0.126,0.126,0.126
36097,0.122,0.122,0.122
36098,0.118,0.118,0.118
36099,0.106,0.106,0.106
36100,0.118,0.118,0.118
36101,0.12,0.12,0.12
36102,0.108,0.108,0.108
36103,0.124,0.124,0.124
36104,0.126,0.126,0.126
36105,0.106,0.106,0.106
36106,0.098,0.098,0.098
36107,0.106,0.106,0.106
36108,0.116,0.116,0.116
36109,0.116,0.116,0.116
36110,0.13,0.13,0.13
36111,0.148,0.148,0.148
36112,0.154,0.154,0.154
36113,0.134,0.134,0.134
36114,0.154,0.154,0.154
36115,0.132,0.132,0.132
36116,0.126,0.126,0.126
36117,0.122,0.122,0.122
36118,0.134,0.134,0.134
36119,0.142,0.142,0.142
36120,0.136,0.136,0.136
36121,0.122,0.122,0.122
36122,0.16,0.16,0.16
36123,0.188,0.188,0.188
36124,0.154,0.154,0.154
36125,0.188,0.188,0.188
36126,0.17,0.17,0.17
36127,0.174,0.174,0.174
36128,0.17,0.17,0.17
36129,0.162,0.162,0.162
36130,0.158,0.158,0.158
36131,0.156,0.156,0.156
36132,0.164,0.164,0.164
36133,0.16,0.16,0.16
36134,0.164,0.164,0.164
36135,0.112,0.112,0.112
36136,0.154,0.154,0.154
36137,0.154,0.154,0.154
36138,0.154,0.154,0.154
36139,0.158,0.158,0.158
36140,0.156,0.156,0.156
36141,0.156,0.156,0.156
36142,0.16,0.16,0.16
36143,0.138,0.138,0.138
36144,0.15,0.15,0.15
36145,0.154,0.154,0.154
36146,0.162,0.162,0.162
36147,0.172,0.172,0.172
36148,0.17,0.17,0.17
36149,0.19,0.19,0.19
36150,0.23,0.23,0.23
36151,0.274,0.274,0.274
36152,0.246,0.246,0.246
36153,0.24,0.24,0.24
36154,0.276,0.276,0.276
36155,0.308,0.308,0.308
36156,0.248,0.248,0.248
36157,0.264,0.264,0.264
36158,0.262,0.262,0.262
36159,0.304,0.304,0.304
36160,0.302,0.302,0.302
36161,0.29,0.29,0.29
36162,0.246,0.246,0.246
36163,0.248,0.248,0.248
36164,0.244,0.244,0.244
36165,0.222,0.222,0.222
36166,0.228,0.228,0.228
36167,0.234,0.234,0.234
36168,0.238,0.238,0.238
36169,0.246,0.246,0.246
36170,0.242,0.242,0.242
36171,0.248,0.248,0.248
36172,0.238,0.238,0.238
36173,0.25,0.25,0.25
36174,0.248,0.248,0.248
36175,0.248,0.248,0.248
36176,0.278,0.278,0.278
36177,0.268,0.268,0.268
36178,0.274,0.274,0.274
36179,0.272,0.272,0.272
36180,0.276,0.276,0.276
36181,0.28,0.28,0.28
36182,0.288,0.288,0.288
36183,0.302,0.302,0.302
36184,0.298,0.298,0.298
36185,0.31,0.31,0.31
36186,0.312,0.312,0.312
36187,0.358,0.358,0.358
36188,0.342,0.342,0.342
36189,0.338,0.338,0.338
36190,0.338,0.338,0.338
36191,0.344,0.344,0.344
36192,0.342,0.342,0.342
36193,0.33,0.33,0.33
36194,0.332,0.332,0.332
36195,0.342,0.342,0.342
36196,0.336,0.336,0.336
36197,0.382,0.382,0.382
36198,0.368,0.368,0.368
36199,0.35,0.35,0.35
36200,0.376,0.376,0.376
36201,0.406,0.406,0.406
36202,0.39,0.39,0.39
36203,0.39,0.39,0.39
36204,0.372,0.372,0.372
36205,0.368,0.368,0.368
36206,0.38,0.38,0.38
36207,0.368,0.368,0.368
36208,0.372,0.372,0.372
36209,0.358,0.358,0.358
36210,0.366,0.366,0.366
36211,0.372,0.372,0.372
36212,0.382,0.382,0.382
36213,0.388,0.388,0.388
36214,0.39,0.39,0.39
36215,0.382,0.382,0.382
36216,0.386,0.386,0.386
36217,0.416,0.416,0.416
36218,0.406,0.406,0.406
36219,0.406,0.406,0.406
36220,0.404,0.404,0.404
36221,0.404,0.404,0.404
36222,0.402,0.402,0.402
36223,0.404,0.404,0.404
36224,0.426,0.426,0.426
36225,0.422,0.422,0.422
36226,0.418,0.418,0.418
36227,0.418,0.418,0.418
36228,0.412,0.412,0.412
36229,0.414,0.414,0.414
36230,0.398,0.398,0.398
36231,0.388,0.388,0.388
36232,0.39,0.39,0.39
36233,0.378,0.378,0.378
36234,0.374,0.374,0.374
36235,0.384,0.296,0.296
36236,0.446,0.282,0.282
36237,0.432,0.268,0.268
36238,0.442,0.24,0.24
36239,0.44,0.224,0.224
36240,0.432,0.218,0.218
36241,0.436,0.184,0.184
36242,0.432,0.182,0.182
36243,0.43,0.17,0.17
36244,0.43,0.166,0.166
36245,0.41,0.152,0.152
36246,0.422,0.148,0.148
36247,0.43,0.12,0.12
36248,0.426,0.116,0.116
36249,0.42,0.102,0.102
36250,0.434,0.066,0.066
36251,0.422,0.042,0.042
36252,0.428,0.036,0.036
36253,0.44,0.02,0.02
36254,0.428,0.018,0.018
36255,0.428,0.016,0.016
36256,0.418,0.016,0.016
36257,0.41,0.01,0.01
36258,0.416,0.01,0.01
36259,0.402,0.004,0.004
36260,0.398,0.004,0.004
36261,0.394,0.004,0.004
36262,0.396,0.004,0.004
36263,0.384,0,0
36264,0.378,0,0
36265,0.37,0,0
36266,0.36,0,0
36267,0.35,0,0
36268,0.35,0,0
36269,0.346,0,0
36270,0.342,0,0
36271,0.336,0,0
36272,0.332,0,0
36273,0.326,0,0
36274,0.314,0,0
36275,0.318,0,0
36276,0.312,0,0
36277,0.294,0,0
36278,0.292,0,0
36279,0.294,0,0
36280,0.288,0,0
36281,0.284,0,0
36282,0.292,0,0
36283,0.306,0,0
36284,0.296,0,0
36285,0.282,0,0
36286,0.268,0,0
36287,0.24,0,0
36288,0.224,0,0
36289,0.218,0,0
36290,0.184,0,0
36291,0.182,0,0
36292,0.17,0,0
36293,0.166,0,0
36294,0.152,0,0
36295,0.148,0,0
36296,0.12,0,0
36297,0.116,0,0
36298,0.102,0,0
36299,0.066,0,0
36300,0.042,0,0
36301,0.036,0,0
36302,0.02,0,0
36303,0.018,0,0
36304,0.016,0,0
36305,0.016,0,0
36306,0.01,0,0
36307,0.01,0,0
36308,0.004,0,0
36309,0.004,0,0
36310,0.004,0,0
36311,0.004,0,0
36312,0,0,0
36313,0,0,0
36314,0,0,0
36315,0,0,0
36316,0,0,0
36317,0,0,0
36318,0,0,0
36319,0,0,0
36320,0,0,0
36321,0,0,0
36322,0,0,0
36323,0,0,0
36324,0,0,0
36325,0,0,0
36326,0,0,0
36327,0,0,0
36328,0,0,0
36329,0,0,0
36330,0,0,0
36331,0,0,0
36332,0,0,0
36333,0,0,0
36334,0,0,0
36335,0,0,0
36336,0,0,0
36337,0,0,0
36338,0,0,0
36339,0,0,0
36340,0,0,0
36341,0,0,0
36342,0,0,0
36343,0,0,0
36344,0,0,0
36345,0,0,0
36346,0,0,0
36347,0,0,0
36348,0,0,0
36349,0,0,0
36350,0,0,0
36351,0,0,0
36352,0,0,0
36353,0,0,0
36354,0,0,0
36355,0,0,0
36356,0,0,0
36357,0,0,0
36358,0,0,0
36359,0,0,0
36360,0,0,0
36361,0,0,0
36362,0.008,0.008,0.008
36363,0,0,0
36364,0,0,0
36365,0,0,0
36366,0,0,0
36367,0,0,0
36368,0,0,0
36369,0,0,0
36370,0,0,0
36371,0,0,0
36372,0,0,0
36373,0,0,0
36374,0,0,0
36375,0,0,0
36376,0,0,0
36377,0,0,0
36378,0,0,0
36379,0,0,0
36380,0,0,0
36381,0,0,0
36382,0,0,0
36383,0,0,0
36384,0,0,0
36385,0,0,0
36386,0,0,0
36387,0,0,0
36388,0,0,0
36389,0,0,0
36390,0,0,0
36391,0,0,0
36392,0.004,0.004,0.004
36393,0,0,0
36394,0,0,0
36395,0,0,0
36396,0,0,0
36397,0,0,0
36398,0,0,0
36399,0,0,0
36400,0,0,0
36401,0,0,0
36402,0,0,0
36403,0,0,0
36404,0.004,0.004,0.004
36405,0.01,0.01,0.01
36406,0.014,0.014,0.014
36407,0.018,0.018,0.018
36408,0.02,0.02,0.02
36409,0.018,0.018,0.018
36410,0.018,0.018,0.018
36411,0.052,0.052,0.052
36412,0.052,0.052,0.052
36413,0.052,0.052,0.052
36414,0.046,0.046,0.046
36415,0.044,0.044,0.044
36416,0.044,0.044,0.044
36417,0.05,0.05,0.05
36418,0.046,0.046,0.046
36419,0.044,0.044,0.044
36420,0.038,0.038,0.038
36421,0.038,0.038,0.038
36422,0.038,0.038,0.038
36423,0.048,0.048,0.048
36424,0.058,0.058,0.058
36425,0.068,0.068,0.068
36426,0.058,0.058,0.058
36427,0.054,0.054,0.054
36428,0.05,0.05,0.05
36429,0.072,0.072,0.072
36430,0.088,0.088,0.088
36431,0.11,0.11,0.11
36432,0.098,0.098,0.098
36433,0.112,0.112,0.112
36434,0.104,0.104,0.104
36435,0.134,0.134,0.134
36436,0.14,0.14,0.14
36437,0.122,0.122,0.122
36438,0.118,0.118,0.118
36439,0.12,0.12,0.12
36440,0.106,0.106,0.106
36441,0.072,0.072,0.072
36442,0.054,0.054,0.054
36443,0.054,0.054,0.054
36444,0.12,0.12,0.12
36445,0.168,0.168,0.168
36446,0.15,0.15,0.15
36447,0.128,0.128,0.128
36448,0.124,0.124,0.124
36449,0.146,0.146,0.146
36450,0.146,0.146,0.146
36451,0.144,0.144,0.144
36452,0.136,0.136,0.136
36453,0.132,0.132,0.132
36454,0.118,0.118,0.118
36455,0.13,0.13,0.13
36456,0.106,0.106,0.106
36457,0.116,0.116,0.116
36458,0.126,0.126,0.126
36459,0.12,0.12,0.12
36460,0.14,0.14,0.14
36461,0.126,0.126,0.126
36462,0.122,0.122,0.122
36463,0.118,0.118,0.118
36464,0.106,0.106,0.106
36465,0.118,0.118,0.118
36466,0.12,0.12,0.12
36467,0.108,0.108,0.108
36468,0.124,0.124,0.124
36469,0.126,0.126,0.126
36470,0.106,0.106,0.106
36471,0.098,0.098,0.098
36472,0.106,0.106,0.106
36473,0.116,0.116,0.116
36474,0.116,0.116,0.116
36475,0.13,0.13,0.13
36476,0.148,0.148,0.148
36477,0.154,0.154,0.154
36478,0.134,0.134,0.134
36479,0.154,0.154,0.154
36480,0.132,0.132,0.132
36481,0.126,0.126,0.126
36482,0.122,0.122,0.122
36483,0.134,0.134,0.134
36484,0.142,0.142,0.142
36485,0.136,0.136,0.136
36486,0.122,0.122,0.122
36487,0.16,0.16,0.16
36488,0.188,0.188,0.188
36489,0.154,0.154,0.154
36490,0.188,0.188,0.188
36491,0.17,0.17,0.17
36492,0.174,0.174,0.174
36493,0.17,0.17,0.17
36494,0.162,0.162,0.162
36495,0.158,0.158,0.158
36496,0.156,0.156,0.156
36497,0.164,0.164,0.164
36498,0.16,0.16,0.16
36499,0.164,0.164,0.164
36500,0.112,0.112,0.112
36501,0.154,0.154,0.154
36502,0.154,0.154,0.154
36503,0.154,0.154,0.154
36504,0.158,0.158,0.158
36505,0.156,0.156,0.156
36506,0.156,0.156,0.156
36507,0.16,0.16,0.16
36508,0.138,0.138,0.138
36509,0.15,0.15,0.15
36510,0.154,0.154,0.154
36511,0.162,0.162,0.162
36512,0.172,0.172,0.172
36513,0.17,0.17,0.17
36514,0.19,0.19,0.19
36515,0.23,0.23,0.23
36516,0.274,0.274,0.274
36517,0.246,0.246,0.246
36518,0.24,0.24,0.24
36519,0.276,0.276,0.276
36520,0.308,0.308,0.308
36521,0.248,0.248,0.248
36522,0.264,0.264,0.264
36523,0.262,0.262,0.262
36524,0.304,0.304,0.304
36525,0.302,0.302,0.302
36526,0.29,0.29,0.29
36527,0.246,0.246,0.246
36528,0.248,0.248,0.248
36529,0.244,0.244,0.244
36530,0.222,0.222,0.222
36531,0.228,0.228,0.228
36532,0.234,0.234,0.234
36533,0.238,0.238,0.238
36534,0.246,0.246,0.246
36535,0.242,0.242,0.242
36536,0.248,0.248,0.248
36537,0.238,0.238,0.238
36538,0.25,0.25,0.25
36539,0.248,0.248,0.248
36540,0.248,0.248,0.248
36541,0.278,0.278,0.278
36542,0.268,0.268,0.268
36543,0.274,0.274,0.274
36544,0.272,0.272,0.272
36545,0.276,0.276,0.276
36546,0.28,0.28,0.28
36547,0.288,0.288,0.288
36548,0.302,0.302,0.302
36549,0.298,0.298,0.298
36550,0.31,0.31,0.31
36551,0.312,0.312,0.312
36552,0.358,0.358,0.358
36553,0.342,0.342,0.342
36554,0.338,0.338,0.338
36555,0.338,0.338,0.338
36556,0.344,0.344,0.344
36557,0.342,0.342,0.342
36558,0.33,0.33,0.33
36559,0.332,0.332,0.332
36560,0.342,0.342,0.342
36561,0.336,0.336,0.336
36562,0.382,0.382,0.382
36563,0.368,0.368,0.368
36564,0.35,0.35,0.35
36565,0.376,0.376,0.376
36566,0.406,0.406,0.406
36567,0.39,0.39,0.39
36568,0.39,0.39,0.39
36569,0.372,0.372,0.372
36570,0.368,0.368,0.368
36571,0.38,0.38,0.38
36572,0.368,0.368,0.368
36573,0.372,0.372,0.372
36574,0.358,0.358,0.358
36575,0.366,0.366,0.366
36576,0.372,0.372,0.372
36577,0.382,0.382,0.382
36578,0.388,0.388,0.388
36579,0.39,0.39,0.39
36580,0.382,0.382,0.382
36581,0.386,0.386,0.386
36582,0.416,0.416,0.416
36583,0.406,0.406,0.406
36584,0.406,0.406,0.406
36585,0.404,0.404,0.404
36586,0.404,0.404,0.404
36587,0.402,0.402,0.402
36588,0.404,0.404,0.404
36589,0.426,0.426,0.426
36590,0.422,0.422,0.422
36591,0.418,0.418,0.418
36592,0.418,0.418,0.418
36593,0.412,0.412,0.412
36594,0.414,0.414,0.414
36595,0.398,0.398,0.398
36596,0.388,0.388,0.388
36597,0.39,0.39,0.39
36598,0.378,0.378,0.378
36599,0.374,0.296,0.296
36600,0.384,0.282,0.282
36601,0.446,0.268,0.268
36602,0.432,0.24,0.24
36603,0.442,0.224,0.224
36604,0.44,0.218,0.218
36605,0.432,0.184,0.184
36606,0.436,0.182,0.182
36607,0.432,0.17,0.17
36608,0.43,0.166,0.166
36609,0.43,0.152,0.152
36610,0.41,0.148,0.148
36611,0.422,0.12,0.12
36612,0.43,0.116,0.116
36613,0.426,0.102,0.102
36614,0.42,0.066,0.066
36615,0.434,0.042,0.042
36616,0.422,0.036,0.036
36617,0.428,0.02,0.02
36618,0.44,0.018,0.018
36619,0.428,0.016,0.016
36620,0.428,0.016,0.016
36621,0.418,0.01,0.01
36622,0.41,0.01,0.01
36623,0.416,0.004,0.004
36624,0.402,0.004,0.004
36625,0.398,0.004,0.004
36626,0.394,0.004,0.004
36627,0.396,0,0
36628,0.384,0,0
36629,0.378,0,0
36630,0.37,0,0
36631,0.36,0,0
36632,0.35,0,0
36633,0.35,0,0
36634,0.346,0,0
36635,0.342,0,0
36636,0.336,0,0
36637,0.332,0,0
36638,0.326,0,0
36639,0.314,0,0
36640,0.318,0,0
36641,0.312,0,0
36642,0.294,0,0
36643,0.292,0,0
36644,0.294,0,0
36645,0.288,0,0
36646,0.284,0,0
36647,0.292,0,0
36648,0.306,0,0
36649,0.296,0,0
36650,0.282,0,0
36651,0.268,0,0
36652,0.24,0,0
36653,0.224,0,0
36654,0.218,0,0
36655,0.184,0,0
36656,0.182,0,0
36657,0.17,0,0
36658,0.166,0,0
36659,0.152,0,0
36660,0.148,0,0
36661,0.12,0,0
36662,0.116,0,0
36663,0.102,0,0
36664,0.066,0,0
36665,0.042,0,0
36666,0.036,0,0
36667,0.02,0,0
36668,0.018,0,0
36669,0.016,0,0
36670,0.016,0,0
36671,0.01,0,0
36672,0.01,0,0
36673,0.004,0,0
36674,0.004,0,0
36675,0.004,0,0
36676,0.004,0,0
36677,0,0,0
36678,0,0,0
36679,0,0,0
36680,0,0,0
36681,0,0,0
36682,0,0,0
36683,0,0,0
36684,0,0,0
36685,0,0,0
36686,0,0,0
36687,0,0,0
36688,0,0,0
36689,0,0,0
36690,0,0,0
36691,0,0,0
36692,0,0,0
36693,0,0,0
36694,0,0,0
36695,0,0,0
36696,0,0,0
36697,0,0,0
36698,0,0,0
36699,0,0,0
36700,0,0,0
36701,0,0,0
36702,0,0,0
36703,0,0,0
36704,0,0,0
36705,0,0,0
36706,0,0,0
36707,0,0,0
36708,0,0,0
36709,0,0,0
36710,0,0,0
36711,0,0,0
36712,0,0,0
36713,0,0,0
36714,0,0,0
36715,0,0,0
36716,0,0,0
36717,0,0,0
36718,0,0,0
36719,0,0,0
36720,0,0,0
36721,0,0,0
36722,0,0,0
36723,0,0,0
36724,0,0,0
36725,0,0,0
36726,0,0,0
36727,0.008,0.008,0.008
36728,0,0,0
36729,0,0,0
36730,0,0,0
36731,0,0,0
36732,0,0,0
36733,0,0,0
36734,0,0,0
36735,0,0,0
36736,0,0,0
36737,0,0,0
36738,0,0,0
36739,0,0,0
36740,0,0,0
36741,0,0,0
36742,0,0,0
36743,0,0,0
36744,0,0,0
36745,0,0,0
36746,0,0,0
36747,0,0,0
36748,0,0,0
36749,0,0,0
36750,0,0,0
36751,0,0,0
36752,0,0,0
36753,0,0,0
36754,0,0,0
36755,0,0,0
36756,0,0,0
36757,0.004,0.004,0.004
36758,0,0,0
36759,0,0,0
36760,0,0,0
36761,0,0,0
36762,0,0,0
36763,0,0,0
36764,0,0,0
36765,0,0,0
36766,0,0,0
36767,0,0,0
36768,0,0,0
36769,0.004,0.004,0.004
36770,0.01,0.01,0.01
36771,0.014,0.014,0.014
36772,0.018,0.018,0.018
36773,0.02,0.02,0.02
36774,0.018,0.018,0.018
36775,0.018,0.018,0.018
36776,0.052,0.052,0.052
36777,0.052,0.052,0.052
36778,0.052,0.052,0.052
36779,0.046,0.046,0.046
36780,0.044,0.044,0.044
36781,0.044,0.044,0.044
36782,0.05,0.05,0.05
36783,0.046,0.046,0.046
36784,0.044,0.044,0.044
36785,0.038,0.038,0.038
36786,0.038,0.038,0.038
36787,0.038,0.038,0.038
36788,0.048,0.048,0.048
36789,0.058,0.058,0.058
36790,0.068,0.068,0.068
36791,0.058,0.058,0.058
36792,0.054,0.054,0.054
36793,0.05,0.05,0.05
36794,0.072,0.072,0.072
36795,0.088,0.088,0.088
36796,0.11,0.11,0.11
36797,0.098,0.098,0.098
36798,0.112,0.112,0.112
36799,0.104,0.104,0.104
36800,0.134,0.134,0.134
36801,0.14,0.14,0.14
36802,0.122,0.122,0.122
36803,0.118,0.118,0.118
36804,0.12,0.12,0.12
36805,0.106,0.106,0.106
36806,0.072,0.072,0.072
36807,0.054,0.054,0.054
36808,0.054,0.054,0.054
36809,0.12,0.12,0.12
36810,0.168,0.168,0.168
36811,0.15,0.15,0.15
36812,0.128,0.128,0.128
36813,0.124,0.124,0.124
36814,0.146,0.146,0.146
36815,0.146,0.146,0.146
36816,0.144,0.144,0.144
36817,0.136,0.136,0.136
36818,0.132,0.132,0.132
36819,0.118,0.118,0.118
36820,0.13,0.13,0.13
36821,0.106,0.106,0.106
36822,0.116,0.116,0.116
36823,0.126,0.126,0.126
36824,0.12,0.12,0.12
36825,0.14,0.14,0.14
36826,0.126,0.126,0.126
36827,0.122,0.122,0.122
36828,0.118,0.118,0.118
36829,0.106,0.106,0.106
36830,0.118,0.118,0.118
36831,0.12,0.12,0.12
36832,0.108,0.108,0.108
36833,0.124,0.124,0.124
36834,0.126,0.126,0.126
36835,0.106,0.106,0.106
36836,0.098,0.098,0.098
36837,0.106,0.106,0.106
36838,0.116,0.116,0.116
36839,0.116,0.116,0.116
36840,0.13,0.13,0.13
36841,0.148,0.148,0.148
36842,0.154,0.154,0.154
36843,0.134,0.134,0.134
36844,0.154,0.154,0.154
36845,0.132,0.132,0.132
36846,0.126,0.126,0.126
36847,0.122,0.122,0.122
36848,0.134,0.134,0.134
36849,0.142,0.142,0.142
36850,0.136,0.136,0.136
36851,0.122,0.122,0.122
36852,0.16,0.16,0.16
36853,0.188,0.188,0.188
36854,0.154,0.154,0.154
36855,0.188,0.188,0.188
36856,0.17,0.17,0.17
36857,0.174,0.174,0.174
36858,0.17,0.17,0.17
36859,0.162,0.162,0.162
36860,0.158,0.158,0.158
36861,0.156,0.156,0.156
36862,0.164,0.164,0.164
36863,0.16,0.16,0.16
36864,0.164,0.164,0.164
36865,0.112,0.112,0.112
36866,0.154,0.154,0.154
36867,0.154,0.154,0.154
36868,0.154,0.154,0.154
36869,0.158,0.158,0.158
36870,0.156,0.156,0.156
36871,0.156,0.156,0.156
36872,0.16,0.16,0.16
36873,0.138,0.138,0.138
36874,0.15,0.15,0.15
36875,0.154,0.154,0.154
36876,0.162,0.162,0.162
36877,0.172,0.172,0.172
36878,0.17,0.17,0.17
36879,0.19,0.19,0.19
36880,0.23,0.23,0.23
36881,0.274,0.274,0.274
36882,0.246,0.246,0.246
36883,0.24,0.24,0.24
36884,0.276,0.276,0.276
36885,0.308,0.308,0.308
36886,0.248,0.248,0.248
36887,0.264,0.264,0.264
36888,0.262,0.262,0.262
36889,0.304,0.304,0.304
36890,0.302,0.302,0.302
36891,0.29,0.29,0.29
36892,0.246,0.246,0.246
36893,0.248,0.248,0.248
36894,0.244,0.244,0.244
36895,0.222,0.222,0.222
36896,0.228,0.228,0.228
36897,0.234,0.234,0.234
36898,0.238,0.238,0.238
36899,0.246,0.246,0.246
36900,0.242,0.242,0.242
36901,0.248,0.248,0.248
36902,0.238,0.238,0.238
36903,0.25,0.25,0.25
36904,0.248,0.248,0.248
36905,0.248,0.248,0.248
36906,0.278,0.278,0.278
36907,0.268,0.268,0.268
36908,0.274,0.274,0.274
36909,0.272,0.272,0.272
36910,0.276,0.276,0.276
36911,0.28,0.28,0.28
36912,0.288,0.288,0.288
36913,0.302,0.302,0.302
36914,0.298,0.298,0.298
36915,0.31,0.31,0.31
36916,0.312,0.312,0.312
36917,0.358,0.358,0.358
36918,0.342,0.342,0.342
36919,0.338,0.338,0.338
36920,0.338,0.338,0.338
36921,0.344,0.344,0.344
36922,0.342,0.342,0.342
36923,0.33,0.33,0.33
36924,0.332,0.332,0.332
36925,0.342,0.342,0.342
36926,0.336,0.336,0.336
36927,0.382,0.382,0.382
36928,0.368,0.368,0.368
36929,0.35,0.35,0.35
36930,0.376,0.376,0.376
36931,0.406,0.406,0.406
36932,0.39,0.39,0.39
36933,0.39,0.39,0.39
36934,0.372,0.372,0.372
36935,0.368,0.368,0.368
36936,0.38,0.38,0.38
36937,0.368,0.368,0.368
36938,0.372,0.372,0.372
36939,0.358,0.358,0.358
36940,0.366,0.366,0.366
36941,0.372,0.372,0.372
36942,0.382,0.382,0.382
36943,0.388,0.388,0.388
36944,0.39,0.39,0.39
36945,0.382,0.382,0.382
36946,0.386,0.386,0.386
36947,0.416,0.416,0.416
36948,0.406,0.406,0.406
36949,0.406,0.406,0.406
36950,0.404,0.404,0.404
36951,0.404,0.404,0.404
36952,0.402,0.402,0.402
36953,0.404,0.404,0.404
36954,0.426,0.426,0.426
36955,0.422,0.422,0.422
36956,0.418,0.418,0.418
36957,0.418,0.418,0.418
36958,0.412,0.412,0.412
36959,0.414,0.414,0.414
36960,0.398,0.398,0.398
36961,0.388,0.388,0.388
36962,0.39,0.39,0.39
36963,0.378,0.378,0.378
36964,0.374,0.296,0.296
36965,0.384,0.282,0.282
36966,0.446,0.268,0.268
36967,0.432,0.24,0.24
36968,0.442,0.224,0.224
36969,0.44,0.218,0.218
36970,0.432,0.184,0.184
36971,0.436,0.182,0.182
36972,0.432,0.17,0.17
36973,0.43,0.166,0.166
36974,0.43,0.152,0.152
36975,0.41,0.148,0.148
36976,0.422,0.12,0.12
36977,0.43,0.116,0.116
36978,0.426,0.102,0.102
36979,0.42,0.066,0.066
36980,0.434,0.042,0.042
36981,0.422,0.036,0.036
36982,0.428,0.02,0.02
36983,0.44,0.018,0.018
36984,0.428,0.016,0.016
36985,0.428,0.016,0.016
36986,0.418,0.01,0.01
36987,0.41,0.01,0.01
36988,0.416,0.004,0.004
36989,0.402,0.004,0.004
36990,0.398,0.004,0.004
36991,0.394,0.004,0.004
36992,0.396,0,0
36993,0.384,0,0
36994,0.378,0,0
36995,0.37,0,0
36996,0.36,0,0
36997,0.35,0,0
36998,0.35,0,0
36999,0.346,0,0
37000,0.342,0,0
37001,0.336,0,0
37002,0.332,0,0
37003,0.326,0,0
37004,0.314,0,0
37005,0.318,0,0
37006,0.312,0,0
37007,0.294,0,0
37008,0.292,0,0
37009,0.294,0,0
37010,0.288,0,0
37011,0.284,0,0
37012,0.292,0,0
37013,0.306,0,0
37014,0.296,0,0
37015,0.282,0,0
37016,0.268,0,0
37017,0.24,0,0
37018,0.224,0,0
37019,0.218,0,0
37020,0.184,0,0
37021,0.182,0,0
37022,0.17,0,0
37023,0.166,0,0
37024,0.152,0,0
37025,0.148,0,0
37026,0.12,0,0
37027,0.116,0,0
37028,0.102,0,0
37029,0.066,0,0
37030,0.042,0,0
37031,0.036,0,0
37032,0.02,0,0
37033,0.018,0,0
37034,0.016,0,0
37035,0.016,0,0
37036,0.01,0,0
37037,0.01,0,0
37038,0.004,0,0
37039,0.004,0,0
37040,0.004,0,0
37041,0.004,0,0
37042,0,0,0
37043,0,0,0
37044,0,0,0
37045,0,0,0
37046,0,0,0
37047,0,0,0
37048,0,0,0
37049,0,0,0
37050,0,0,0
37051,0,0,0
37052,0,0,0
37053,0,0,0
37054,0,0,0
37055,0,0,0
37056,0,0,0
37057,0,0,0
37058,0,0,0
37059,0,0,0
37060,0,0,0
37061,0,0,0
37062,0,0,0
37063,0,0,0
37064,0,0,0
37065,0,0,0
37066,0,0,0
37067,0,0,0
37068,0,0,0
37069,0,0,0
37070,0,0,0
37071,0,0,0
37072,0,0,0
37073,0,0,0
37074,0,0,0
37075,0,0,0
37076,0,0,0
37077,0,0,0
37078,0,0,0
37079,0,0,0
37080,0,0,0
37081,0,0,0
37082,0,0,0
37083,0,0,0
37084,0,0,0
37085,0,0,0
37086,0,0,0
37087,0,0,0
37088,0,0,0
37089,0,0,0
37090,0,0,0
37091,0,0,0
37092,0.008,0.008,0.008
37093,0,0,0
37094,0,0,0
37095,0,0,0
37096,0,0,0
37097,0,0,0
37098,0,0,0
37099,0,0,0
37100,0,0,0
37101,0,0,0
37102,0,0,0
37103,0,0,0
37104,0,0,0
37105,0,0,0
37106,0,0,0
37107,0,0,0
37108,0,0,0
37109,0,0,0
37110,0,0,0
37111,0,0,0
37112,0,0,0
37113,0,0,0
37114,0,0,0
37115,0,0,0
37116,0,0,0
37117,0,0,0
37118,0,0,0
37119,0,0,0
37120,0,0,0
37121,0,0,0
37122,0.004,0.004,0.004
37123,0,0,0
37124,0,0,0
37125,0,0,0
37126,0,0,0
37127,0,0,0
37128,0,0,0
37129,0,0,0
37130,0,0,0
37131,0,0,0
37132,0,0,0
37133,0,0,0
37134,0.004,0.004,0.004
37135,0.01,0.01,0.01
37136,0.014,0.014,0.014
37137,0.018,0.018,0.018
37138,0.02,0.02,0.02
37139,0.018,0.018,0.018
37140,0.018,0.018,0.018
37141,0.052,0.052,0.052
37142,0.052,0.052,0.052
37143,0.052,0.052,0.052
37144,0.046,0.046,0.046
37145,0.044,0.044,0.044
37146,0.044,0.044,0.044
37147,0.05,0.05,0.05
37148,0.046,0.046,0.046
37149,0.044,0.044,0.044
37150,0.038,0.038,0.038
37151,0.038,0.038,0.038
37152,0.038,0.038,0.038
37153,0.048,0.048,0.048
37154,0.058,0.058,0.058
37155,0.068,0.068,0.068
37156,0.058,0.058,0.058
37157,0.054,0.054,0.054
37158,0.05,0.05,0.05
37159,0.072,0.072,0.072
37160,0.088,0.088,0.088
37161,0.11,0.11,0.11
37162,0.098,0.098,0.098
37163,0.112,0.112,0.112
37164,0.104,0.104,0.104
37165,0.134,0.134,0.134
37166,0.14,0.14,0.14
37167,0.122,0.122,0.122
37168,0.118,0.118,0.118
37169,0.12,0.12,0.12
37170,0.106,0.106,0.106
37171,0.072,0.072,0.072
37172,0.054,0.054,0.054
37173,0.054,0.054,0.054
37174,0.12,0.12,0.12
37175,0.168,0.168,0.168
37176,0.15,0.15,0.15
37177,0.128,0.128,0.128
37178,0.124,0.124,0.124
37179,0.146,0.146,0.146
37180,0.146,0.146,0.146
37181,0.144,0.144,0.144
37182,0.136,0.136,0.136
37183,0.132,0.132,0.132
37184,0.118,0.118,0.118
37185,0.13,0.13,0.13
37186,0.106,0.106,0.106
37187,0.116,0.116,0.116
37188,0.126,0.126,0.126
37189,0.12,0.12,0.12
37190,0.14,0.14,0.14
37191,0.126,0.126,0.126
37192,0.122,0.122,0.122
37193,0.118,0.118,0.118
37194,0.106,0.106,0.106
37195,0.118,0.118,0.118
37196,0.12,0.12,0.12
37197,0.108,0.108,0.108
37198,0.124,0.124,0.124
37199,0.126,0.126,0.126
37200,0.106,0.106,0.106
37201,0.098,0.098,0.098
37202,0.106,0.106,0.106
37203,0.116,0.116,0.116
37204,0.116,0.116,0.116
37205,0.13,0.13,0.13
37206,0.148,0.148,0.148
37207,0.154,0.154,0.154
37208,0.134,0.134,0.134
37209,0.154,0.154,0.154
37210,0.132,0.132,0.132
37211,0.126,0.126,0.126
37212,0.122,0.122,0.122
37213,0.134,0.134,0.134
37214,0.142,0.142,0.142
37215,0.136,0.136,0.136
37216,0.122,0.122,0.122
37217,0.16,0.16,0.16
37218,0.188,0.188,0.188
37219,0.154,0.154,0.154
37220,0.188,0.188,0.188
37221,0.17,0.17,0.17
37222,0.174,0.174,0.174
37223,0.17,0.17,0.17
37224,0.162,0.162,0.162
37225,0.158,0.158,0.158
37226,0.156,0.156,0.156
37227,0.164,0.164,0.164
37228,0.16,0.16,0.16
37229,0.164,0.164,0.164
37230,0.112,0.112,0.112
37231,0.154,0.154,0.154
37232,0.154,0.154,0.154
37233,0.154,0.154,0.154
37234,0.158,0.158,0.158
37235,0.156,0.156,0.156
37236,0.156,0.156,0.156
37237,0.16,0.16,0.16
37238,0.138,0.138,0.138
37239,0.15,0.15,0.15
37240,0.154,0.154,0.154
37241,0.162,0.162,0.162
37242,0.172,0.172,0.172
37243,0.17,0.17,0.17
37244,0.19,0.19,0.19
37245,0.23,0.23,0.23
37246,0.274,0.274,0.274
37247,0.246,0.246,0.246
37248,0.24,0.24,0.24
37249,0.276,0.276,0.276
37250,0.308,0.308,0.308
37251,0.248,0.248,0.248
37252,0.264,0.264,0.264
37253,0.262,0.262,0.262
37254,0.304,0.304,0.304
37255,0.302,0.302,0.302
37256,0.29,0.29,0.29
37257,0.246,0.246,0.246
37258,0.248,0.248,0.248
37259,0.244,0.244,0.244
37260,0.222,0.222,0.222
37261,0.228,0.228,0.228
37262,0.234,0.234,0.234
37263,0.238,0.238,0.238
37264,0.246,0.246,0.246
37265,0.242,0.242,0.242
37266,0.248,0.248,0.248
37267,0.238,0.238,0.238
37268,0.25,0.25,0.25
37269,0.248,0.248,0.248
37270,0.248,0.248,0.248
37271,0.278,0.278,0.278
37272,0.268,0.268,0.268
37273,0.274,0.274,0.274
37274,0.272,0.272,0.272
37275,0.276,0.276,0.276
37276,0.28,0.28,0.28
37277,0.288,0.288,0.288
37278,0.302,0.302,0.302
37279,0.298,0.298,0.298
37280,0.31,0.31,0.31
37281,0.312,0.312,0.312
37282,0.358,0.358,0.358
37283,0.342,0.342,0.342
37284,0.338,0.338,0.338
37285,0.338,0.338,0.338
37286,0.344,0.344,0.344
37287,0.342,0.342,0.342
37288,0.33,0.33,0.33
37289,0.332,0.332,0.332
37290,0.342,0.342,0.342
37291,0.336,0.336,0.336
37292,0.382,0.382,0.382
37293,0.368,0.368,0.368
37294,0.35,0.35,0.35
37295,0.376,0.376,0.376
37296,0.406,0.406,0.406
37297,0.39,0.39,0.39
37298,0.39,0.39,0.39
37299,0.372,0.372,0.372
37300,0.368,0.368,0.368
37301,0.38,0.38,0.38
37302,0.368,0.368,0.368
37303,0.372,0.372,0.372
37304,0.358,0.358,0.358
37305,0.366,0.366,0.366
37306,0.372,0.372,0.372
37307,0.382,0.382,0.382
37308,0.388,0.388,0.388
37309,0.39,0.39,0.39
37310,0.382,0.382,0.382
37311,0.386,0.386,0.386
37312,0.416,0.416,0.416
37313,0.406,0.406,0.406
37314,0.406,0.406,0.406
37315,0.404,0.404,0.404
37316,0.404,0.404,0.404
37317,0.402,0.402,0.402
37318,0.404,0.404,0.404
37319,0.426,0.426,0.426
37320,0.422,0.422,0.422
37321,0.418,0.418,0.418
37322,0.418,0.418,0.418
37323,0.412,0.412,0.412
37324,0.414,0.414,0.414
37325,0.398,0.398,0.398
37326,0.388,0.388,0.388
37327,0.39,0.39,0.39
37328,0.378,0.296,0.296
37329,0.374,0.282,0.282
37330,0.384,0.268,0.268
37331,0.446,0.24,0.24
37332,0.432,0.224,0.224
37333,0.442,0.218,0.218
37334,0.44,0.184,0.184
37335,0.432,0.182,0.182
37336,0.436,0.17,0.17
37337,0.432,0.166,0.166
37338,0.43,0.152,0.152
37339,0.43,0.148,0.148
37340,0.41,0.12,0.12
37341,0.422,0.116,0.116
37342,0.43,0.102,0.102
37343,0.426,0.066,0.066
37344,0.42,0.042,0.042
37345,0.434,0.036,0.036
37346,0.422,0.02,0.02
37347,0.428,0.018,0.018
37348,0.44,0.016,0.016
37349,0.428,0.016,0.016
37350,0.428,0.01,0.01
37351,0.418,0.01,0.01
37352,0.41,0.004,0.004
37353,0.416,0.004,0.004
37354,0.402,0.004,0.004
37355,0.398,0.004,0.004
37356,0.394,0,0
37357,0.396,0,0
37358,0.384,0,0
37359,0.378,0,0
37360,0.37,0,0
37361,0.36,0,0
37362,0.35,0,0
37363,0.35,0,0
37364,0.346,0,0
37365,0.342,0,0
37366,0.336,0,0
37367,0.332,0,0
37368,0.326,0,0
37369,0.314,0,0
37370,0.318,0,0
37371,0.312,0,0
37372,0.294,0,0
37373,0.292,0,0
37374,0.294,0,0
37375,0.288,0,0
37376,0.284,0,0
37377,0.292,0,0
37378,0.306,0,0
37379,0.296,0,0
37380,0.282,0,0
37381,0.268,0,0
37382,0.24,0,0
37383,0.224,0,0
37384,0.218,0,0
37385,0.184,0,0
37386,0.182,0,0
37387,0.17,0,0
37388,0.166,0,0
37389,0.152,0,0
37390,0.148,0,0
37391,0.12,0,0
37392,0.116,0,0
37393,0.102,0,0
37394,0.066,0,0
37395,0.042,0,0
37396,0.036,0,0
37397,0.02,0,0
37398,0.018,0,0
37399,0.016,0,0
37400,0.016,0,0
37401,0.01,0,0
37402,0.01,0,0
37403,0.004,0,0
37404,0.004,0,0
37405,0.004,0,0
37406,0.004,0,0
37407,0,0,0
37408,0,0,0
37409,0,0,0
37410,0,0,0
37411,0,0,0
37412,0,0,0
37413,0,0,0
37414,0,0,0
37415,0,0,0
37416,0,0,0
37417,0,0,0
37418,0,0,0
37419,0,0,0
37420,0,0,0
37421,0,0,0
37422,0,0,0
37423,0,0,0
37424,0,0,0
37425,0,0,0
37426,0,0,0
37427,0,0,0
37428,0,0,0
37429,0,0,0
37430,0,0,0
37431,0,0,0
37432,0,0,0
37433,0,0,0
37434,0,0,0
37435,0,0,0
37436,0,0,0
37437,0,0,0
37438,0,0,0
37439,0,0,0
37440,0,0,0
37441,0,0,0
37442,0,0,0
37443,0,0,0
37444,0,0,0
37445,0,0,0
37446,0,0,0
37447,0,0,0
37448,0,0,0
37449,0,0,0
37450,0,0,0
37451,0,0,0
37452,0,0,0
37453,0,0,0
37454,0,0,0
37455,0,0,0
37456,0,0,0
37457,0.008,0.008,0.008
37458,0,0,0
37459,0,0,0
37460,0,0,0
37461,0,0,0
37462,0,0,0
37463,0,0,0
37464,0,0,0
37465,0,0,0
37466,0,0,0
37467,0,0,0
37468,0,0,0
37469,0,0,0
37470,0,0,0
37471,0,0,0
37472,0,0,0
37473,0,0,0
37474,0,0,0
37475,0,0,0
37476,0,0,0
37477,0,0,0
37478,0,0,0
37479,0,0,0
37480,0,0,0
37481,0,0,0
37482,0,0,0
37483,0,0,0
37484,0,0,0
37485,0,0,0
37486,0,0,0
37487,0.004,0.004,0.004
37488,0,0,0
37489,0,0,0
37490,0,0,0
37491,0,0,0
37492,0,0,0
37493,0,0,0
37494,0,0,0
37495,0,0,0
37496,0,0,0
37497,0,0,0
37498,0,0,0
37499,0.004,0.004,0.004
37500,0.01,0.01,0.01
37501,0.014,0.014,0.014
37502,0.018,0.018,0.018
37503,0.02,0.02,0.02
37504,0.018,0.018,0.018
37505,0.018,0.018,0.018
37506,0.052,0.052,0.052
37507,0.052,0.052,0.052
37508,0.052,0.052,0.052
37509,0.046,0.046,0.046
37510,0.044,0.044,0.044
37511,0.044,0.044,0.044
37512,0.05,0.05,0.05
37513,0.046,0.046,0.046
37514,0.044,0.044,0.044
37515,0.038,0.038,0.038
37516,0.038,0.038,0.038
37517,0.038,0.038,0.038
37518,0.048,0.048,0.048
37519,0.058,0.058,0.058
37520,0.068,0.068,0.068
37521,0.058,0.058,0.058
37522,0.054,0.054,0.054
37523,0.05,0.05,0.05
37524,0.072,0.072,0.072
37525,0.088,0.088,0.088
37526,0.11,0.11,0.11
37527,0.098,0.098,0.098
37528,0.112,0.112,0.112
37529,0.104,0.104,0.104
37530,0.134,0.134,0.134
37531,0.14,0.14,0.14
37532,0.122,0.122,0.122
37533,0.118,0.118,0.118
37534,0.12,0.12,0.12
37535,0.106,0.106,0.106
37536,0.072,0.072,0.072
37537,0.054,0.054,0.054
37538,0.054,0.054,0.054
37539,0.12,0.12,0.12
37540,0.168,0.168,0.168
37541,0.15,0.15,0.15
37542,0.128,0.128,0.128
37543,0.124,0.124,0.124
37544,0.146,0.146,0.146
37545,0.146,0.146,0.146
37546,0.144,0.144,0.144
37547,0.136,0.136,0.136
37548,0.132,0.132,0.132
37549,0.118,0.118,0.118
37550,0.13,0.13,0.13
37551,0.106,0.106,0.106
37552,0.116,0.116,0.116
37553,0.126,0.126,0.126
37554,0.12,0.12,0.12
37555,0.14,0.14,0.14
37556,0.126,0.126,0.126
37557,0.122,0.122,0.122
37558,0.118,0.118,0.118
37559,0.106,0.106,0.106
37560,0.118,0.118,0.118
37561,0.12,0.12,0.12
37562,0.108,0.108,0.108
37563,0.124,0.124,0.124
37564,0.126,0.126,0.126
37565,0.106,0.106,0.106
37566,0.098,0.098,0.098
37567,0.106,0.106,0.106
37568,0.116,0.116,0.116
37569,0.116,0.116,0.116
37570,0.13,0.13,0.13
37571,0.148,0.148,0.148
37572,0.154,0.154,0.154
37573,0.134,0.134,0.134
37574,0.154,0.154,0.154
37575,0.132,0.132,0.132
37576,0.126,0.126,0.126
37577,0.122,0.122,0.122
37578,0.134,0.134,0.134
37579,0.142,0.142,0.142
37580,0.136,0.136,0.136
37581,0.122,0.122,0.122
37582,0.16,0.16,0.16
37583,0.188,0.188,0.188
37584,0.154,0.154,0.154
37585,0.188,0.188,0.188
37586,0.17,0.17,0.17
37587,0.174,0.174,0.174
37588,0.17,0.17,0.17
37589,0.162,0.162,0.162
37590,0.158,0.158,0.158
37591,0.156,0.156,0.156
37592,0.164,0.164,0.164
37593,0.16,0.16,0.16
37594,0.164,0.164,0.164
37595,0.112,0.112,0.112
37596,0.154,0.154,0.154
37597,0.154,0.154,0.154
37598,0.154,0.154,0.154
37599,0.158,0.158,0.158
37600,0.156,0.156,0.156
37601,0.156,0.156,0.156
37602,0.16,0.16,0.16
37603,0.138,0.138,0.138
37604,0.15,0.15,0.15
37605,0.154,0.154,0.154
37606,0.162,0.162,0.162
37607,0.172,0.172,0.172
37608,0.17,0.17,0.17
37609,0.19,0.19,0.19
37610,0.23,0.23,0.23
37611,0.274,0.274,0.274
37612,0.246,0.246,0.246
37613,0.24,0.24,0.24
37614,0.276,0.276,0.276
37615,0.308,0.308,0.308
37616,0.248,0.248,0.248
37617,0.264,0.264,0.264
37618,0.262,0.262,0.262
37619,0.304,0.304,0.304
37620,0.302,0.302,0.302
37621,0.29,0.29,0.29
37622,0.246,0.246,0.246
37623,0.248,0.248,0.248
37624,0.244,0.244,0.244
37625,0.222,0.222,0.222
37626,0.228,0.228,0.228
37627,0.234,0.234,0.234
37628,0.238,0.238,0.238
37629,0.246,0.246,0.246
37630,0.242,0.242,0.242
37631,0.248,0.248,0.248
37632,0.238,0.238,0.238
37633,0.25,0.25,0.25
37634,0.248,0.248,0.248
37635,0.248,0.248,0.248
37636,0.278,0.278,0.278
37637,0.268,0.268,0.268
37638,0.274,0.274,0.274
37639,0.272,0.272,0.272
37640,0.276,0.276,0.276
37641,0.28,0.28,0.28
37642,0.288,0.288,0.288
37643,0.302,0.302,0.302
37644,0.298,0.298,0.298
37645,0.31,0.31,0.31
37646,0.312,0.312,0.312
37647,0.358,0.358,0.358
37648,0.342,0.342,0.342
37649,0.338,0.338,0.338
37650,0.338,0.338,0.338
37651,0.344,0.344,0.344
37652,0.342,0.342,0.342
37653,0.33,0.33,0.33
37654,0.332,0.332,0.332
37655,0.342,0.342,0.342
37656,0.336,0.336,0.336
37657,0.382,0.382,0.382
37658,0.368,0.368,0.368
37659,0.35,0.35,0.35
37660,0.376,0.376,0.376
37661,0.406,0.406,0.406
37662,0.39,0.39,0.39
37663,0.39,0.39,0.39
37664,0.372,0.372,0.372
37665,0.368,0.368,0.368
37666,0.38,0.38,0.38
37667,0.368,0.368,0.368
37668,0.372,0.372,0.372
37669,0.358,0.358,0.358
37670,0.366,0.366,0.366
37671,0.372,0.372,0.372
37672,0.382,0.382,0.382
37673,0.388,0.388,0.388
37674,0.39,0.39,0.39
37675,0.382,0.382,0.382
37676,0.386,0.386,0.386
37677,0.416,0.416,0.416
37678,0.406,0.406,0.406
37679,0.406,0.406,0.406
37680,0.404,0.404,0.404
37681,0.404,0.404,0.404
37682,0.402,0.402,0.402
37683,0.404,0.404,0.404
37684,0.426,0.426,0.426
37685,0.422,0.422,0.422
37686,0.418,0.418,0.418
37687,0.418,0.418,0.418
37688,0.412,0.412,0.412
37689,0.414,0.414,0.414
37690,0.398,0.398,0.398
37691,0.388,0.388,0.388
37692,0.39,0.39,0.39
37693,0.378,0.296,0.296
37694,0.374,0.282,0.282
37695,0.384,0.268,0.268
37696,0.446,0.24,0.24
37697,0.432,0.224,0.224
37698,0.442,0.218,0.218
37699,0.44,0.184,0.184
37700,0.432,0.182,0.182
37701,0.436,0.17,0.17
37702,0.432,0.166,0.166
37703,0.43,0.152,0.152
37704,0.43,0.148,0.148
37705,0.41,0.12,0.12
37706,0.422,0.116,0.116
37707,0.43,0.102,0.102
37708,0.426,0.066,0.066
37709,0.42,0.042,0.042
37710,0.434,0.036,0.036
37711,0.422,0.02,0.02
37712,0.428,0.018,0.018
37713,0.44,0.016,0.016
37714,0.428,0.016,0.016
37715,0.428,0.01,0.01
37716,0.418,0.01,0.01
37717,0.41,0.004,0.004
37718,0.416,0.004,0.004
37719,0.402,0.004,0.004
37720,0.398,0.004,0.004
37721,0.394,0,0
37722,0.396,0,0
37723,0.384,0,0
37724,0.378,0,0
37725,0.37,0,0
37726,0.36,0,0
37727,0.35,0,0
37728,0.35,0,0
37729,0.346,0,0
37730,0.342,0,0
37731,0.336,0,0
37732,0.332,0,0
37733,0.326,0,0
37734,0.314,0,0
37735,0.318,0,0
37736,0.312,0,0
37737,0.294,0,0
37738,0.292,0,0
37739,0.294,0,0
37740,0.288,0,0
37741,0.284,0,0
37742,0.292,0,0
37743,0.306,0,0
37744,0.296,0,0
37745,0.282,0,0
37746,0.268,0,0
37747,0.24,0,0
37748,0.224,0,0
37749,0.218,0,0
37750,0.184,0,0
37751,0.182,0,0
37752,0.17,0,0
37753,0.166,0,0
37754,0.152,0,0
37755,0.148,0,0
37756,0.12,0,0
37757,0.116,0,0
37758,0.102,0,0
37759,0.066,0,0
37760,0.042,0,0
37761,0.036,0,0
37762,0.02,0,0
37763,0.018,0,0
37764,0.016,0,0
37765,0.016,0,0
37766,0.01,0,0
37767,0.01,0,0
37768,0.004,0,0
37769,0.004,0,0
37770,0.004,0,0
37771,0.004,0,0
37772,0,0,0
37773,0,0,0
37774,0,0,0
37775,0,0,0
37776,0,0,0
37777,0,0,0
37778,0,0,0
37779,0,0,0
37780,0,0,0
37781,0,0,0
37782,0,0,0
37783,0,0,0
37784,0,0,0
37785,0,0,0
37786,0,0,0
37787,0,0,0
37788,0,0,0
37789,0,0,0
37790,0,0,0
37791,0,0,0
37792,0,0,0
37793,0,0,0
37794,0,0,0
37795,0,0,0
37796,0,0,0
37797,0,0,0
37798,0,0,0
37799,0,0,0
37800,0,0,0
37801,0,0,0
37802,0,0,0
37803,0,0,0
37804,0,0,0
37805,0,0,0
37806,0,0,0
37807,0,0,0
37808,0,0,0
37809,0,0,0
37810,0,0,0
37811,0,0,0
37812,0,0,0
37813,0,0,0
37814,0,0,0
37815,0,0,0
37816,0,0,0
37817,0,0,0
37818,0,0,0
37819,0,0,0
37820,0,0,0
37821,0,0,0
37822,0.008,0.008,0.008
37823,0,0,0
37824,0,0,0
37825,0,0,0
37826,0,0,0
37827,0,0,0
37828,0,0,0
37829,0,0,0
37830,0,0,0
37831,0,0,0
37832,0,0,0
37833,0,0,0
37834,0,0,0
37835,0,0,0
37836,0,0,0
37837,0,0,0
37838,0,0,0
37839,0,0,0
37840,0,0,0
37841,0,0,0
37842,0,0,0
37843,0,0,0
37844,0,0,0
37845,0,0,0
37846,0,0,0
37847,0,0,0
37848,0,0,0
37849,0,0,0
37850,0,0,0
37851,0,0,0
37852,0.004,0.004,0.004
37853,0,0,0
37854,0,0,0
37855,0,0,0
37856,0,0,0
37857,0,0,0
37858,0,0,0
37859,0,0,0
37860,0,0,0
37861,0,0,0
37862,0,0,0
37863,0,0,0
37864,0.004,0.004,0.004
37865,0.01,0.01,0.01
37866,0.014,0.014,0.014
37867,0.018,0.018,0.018
37868,0.02,0.02,0.02
37869,0.018,0.018,0.018
37870,0.018,0.018,0.018
37871,0.052,0.052,0.052
37872,0.052,0.052,0.052
37873,0.052,0.052,0.052
37874,0.046,0.046,0.046
37875,0.044,0.044,0.044
37876,0.044,0.044,0.044
37877,0.05,0.05,0.05
37878,0.046,0.046,0.046
37879,0.044,0.044,0.044
37880,0.038,0.038,0.038
37881,0.038,0.038,0.038
37882,0.038,0.038,0.038
37883,0.048,0.048,0.048
37884,0.058,0.058,0.058
37885,0.068,0.068,0.068
37886,0.058,0.058,0.058
37887,0.054,0.054,0.054
37888,0.05,0.05,0.05
37889,0.072,0.072,0.072
37890,0.088,0.088,0.088
37891,0.11,0.11,0.11
37892,0.098,0.098,0.098
37893,0.112,0.112,0.112
37894,0.104,0.104,0.104
37895,0.134,0.134,0.134
37896,0.14,0.14,0.14
37897,0.122,0.122,0.122
37898,0.118,0.118,0.118
37899,0.12,0.12,0.12
37900,0.106,0.106,0.106
37901,0.072,0.072,0.072
37902,0.054,0.054,0.054
37903,0.054,0.054,0.054
37904,0.12,0.12,0.12
37905,0.168,0.168,0.168
37906,0.15,0.15,0.15
37907,0.128,0.128,0.128
37908,0.124,0.124,0.124
37909,0.146,0.146,0.146
37910,0.146,0.146,0.146
37911,0.144,0.144,0.144
37912,0.136,0.136,0.136
37913,0.132,0.132,0.132
37914,0.118,0.118,0.118
37915,0.13,0.13,0.13
37916,0.106,0.106,0.106
37917,0.116,0.116,0.116
37918,0.126,0.126,0.126
37919,0.12,0.12,0.12
37920,0.14,0.14,0.14
37921,0.126,0.126,0.126
37922,0.122,0.122,0.122
37923,0.118,0.118,0.118
37924,0.106,0.106,0.106
37925,0.118,0.118,0.118
37926,0.12,0.12,0.12
37927,0.108,0.108,0.108
37928,0.124,0.124,0.124
37929,0.126,0.126,0.126
37930,0.106,0.106,0.106
37931,0.098,0.098,0.098
37932,0.106,0.106,0.106
37933,0.116,0.116,0.116
37934,0.116,0.116,0.116
37935,0.13,0.13,0.13
37936,0.148,0.148,0.148
37937,0.154,0.154,0.154
37938,0.134,0.134,0.134
37939,0.154,0.154,0.154
37940,0.132,0.132,0.132
37941,0.126,0.126,0.126
37942,0.122,0.122,0.122
37943,0.134,0.134,0.134
37944,0.142,0.142,0.142
37945,0.136,0.136,0.136
37946,0.122,0.122,0.122
37947,0.16,0.16,0.16
37948,0.188,0.188,0.188
37949,0.154,0.154,0.154
37950,0.188,0.188,0.188
37951,0.17,0.17,0.17
37952,0.174,0.174,0.174
37953,0.17,0.17,0.17
37954,0.162,0.162,0.162
37955,0.158,0.158,0.158
37956,0.156,0.156,0.156
37957,0.164,0.164,0.164
37958,0.16,0.16,0.16
37959,0.164,0.164,0.164
37960,0.112,0.112,0.112
37961,0.154,0.154,0.154
37962,0.154,0.154,0.154
37963,0.154,0.154,0.154
37964,0.158,0.158,0.158
37965,0.156,0.156,0.156
37966,0.156,0.156,0.156
37967,0.16,0.16,0.16
37968,0.138,0.138,0.138
37969,0.15,0.15,0.15
37970,0.154,0.154,0.154
37971,0.162,0.162,0.162
37972,0.172,0.172,0.172
37973,0.17,0.17,0.17
37974,0.19,0.19,0.19
37975,0.23,0.23,0.23
37976,0.274,0.274,0.274
37977,0.246,0.246,0.246
37978,0.24,0.24,0.24
37979,0.276,0.276,0.276
37980,0.308,0.308,0.308
37981,0.248,0.248,0.248
37982,0.264,0.264,0.264
37983,0.262,0.262,0.262
37984,0.304,0.304,0.304
37985,0.302,0.302,0.302
37986,0.29,0.29,0.29
37987,0.246,0.246,0.246
37988,0.248,0.248,0.248
37989,0.244,0.244,0.244
37990,0.222,0.222,0.222
37991,0.228,0.228,0.228
37992,0.234,0.234,0.234
37993,0.238,0.238,0.238
37994,0.246,0.246,0.246
37995,0.242,0.242,0.242
37996,0.248,0.248,0.248
37997,0.238,0.238,0.238
37998,0.25,0.25,0.25
37999,0.248,0.248,0.248
38000,0.248,0.248,0.248
38001,0.278,0.278,0.278
38002,0.268,0.268,0.268
38003,0.274,0.274,0.274
38004,0.272,0.272,0.272
38005,0.276,0.276,0.276
38006,0.28,0.28,0.28
38007,0.288,0.288,0.288
38008,0.302,0.302,0.302
38009,0.298,0.298,0.298
38010,0.31,0.31,0.31
38011,0.312,0.312,0.312
38012,0.358,0.358,0.358
38013,0.342,0.342,0.342
38014,0.338,0.338,0.338
38015,0.338,0.338,0.338
38016,0.344,0.344,0.344
38017,0.342,0.342,0.342
38018,0.33,0.33,0.33
38019,0.332,0.332,0.332
38020,0.342,0.342,0.342
38021,0.336,0.336,0.336
38022,0.382,0.382,0.382
38023,0.368,0.368,0.368
38024,0.35,0.35,0.35
38025,0.376,0.376,0.376
38026,0.406,0.406,0.406
38027,0.39,0.39,0.39
38028,0.39,0.39,0.39
38029,0.372,0.372,0.372
38030,0.368,0.368,0.368
38031,0.38,0.38,0.38
38032,0.368,0.368,0.368
38033,0.372,0.372,0.372
38034,0.358,0.358,0.358
38035,0.366,0.366,0.366
38036,0.372,0.372,0.372
38037,0.382,0.382,0.382
38038,0.388,0.388,0.388
38039,0.39,0.39,0.39
38040,0.382,0.382,0.382
38041,0.386,0.386,0.386
38042,0.416,0.416,0.416
38043,0.406,0.406,0.406
38044,0.406,0.406,0.406
38045,0.404,0.404,0.404
38046,0.404,0.404,0.404
38047,0.402,0.402,0.402
38048,0.404,0.404,0.404
38049,0.426,0.426,0.426
38050,0.422,0.422,0.422
38051,0.418,0.418,0.418
38052,0.418,0.418,0.418
38053,0.412,0.412,0.412
38054,0.414,0.414,0.414
38055,0.398,0.398,0.398
38056,0.388,0.388,0.388
38057,0.39,0.296,0.296
38058,0.378,0.282,0.282
38059,0.374,0.268,0.268
38060,0.384,0.24,0.24
38061,0.446,0.224,0.224
38062,0.432,0.218,0.218
38063,0.442,0.184,0.184
38064,0.44,0.182,0.182
38065,0.432,0.17,0.17
38066,0.436,0.166,0.166
38067,0.432,0.152,0.152
38068,0.43,0.148,0.148
38069,0.43,0.12,0.12
38070,0.41,0.116,0.116
38071,0.422,0.102,0.102
38072,0.43,0.066,0.066
38073,0.426,0.042,0.042
38074,0.42,0.036,0.036
38075,0.434,0.02,0.02
38076,0.422,0.018,0.018
38077,0.428,0.016,0.016
38078,0.44,0.016,0.016
38079,0.428,0.01,0.01
38080,0.428,0.01,0.01
38081,0.418,0.004,0.004
38082,0.41,0.004,0.004
38083,0.416,0.004,0.004
38084,0.402,0.004,0.004
38085,0.398,0,0
38086,0.394,0,0
38087,0.396,0,0
38088,0.384,0,0
38089,0.378,0,0
38090,0.37,0,0
38091,0.36,0,0
38092,0.35,0,0
38093,0.35,0,0
38094,0.346,0,0
38095,0.342,0,0
38096,0.336,0,0
38097,0.332,0,0
38098,0.326,0,0
38099,0.314,0,0
38100,0.318,0,0
38101,0.312,0,0
38102,0.294,0,0
38103,0.292,0,0
38104,0.294,0,0
38105,0.288,0,0
38106,0.284,0,0
38107,0.292,0,0
38108,0.306,0,0
38109,0.296,0,0
38110,0.282,0,0
38111,0.268,0,0
38112,0.24,0,0
38113,0.224,0,0
38114,0.218,0,0
38115,0.184,0,0
38116,0.182,0,0
38117,0.17,0,0
38118,0.166,0,0
38119,0.152,0,0
38120,0.148,0,0
38121,0.12,0,0
38122,0.116,0,0
38123,0.102,0,0
38124,0.066,0,0
38125,0.042,0,0
38126,0.036,0,0
38127,0.02,0,0
38128,0.018,0,0
38129,0.016,0,0
38130,0.016,0,0
38131,0.01,0,0
38132,0.01,0,0
38133,0.004,0,0
38134,0.004,0,0
38135,0.004,0,0
38136,0.004,0,0
38137,0,0,0
38138,0,0,0
38139,0,0,0
38140,0,0,0
38141,0,0,0
38142,0,0,0
38143,0,0,0
38144,0,0,0
38145,0,0,0
38146,0,0,0
38147,0,0,0
38148,0,0,0
38149,0,0,0
38150,0,0,0
38151,0,0,0
38152,0,0,0
38153,0,0,0
38154,0,0,0
38155,0,0,0
38156,0,0,0
38157,0,0,0
38158,0,0,0
38159,0,0,0
38160,0,0,0
38161,0,0,0
38162,0,0,0
38163,0,0,0
38164,0,0,0
38165,0,0,0
38166,0,0,0
38167,0,0,0
38168,0,0,0
38169,0,0,0
38170,0,0,0
38171,0,0,0
38172,0,0,0
38173,0,0,0
38174,0,0,0
38175,0,0,0
38176,0,0,0
38177,0,0,0
38178,0,0,0
38179,0,0,0
38180,0,0,0
38181,0,0,0
38182,0,0,0
38183,0,0,0
38184,0,0,0
38185,0,0,0
38186,0,0,0
38187,0.008,0.008,0.008
38188,0,0,0
38189,0,0,0
38190,0,0,0
38191,0,0,0
38192,0,0,0
38193,0,0,0
38194,0,0,0
38195,0,0,0
38196,0,0,0
38197,0,0,0
38198,0,0,0
38199,0,0,0
38200,0,0,0
38201,0,0,0
38202,0,0,0
38203,0,0,0
38204,0,0,0
38205,0,0,0
38206,0,0,0
38207,0,0,0
38208,0,0,0
38209,0,0,0
38210,0,0,0
38211,0,0,0
38212,0,0,0
38213,0,0,0
38214,0,0,0
38215,0,0,0
38216,0,0,0
38217,0.004,0.004,0.004
38218,0,0,0
38219,0,0,0
38220,0,0,0
38221,0,0,0
38222,0,0,0
38223,0,0,0
38224,0,0,0
38225,0,0,0
38226,0,0,0
38227,0,0,0
38228,0,0,0
38229,0.004,0.004,0.004
38230,0.01,0.01,0.01
38231,0.014,0.014,0.014
38232,0.018,0.018,0.018
38233,0.02,0.02,0.02
38234,0.018,0.018,0.018
38235,0.018,0.018,0.018
38236,0.052,0.052,0.052
38237,0.052,0.052,0.052
38238,0.052,0.052,0.052
38239,0.046,0.046,0.046
38240,0.044,0.044,0.044
38241,0.044,0.044,0.044
38242,0.05,0.05,0.05
38243,0.046,0.046,0.046
38244,0.044,0.044,0.044
38245,0.038,0.038,0.038
38246,0.038,0.038,0.038
38247,0.038,0.038,0.038
38248,0.048,0.048,0.048
38249,0.058,0.058,0.058
38250,0.068,0.068,0.068
38251,0.058,0.058,0.058
38252,0.054,0.054,0.054
38253,0.05,0.05,0.05
38254,0.072,0.072,0.072
38255,0.088,0.088,0.088
38256,0.11,0.11,0.11
38257,0.098,0.098,0.098
38258,0.112,0.112,0.112
38259,0.104,0.104,0.104
38260,0.134,0.134,0.134
38261,0.14,0.14,0.14
38262,0.122,0.122,0.122
38263,0.118,0.118,0.118
38264,0.12,0.12,0.12
38265,0.106,0.106,0.106
38266,0.072,0.072,0.072
38267,0.054,0.054,0.054
38268,0.054,0.054,0.054
38269,0.12,0.12,0.12
38270,0.168,0.168,0.168
38271,0.15,0.15,0.15
38272,0.128,0.128,0.128
38273,0.124,0.124,0.124
38274,0.146,0.146,0.146
38275,0.146,0.146,0.146
38276,0.144,0.144,0.144
38277,0.136,0.136,0.136
38278,0.132,0.132,0.132
38279,0.118,0.118,0.118
38280,0.13,0.13,0.13
38281,0.106,0.106,0.106
38282,0.116,0.116,0.116
38283,0.126,0.126,0.126
38284,0.12,0.12,0.12
38285,0.14,0.14,0.14
38286,0.126,0.126,0.126
38287,0.122,0.122,0.122
38288,0.118,0.118,0.118
38289,0.106,0.106,0.106
38290,0.118,0.118,0.118
38291,0.12,0.12,0.12
38292,0.108,0.108,0.108
38293,0.124,0.124,0.124
38294,0.126,0.126,0.126
38295,0.106,0.106,0.106
38296,0.098,0.098,0.098
38297,0.106,0.106,0.106
38298,0.116,0.116,0.116
38299,0.116,0.116,0.116
38300,0.13,0.13,0.13
38301,0.148,0.148,0.148
38302,0.154,0.154,0.154
38303,0.134,0.134,0.134
38304,0.154,0.154,0.154
38305,0.132,0.132,0.132
38306,0.126,0.126,0.126
38307,0.122,0.122,0.122
38308,0.134,0.134,0.134
38309,0.142,0.142,0.142
38310,0.136,0.136,0.136
38311,0.122,0.122,0.122
38312,0.16,0.16,0.16
38313,0.188,0.188,0.188
38314,0.154,0.154,0.154
38315,0.188,0.188,0.188
38316,0.17,0.17,0.17
38317,0.174,0.174,0.174
38318,0.17,0.17,0.17
38319,0.162,0.162,0.162
38320,0.158,0.158,0.158
38321,0.156,0.156,0.156
38322,0.164,0.164,0.164
38323,0.16,0.16,0.16
38324,0.164,0.164,0.164
38325,0.112,0.112,0.112
38326,0.154,0.154,0.154
38327,0.154,0.154,0.154
38328,0.154,0.154,0.154
38329,0.158,0.158,0.158
38330,0.156,0.156,0.156
38331,0.156,0.156,0.156
38332,0.16,0.16,0.16
38333,0.138,0.138,0.138
38334,0.15,0.15,0.15
38335,0.154,0.154,0.154
38336,0.162,0.162,0.162
38337,0.172,0.172,0.172
38338,0.17,0.17,0.17
38339,0.19,0.19,0.19
38340,0.23,0.23,0.23
38341,0.274,0.274,0.274
38342,0.246,0.246,0.246
38343,0.24,0.24,0.24
38344,0.276,0.276,0.276
38345,0.308,0.308,0.308
38346,0.248,0.248,0.248
38347,0.264,0.264,0.264
38348,0.262,0.262,0.262
38349,0.304,0.304,0.304
38350,0.302,0.302,0.302
38351,0.29,0.29,0.29
38352,0.246,0.246,0.246
38353,0.248,0.248,0.248
38354,0.244,0.244,0.244
38355,0.222,0.222,0.222
38356,0.228,0.228,0.228
38357,0.234,0.234,0.234
38358,0.238,0.238,0.238
38359,0.246,0.246,0.246
38360,0.242,0.242,0.242
38361,0.248,0.248,0.248
38362,0.238,0.238,0.238
38363,0.25,0.25,0.25
38364,0.248,0.248,0.248
38365,0.248,0.248,0.248
38366,0.278,0.278,0.278
38367,0.268,0.268,0.268
38368,0.274,0.274,0.274
38369,0.272,0.272,0.272
38370,0.276,0.276,0.276
38371,0.28,0.28,0.28
38372,0.288,0.288,0.288
38373,0.302,0.302,0.302
38374,0.298,0.298,0.298
38375,0.31,0.31,0.31
38376,0.312,0.312,0.312
38377,0.358,0.358,0.358
38378,0.342,0.342,0.342
38379,0.338,0.338,0.338
38380,0.338,0.338,0.338
38381,0.344,0.344,0.344
38382,0.342,0.342,0.342
38383,0.33,0.33,0.33
38384,0.332,0.332,0.332
38385,0.342,0.342,0.342
38386,0.336,0.336,0.336
38387,0.382,0.382,0.382
38388,0.368,0.368,0.368
38389,0.35,0.35,0.35
38390,0.376,0.376,0.376
38391,0.406,0.406,0.406
38392,0.39,0.39,0.39
38393,0.39,0.39,0.39
38394,0.372,0.372,0.372
38395,0.368,0.368,0.368
38396,0.38,0.38,0.38
38397,0.368,0.368,0.368
38398,0.372,0.372,0.372
38399,0.358,0.358,0.358
38400,0.366,0.366,0.366
38401,0.372,0.372,0.372
38402,0.382,0.382,0.382
38403,0.388,0.388,0.388
38404,0.39,0.39,0.39
38405,0.382,0.382,0.382
38406,0.386,0.386,0.386
38407,0.416,0.416,0.416
38408,0.406,0.406,0.406
38409,0.406,0.406,0.406
38410,0.404,0.404,0.404
38411,0.404,0.404,0.404
38412,0.402,0.402,0.402
38413,0.404,0.404,0.404
38414,0.426,0.426,0.426
38415,0.422,0.422,0.422
38416,0.418,0.418,0.418
38417,0.418,0.418,0.418
38418,0.412,0.412,0.412
38419,0.414,0.414,0.414
38420,0.398,0.398,0.398
38421,0.388,0.388,0.388
38422,0.39,0.296,0.296
38423,0.378,0.282,0.282
38424,0.374,0.268,0.268
38425,0.384,0.24,0.24
38426,0.446,0.224,0.224
38427,0.432,0.218,0.218
38428,0.442,0.184,0.184
38429,0.44,0.182,0.182
38430,0.432,0.17,0.17
38431,0.436,0.166,0.166
38432,0.432,0.152,0.152
38433,0.43,0.148,0.148
38434,0.43,0.12,0.12
38435,0.41,0.116,0.116
38436,0.422,0.102,0.102
38437,0.43,0.066,0.066
38438,0.426,0.042,0.042
38439,0.42,0.036,0.036
38440,0.434,0.02,0.02
38441,0.422,0.018,0.018
38442,0.428,0.016,0.016
38443,0.44,0.016,0.016
38444,0.428,0.01,0.01
38445,0.428,0.01,0.01
38446,0.418,0.004,0.004
38447,0.41,0.004,0.004
38448,0.416,0.004,0.004
38449,0.402,0.004,0.004
38450,0.398,0,0
38451,0.394,0,0
38452,0.396,0,0
38453,0.384,0,0
38454,0.378,0,0
38455,0.37,0,0
38456,0.36,0,0
38457,0.35,0,0
38458,0.35,0,0
38459,0.346,0,0
38460,0.342,0,0
38461,0.336,0,0
38462,0.332,0,0
38463,0.326,0,0
38464,0.314,0,0
38465,0.318,0,0
38466,0.312,0,0
38467,0.294,0,0
38468,0.292,0,0
38469,0.294,0,0
38470,0.288,0,0
38471,0.284,0,0
38472,0.292,0,0
38473,0.306,0,0
38474,0.296,0,0
38475,0.282,0,0
38476,0.268,0,0
38477,0.24,0,0
38478,0.224,0,0
38479,0.218,0,0
38480,0.184,0,0
38481,0.182,0,0
38482,0.17,0,0
38483,0.166,0,0
38484,0.152,0,0
38485,0.148,0,0
38486,0.12,0,0
38487,0.116,0,0
38488,0.102,0,0
38489,0.066,0,0
38490,0.042,0,0
38491,0.036,0,0
38492,0.02,0,0
38493,0.018,0,0
38494,0.016,0,0
38495,0.016,0,0
38496,0.01,0,0
38497,0.01,0,0
38498,0.004,0,0
38499,0.004,0,0
38500,0.004,0,0
38501,0.004,0,0
38502,0,0,0
38503,0,0,0
38504,0,0,0
38505,0,0,0
38506,0,0,0
38507,0,0,0
38508,0,0,0
38509,0,0,0
38510,0,0,0
38511,0,0,0
38512,0,0,0
38513,0,0,0
38514,0,0,0
38515,0,0,0
38516,0,0,0
38517,0,0,0
38518,0,0,0
38519,0,0,0
38520,0,0,0
38521,0,0,0
38522,0,0,0
38523,0,0,0
38524,0,0,0
38525,0,0,0
38526,0,0,0
38527,0,0,0
38528,0,0,0
38529,0,0,0
38530,0,0,0
38531,0,0,0
38532,0,0,0
38533,0,0,0
38534,0,0,0
38535,0,0,0
38536,0,0,0
38537,0,0,0
38538,0,0,0
38539,0,0,0
38540,0,0,0
38541,0,0,0
38542,0,0,0
38543,0,0,0
38544,0,0,0
38545,0,0,0
38546,0,0,0
38547,0,0,0
38548,0,0,0
38549,0,0,0
38550,0,0,0
38551,0,0,0
38552,0.008,0.008,0.008
38553,0,0,0
38554,0,0,0
38555,0,0,0
38556,0,0,0
38557,0,0,0
38558,0,0,0
38559,0,0,0
38560,0,0,0
38561,0,0,0
38562,0,0,0
38563,0,0,0
38564,0,0,0
38565,0,0,0
38566,0,0,0
38567,0,0,0
38568,0,0,0
38569,0,0,0
38570,0,0,0
38571,0,0,0
38572,0,0,0
38573,0,0,0
38574,0,0,0
38575,0,0,0
38576,0,0,0
38577,0,0,0
38578,0,0,0
38579,0,0,0
38580,0,0,0
38581,0,0,0
38582,0.004,0.004,0.004
38583,0,0,0
38584,0,0,0
38585,0,0,0
38586,0,0,0
38587,0,0,0
38588,0,0,0
38589,0,0,0
38590,0,0,0
38591,0,0,0
38592,0,0,0
38593,0,0,0
38594,0.004,0.004,0.004
38595,0.01,0.01,0.01
38596,0.014,0.014,0.014
38597,0.018,0.018,0.018
38598,0.02,0.02,0.02
38599,0.018,0.018,0.018
38600,0.018,0.018,0.018
38601,0.052,0.052,0.052
38602,0.052,0.052,0.052
38603,0.052,0.052,0.052
38604,0.046,0.046,0.046
38605,0.044,0.044,0.044
38606,0.044,0.044,0.044
38607,0.05,0.05,0.05
38608,0.046,0.046,0.046
38609,0.044,0.044,0.044
38610,0.038,0.038,0.038
38611,0.038,0.038,0.038
38612,0.038,0.038,0.038
38613,0.048,0.048,0.048
38614,0.058,0.058,0.058
38615,0.068,0.068,0.068
38616,0.058,0.058,0.058
38617,0.054,0.054,0.054
38618,0.05,0.05,0.05
38619,0.072,0.072,0.072
38620,0.088,0.088,0.088
38621,0.11,0.11,0.11
38622,0.098,0.098,0.098
38623,0.112,0.112,0.112
38624,0.104,0.104,0.104
38625,0.134,0.134,0.134
38626,0.14,0.14,0.14
38627,0.122,0.122,0.122
38628,0.118,0.118,0.118
38629,0.12,0.12,0.12
38630,0.106,0.106,0.106
38631,0.072,0.072,0.072
38632,0.054,0.054,0.054
38633,0.054,0.054,0.054
38634,0.12,0.12,0.12
38635,0.168,0.168,0.168
38636,0.15,0.15,0.15
38637,0.128,0.128,0.128
38638,0.124,0.124,0.124
38639,0.146,0.146,0.146
38640,0.146,0.146,0.146
38641,0.144,0.144,0.144
38642,0.136,0.136,0.136
38643,0.132,0.132,0.132
38644,0.118,0.118,0.118
38645,0.13,0.13,0.13
38646,0.106,0.106,0.106
38647,0.116,0.116,0.116
38648,0.126,0.126,0.126
38649,0.12,0.12,0.12
38650,0.14,0.14,0.14
38651,0.126,0.126,0.126
38652,0.122,0.122,0.122
38653,0.118,0.118,0.118
38654,0.106,0.106,0.106
38655,0.118,0.118,0.118
38656,0.12,0.12,0.12
38657,0.108,0.108,0.108
38658,0.124,0.124,0.124
38659,0.126,0.126,0.126
38660,0.106,0.106,0.106
38661,0.098,0.098,0.098
38662,0.106,0.106,0.106
38663,0.116,0.116,0.116
38664,0.116,0.116,0.116
38665,0.13,0.13,0.13
38666,0.148,0.148,0.148
38667,0.154,0.154,0.154
38668,0.134,0.134,0.134
38669,0.154,0.154,0.154
38670,0.132,0.132,0.132
38671,0.126,0.126,0.126
38672,0.122,0.122,0.122
38673,0.134,0.134,0.134
38674,0.142,0.142,0.142
38675,0.136,0.136,0.136
38676,0.122,0.122,0.122
38677,0.16,0.16,0.16
38678,0.188,0.188,0.188
38679,0.154,0.154,0.154
38680,0.188,0.188,0.188
38681,0.17,0.17,0.17
38682,0.174,0.174,0.174
38683,0.17,0.17,0.17
38684,0.162,0.162,0.162
38685,0.158,0.158,0.158
38686,0.156,0.156,0.156
38687,0.164,0.164,0.164
38688,0.16,0.16,0.16
38689,0.164,0.164,0.164
38690,0.112,0.112,0.112
38691,0.154,0.154,0.154
38692,0.154,0.154,0.154
38693,0.154,0.154,0.154
38694,0.158,0.158,0.158
38695,0.156,0.156,0.156
38696,0.156,0.156,0.156
38697,0.16,0.16,0.16
38698,0.138,0.138,0.138
38699,0.15,0.15,0.15
38700,0.154,0.154,0.154
38701,0.162,0.162,0.162
38702,0.172,0.172,0.172
38703,0.17,0.17,0.17
38704,0.19,0.19,0.19
38705,0.23,0.23,0.23
38706,0.274,0.274,0.274
38707,0.246,0.246,0.246
38708,0.24,0.24,0.24
38709,0.276,0.276,0.276
38710,0.308,0.308,0.308
38711,0.248,0.248,0.248
38712,0.264,0.264,0.264
38713,0.262,0.262,0.262
38714,0.304,0.304,0.304
38715,0.302,0.302,0.302
38716,0.29,0.29,0.29
38717,0.246,0.246,0.246
38718,0.248,0.248,0.248
38719,0.244,0.244,0.244
38720,0.222,0.222,0.222
38721,0.228,0.228,0.228
38722,0.234,0.234,0.234
38723,0.238,0.238,0.238
38724,0.246,0.246,0.246
38725,0.242,0.242,0.242
38726,0.248,0.248,0.248
38727,0.238,0.238,0.238
38728,0.25,0.25,0.25
38729,0.248,0.248,0.248
38730,0.248,0.248,0.248
38731,0.278,0.278,0.278
38732,0.268,0.268,0.268
38733,0.274,0.274,0.274
38734,0.272,0.272,0.272
38735,0.276,0.276,0.276
38736,0.28,0.28,0.28
38737,0.288,0.288,0.288
38738,0.302,0.302,0.302
38739,0.298,0.298,0.298
38740,0.31,0.31,0.31
38741,0.312,0.312,0.312
38742,0.358,0.358,0.358
38743,0.342,0.342,0.342
38744,0.338,0.338,0.338
38745,0.338,0.338,0.338
38746,0.344,0.344,0.344
38747,0.342,0.342,0.342
38748,0.33,0.33,0.33
38749,0.332,0.332,0.332
38750,0.342,0.342,0.342
38751,0.336,0.336,0.336
38752,0.382,0.382,0.382
38753,0.368,0.368,0.368
38754,0.35,0.35,0.35
38755,0.376,0.376,0.376
38756,0.406,0.406,0.406
38757,0.39,0.39,0.39
38758,0.39,0.39,0.39
38759,0.372,0.372,0.372
38760,0.368,0.368,0.368
38761,0.38,0.38,0.38
38762,0.368,0.368,0.368
38763,0.372,0.372,0.372
38764,0.358,0.358,0.358
38765,0.366,0.366,0.366
38766,0.372,0.372,0.372
38767,0.382,0.382,0.382
38768,0.388,0.388,0.388
38769,0.39,0.39,0.39
38770,0.382,0.382,0.382
38771,0.386,0.386,0.386
38772,0.416,0.416,0.416
38773,0.406,0.406,0.406
38774,0.406,0.406,0.406
38775,0.404,0.404,0.404
38776,0.404,0.404,0.404
38777,0.402,0.402,0.402
38778,0.404,0.404,0.404
38779,0.426,0.426,0.426
38780,0.422,0.422,0.422
38781,0.418,0.418,0.418
38782,0.418,0.418,0.418
38783,0.412,0.412,0.412
38784,0.414,0.414,0.414
38785,0.398,0.398,0.398
38786,0.388,0.296,0.296
38787,0.39,0.282,0.282
38788,0.378,0.268,0.268
38789,0.374,0.24,0.24
38790,0.384,0.224,0.224
38791,0.446,0.218,0.218
38792,0.432,0.184,0.184
38793,0.442,0.182,0.182
38794,0.44,0.17,0.17
38795,0.432,0.166,0.166
38796,0.436,0.152,0.152
38797,0.432,0.148,0.148
38798,0.43,0.12,0.12
38799,0.43,0.116,0.116
38800,0.41,0.102,0.102
38801,0.422,0.066,0.066
38802,0.43,0.042,0.042
38803,0.426,0.036,0.036
38804,0.42,0.02,0.02
38805,0.434,0.018,0.018
38806,0.422,0.016,0.016
38807,0.428,0.016,0.016
38808,0.44,0.01,0.01
38809,0.428,0.01,0.01
38810,0.428,0.004,0.004
38811,0.418,0.004,0.004
38812,0.41,0.004,0.004
38813,0.416,0.004,0.004
38814,0.402,0,0
38815,0.398,0,0
38816,0.394,0,0
38817,0.396,0,0
38818,0.384,0,0
38819,0.378,0,0
38820,0.37,0,0
38821,0.36,0,0
38822,0.35,0,0
38823,0.35,0,0
38824,0.346,0,0
38825,0.342,0,0
38826,0.336,0,0
38827,0.332,0,0
38828,0.326,0,0
38829,0.314,0,0
38830,0.318,0,0
38831,0.312,0,0
38832,0.294,0,0
38833,0.292,0,0
38834,0.294,0,0
38835,0.288,0,0
38836,0.284,0,0
38837,0.292,0,0
38838,0.306,0,0
38839,0.296,0,0
38840,0.282,0,0
38841,0.268,0,0
38842,0.24,0,0
38843,0.224,0,0
38844,0.218,0,0
38845,0.184,0,0
38846,0.182,0,0
38847,0.17,0,0
38848,0.166,0,0
38849,0.152,0,0
38850,0.148,0,0
38851,0.12,0,0
38852,0.116,0,0
38853,0.102,0,0
38854,0.066,0,0
38855,0.042,0,0
38856,0.036,0,0
38857,0.02,0,0
38858,0.018,0,0
38859,0.016,0,0
38860,0.016,0,0
38861,0.01,0,0
38862,0.01,0,0
38863,0.004,0,0
38864,0.004,0,0
38865,0.004,0,0
38866,0.004,0,0
38867,0,0,0
38868,0,0,0
38869,0,0,0
38870,0,0,0
38871,0,0,0
38872,0,0,0
38873,0,0,0
38874,0,0,0
38875,0,0,0
38876,0,0,0
38877,0,0,0
38878,0,0,0
38879,0,0,0
38880,0,0,0
38881,0,0,0
38882,0,0,0
38883,0,0,0
38884,0,0,0
38885,0,0,0
38886,0,0,0
38887,0,0,0
38888,0,0,0
38889,0,0,0
38890,0,0,0
38891,0,0,0
38892,0,0,0
38893,0,0,0
38894,0,0,0
38895,0,0,0
38896,0,0,0
38897,0,0,0
38898,0,0,0
38899,0,0,0
38900,0,0,0
38901,0,0,0
38902,0,0,0
38903,0,0,0
38904,0,0,0
38905,0,0,0
38906,0,0,0
38907,0,0,0
38908,0,0,0
38909,0,0,0
38910,0,0,0
38911,0,0,0
38912,0,0,0
38913,0,0,0
38914,0,0,0
38915,0,0,0
38916,0,0,0
38917,0.008,0.008,0.008
38918,0,0,0
38919,0,0,0
38920,0,0,0
38921,0,0,0
38922,0,0,0
38923,0,0,0
38924,0,0,0
38925,0,0,0
38926,0,0,0
38927,0,0,0
38928,0,0,0
38929,0,0,0
38930,0,0,0
38931,0,0,0
38932,0,0,0
38933,0,0,0
38934,0,0,0
38935,0,0,0
38936,0,0,0
38937,0,0,0
38938,0,0,0
38939,0,0,0
38940,0,0,0
38941,0,0,0
38942,0,0,0
38943,0,0,0
38944,0,0,0
38945,0,0,0
38946,0,0,0
38947,0.004,0.004,0.004
38948,0,0,0
38949,0,0,0
38950,0,0,0
38951,0,0,0
38952,0,0,0
38953,0,0,0
38954,0,0,0
38955,0,0,0
38956,0,0,0
38957,0,0,0
38958,0,0,0
38959,0.004,0.004,0.004
38960,0.01,0.01,0.01
38961,0.014,0.014,0.014
38962,0.018,0.018,0.018
38963,0.02,0.02,0.02
38964,0.018,0.018,0.018
38965,0.018,0.018,0.018
38966,0.052,0.052,0.052
38967,0.052,0.052,0.052
38968,0.052,0.052,0.052
38969,0.046,0.046,0.046
38970,0.044,0.044,0.044
38971,0.044,0.044,0.044
38972,0.05,0.05,0.05
38973,0.046,0.046,0.046
38974,0.044,0.044,0.044
38975,0.038,0.038,0.038
38976,0.038,0.038,0.038
38977,0.038,0.038,0.038
38978,0.048,0.048,0.048
38979,0.058,0.058,0.058
38980,0.068,0.068,0.068
38981,0.058,0.058,0.058
38982,0.054,0.054,0.054
38983,0.05,0.05,0.05
38984,0.072,0.072,0.072
38985,0.088,0.088,0.088
38986,0.11,0.11,0.11
38987,0.098,0.098,0.098
38988,0.112,0.112,0.112
38989,0.104,0.104,0.104
38990,0.134,0.134,0.134
38991,0.14,0.14,0.14
38992,0.122,0.122,0.122
38993,0.118,0.118,0.118
38994,0.12,0.12,0.12
38995,0.106,0.106,0.106
38996,0.072,0.072,0.072
38997,0.054,0.054,0.054
38998,0.054,0.054,0.054
38999,0.12,0.12,0.12
39000,0.168,0.168,0.168
39001,0.15,0.15,0.15
39002,0.128,0.128,0.128
39003,0.124,0.124,0.124
39004,0.146,0.146,0.146
39005,0.146,0.146,0.146
39006,0.144,0.144,0.144
39007,0.136,0.136,0.136
39008,0.132,0.132,0.132
39009,0.118,0.118,0.118
39010,0.13,0.13,0.13
39011,0.106,0.106,0.106
39012,0.116,0.116,0.116
39013,0.126,0.126,0.126
39014,0.12,0.12,0.12
39015,0.14,0.14,0.14
39016,0.126,0.126,0.126
39017,0.122,0.122,0.122
39018,0.118,0.118,0.118
39019,0.106,0.106,0.106
39020,0.118,0.118,0.118
39021,0.12,0.12,0.12
39022,0.108,0.108,0.108
39023,0.124,0.124,0.124
39024,0.126,0.126,0.126
39025,0.106,0.106,0.106
39026,0.098,0.098,0.098
39027,0.106,0.106,0.106
39028,0.116,0.116,0.116
39029,0.116,0.116,0.116
39030,0.13,0.13,0.13
39031,0.148,0.148,0.148
39032,0.154,0.154,0.154
39033,0.134,0.134,0.134
39034,0.154,0.154,0.154
39035,0.132,0.132,0.132
39036,0.126,0.126,0.126
39037,0.122,0.122,0.122
39038,0.134,0.134,0.134
39039,0.142,0.142,0.142
39040,0.136,0.136,0.136
39041,0.122,0.122,0.122
39042,0.16,0.16,0.16
39043,0.188,0.188,0.188
39044,0.154,0.154,0.154
39045,0.188,0.188,0.188
39046,0.17,0.17,0.17
39047,0.174,0.174,0.174
39048,0.17,0.17,0.17
39049,0.162,0.162,0.162
39050,0.158,0.158,0.158
39051,0.156,0.156,0.156
39052,0.164,0.164,0.164
39053,0.16,0.16,0.16
39054,0.164,0.164,0.164
39055,0.112,0.112,0.112
39056,0.154,0.154,0.154
39057,0.154,0.154,0.154
39058,0.154,0.154,0.154
39059,0.158,0.158,0.158
39060,0.156,0.156,0.156
39061,0.156,0.156,0.156
39062,0.16,0.16,0.16
39063,0.138,0.138,0.138
39064,0.15,0.15,0.15
39065,0.154,0.154,0.154
39066,0.162,0.162,0.162
39067,0.172,0.172,0.172
39068,0.17,0.17,0.17
39069,0.19,0.19,0.19
39070,0.23,0.23,0.23
39071,0.274,0.274,0.274
39072,0.246,0.246,0.246
39073,0.24,0.24,0.24
39074,0.276,0.276,0.276
39075,0.308,0.308,0.308
39076,0.248,0.248,0.248
39077,0.264,0.264,0.264
39078,0.262,0.262,0.262
39079,0.304,0.304,0.304
39080,0.302,0.302,0.302
39081,0.29,0.29,0.29
39082,0.246,0.246,0.246
39083,0.248,0.248,0.248
39084,0.244,0.244,0.244
39085,0.222,0.222,0.222
39086,0.228,0.228,0.228
39087,0.234,0.234,0.234
39088,0.238,0.238,0.238
39089,0.246,0.246,0.246
39090,0.242,0.242,0.242
39091,0.248,0.248,0.248
39092,0.238,0.238,0.238
39093,0.25,0.25,0.25
39094,0.248,0.248,0.248
39095,0.248,0.248,0.248
39096,0.278,0.278,0.278
39097,0.268,0.268,0.268
39098,0.274,0.274,0.274
39099,0.272,0.272,0.272
39100,0.276,0.276,0.276
39101,0.28,0.28,0.28
39102,0.288,0.288,0.288
39103,0.302,0.302,0.302
39104,0.298,0.298,0.298
39105,0.31,0.31,0.31
39106,0.312,0.312,0.312
39107,0.358,0.358,0.358
39108,0.342,0.342,0.342
39109,0.338,0.338,0.338
39110,0.338,0.338,0.338
39111,0.344,0.344,0.344
39112,0.342,0.342,0.342
39113,0.33,0.33,0.33
39114,0.332,0.332,0.332
39115,0.342,0.342,0.342
39116,0.336,0.336,0.336
39117,0.382,0.382,0.382
39118,0.368,0.368,0.368
39119,0.35,0.35,0.35
39120,0.376,0.376,0.376
39121,0.406,0.406,0.406
39122,0.39,0.39,0.39
39123,0.39,0.39,0.39
39124,0.372,0.372,0.372
39125,0.368,0.368,0.368
39126,0.38,0.38,0.38
39127,0.368,0.368,0.368
39128,0.372,0.372,0.372
39129,0.358,0.358,0.358
39130,0.366,0.366,0.366
39131,0.372,0.372,0.372
39132,0.382,0.382,0.382
39133,0.388,0.388,0.388
39134,0.39,0.39,0.39
39135,0.382,0.382,0.382
39136,0.386,0.386,0.386
39137,0.416,0.416,0.416
39138,0.406,0.406,0.406
39139,0.406,0.406,0.406
39140,0.404,0.404,0.404
39141,0.404,0.404,0.404
39142,0.402,0.402,0.402
39143,0.404,0.404,0.404
39144,0.426,0.426,0.426
39145,0.422,0.422,0.422
39146,0.418,0.418,0.418
39147,0.418,0.418,0.418
39148,0.412,0.412,0.412
39149,0.414,0.414,0.414
39150,0.398,0.398,0.398
39151,0.388,0.296,0.296
39152,0.39,0.282,0.282
39153,0.378,0.268,0.268
39154,0.374,0.24,0.24
39155,0.384,0.224,0.224
39156,0.446,0.218,0.218
39157,0.432,0.184,0.184
39158,0.442,0.182,0.182
39159,0.44,0.17,0.17
39160,0.432,0.166,0.166
39161,0.436,0.152,0.152
39162,0.432,0.148,0.148
39163,0.43,0.12,0.12
39164,0.43,0.116,0.116
39165,0.41,0.102,0.102
39166,0.422,0.066,0.066
39167,0.43,0.042,0.042
39168,0.426,0.036,0.036
39169,0.42,0.02,0.02
39170,0.434,0.018,0.018
39171,0.422,0.016,0.016
39172,0.428,0.016,0.016
39173,0.44,0.01,0.01
39174,0.428,0.01,0.01
39175,0.428,0.004,0.004
39176,0.418,0.004,0.004
39177,0.41,0.004,0.004
39178,0.416,0.004,0.004
39179,0.402,0,0
39180,0.398,0,0
39181,0.394,0,0
39182,0.396,0,0
39183,0.384,0,0
39184,0.378,0,0
39185,0.37,0,0
39186,0.36,0,0
39187,0.35,0,0
39188,0.35,0,0
39189,0.346,0,0
39190,0.342,0,0
39191,0.336,0,0
39192,0.332,0,0
39193,0.326,0,0
39194,0.314,0,0
39195,0.318,0,0
39196,0.312,0,0
39197,0.294,0,0
39198,0.292,0,0
39199,0.294,0,0
39200,0.288,0,0
39201,0.284,0,0
39202,0.292,0,0
39203,0.306,0,0
39204,0.296,0,0
39205,0.282,0,0
39206,0.268,0,0
39207,0.24,0,0
39208,0.224,0,0
39209,0.218,0,0
39210,0.184,0,0
39211,0.182,0,0
39212,0.17,0,0
39213,0.166,0,0
39214,0.152,0,0
39215,0.148,0,0
39216,0.12,0,0
39217,0.116,0,0
39218,0.102,0,0
39219,0.066,0,0
39220,0.042,0,0
39221,0.036,0,0
39222,0.02,0,0
39223,0.018,0,0
39224,0.016,0,0
39225,0.016,0,0
39226,0.01,0,0
39227,0.01,0,0
39228,0.004,0,0
39229,0.004,0,0
39230,0.004,0,0
39231,0.004,0,0
39232,0,0,0
39233,0,0,0
39234,0,0,0
39235,0,0,0
39236,0,0,0
39237,0,0,0
39238,0,0,0
39239,0,0,0
39240,0,0,0
39241,0,0,0
39242,0,0,0
39243,0,0,0
39244,0,0,0
39245,0,0,0
39246,0,0,0
39247,0,0,0
39248,0,0,0
39249,0,0,0
39250,0,0,0
39251,0,0,0
39252,0,0,0
39253,0,0,0
39254,0,0,0
39255,0,0,0
39256,0,0,0
39257,0,0,0
39258,0,0,0
39259,0,0,0
39260,0,0,0
39261,0,0,0
39262,0,0,0
39263,0,0,0
39264,0,0,0
39265,0,0,0
39266,0,0,0
39267,0,0,0
39268,0,0,0
39269,0,0,0
39270,0,0,0
39271,0,0,0
39272,0,0,0
39273,0,0,0
39274,0,0,0
39275,0,0,0
39276,0,0,0
39277,0,0,0
39278,0,0,0
39279,0,0,0
39280,0,0,0
39281,0,0,0
39282,0.008,0.008,0.008
39283,0,0,0
39284,0,0,0
39285,0,0,0
39286,0,0,0
39287,0,0,0
39288,0,0,0
39289,0,0,0
39290,0,0,0
39291,0,0,0
39292,0,0,0
39293,0,0,0
39294,0,0,0
39295,0,0,0
39296,0,0,0
39297,0,0,0
39298,0,0,0
39299,0,0,0
39300,0,0,0
39301,0,0,0
39302,0,0,0
39303,0,0,0
39304,0,0,0
39305,0,0,0
39306,0,0,0
39307,0,0,0
39308,0,0,0
39309,0,0,0
39310,0,0,0
39311,0,0,0
39312,0.004,0.004,0.004
39313,0,0,0
39314,0,0,0
39315,0,0,0
39316,0,0,0
39317,0,0,0
39318,0,0,0
39319,0,0,0
39320,0,0,0
39321,0,0,0
39322,0,0,0
39323,0,0,0
39324,0.004,0.004,0.004
39325,0.01,0.01,0.01
39326,0.014,0.014,0.014
39327,0.018,0.018,0.018
39328,0.02,0.02,0.02
39329,0.018,0.018,0.018
39330,0.018,0.018,0.018
39331,0.052,0.052,0.052
39332,0.052,0.052,0.052
39333,0.052,0.052,0.052
39334,0.046,0.046,0.046
39335,0.044,0.044,0.044
39336,0.044,0.044,0.044
39337,0.05,0.05,0.05
39338,0.046,0.046,0.046
39339,0.044,0.044,0.044
39340,0.038,0.038,0.038
39341,0.038,0.038,0.038
39342,0.038,0.038,0.038
39343,0.048,0.048,0.048
39344,0.058,0.058,0.058
39345,0.068,0.068,0.068
39346,0.058,0.058,0.058
39347,0.054,0.054,0.054
39348,0.05,0.05,0.05
39349,0.072,0.072,0.072
39350,0.088,0.088,0.088
39351,0.11,0.11,0.11
39352,0.098,0.098,0.098
39353,0.112,0.112,0.112
39354,0.104,0.104,0.104
39355,0.134,0.134,0.134
39356,0.14,0.14,0.14
39357,0.122,0.122,0.122
39358,0.118,0.118,0.118
39359,0.12,0.12,0.12
39360,0.106,0.106,0.106
39361,0.072,0.072,0.072
39362,0.054,0.054,0.054
39363,0.054,0.054,0.054
39364,0.12,0.12,0.12
39365,0.168,0.168,0.168
39366,0.15,0.15,0.15
39367,0.128,0.128,0.128
39368,0.124,0.124,0.124
39369,0.146,0.146,0.146
39370,0.146,0.146,0.146
39371,0.144,0.144,0.144
39372,0.136,0.136,0.136
39373,0.132,0.132,0.132
39374,0.118,0.118,0.118
39375,0.13,0.13,0.13
39376,0.106,0.106,0.106
39377,0.116,0.116,0.116
39378,0.126,0.126,0.126
39379,0.12,0.12,0.12
39380,0.14,0.14,0.14
39381,0.126,0.126,0.126
39382,0.122,0.122,0.122
39383,0.118,0.118,0.118
39384,0.106,0.106,0.106
39385,0.118,0.118,0.118
39386,0.12,0.12,0.12
39387,0.108,0.108,0.108
39388,0.124,0.124,0.124
39389,0.126,0.126,0.126
39390,0.106,0.106,0.106
39391,0.098,0.098,0.098
39392,0.106,0.106,0.106
39393,0.116,0.116,0.116
39394,0.116,0.116,0.116
39395,0.13,0.13,0.13
39396,0.148,0.148,0.148
39397,0.154,0.154,0.154
39398,0.134,0.134,0.134
39399,0.154,0.154,0.154
39400,0.132,0.132,0.132
39401,0.126,0.126,0.126
39402,0.122,0.122,0.122
39403,0.134,0.134,0.134
39404,0.142,0.142,0.142
39405,0.136,0.136,0.136
39406,0.122,0.122,0.122
39407,0.16,0.16,0.16
39408,0.188,0.188,0.188
39409,0.154,0.154,0.154
39410,0.188,0.188,0.188
39411,0.17,0.17,0.17
39412,0.174,0.174,0.174
39413,0.17,0.17,0.17
39414,0.162,0.162,0.162
39415,0.158,0.158,0.158
39416,0.156,0.156,0.156
39417,0.164,0.164,0.164
39418,0.16,0.16,0.16
39419,0.164,0.164,0.164
39420,0.112,0.112,0.112
39421,0.154,0.154,0.154
39422,0.154,0.154,0.154
39423,0.154,0.154,0.154
39424,0.158,0.158,0.158
39425,0.156,0.156,0.156
39426,0.156,0.156,0.156
39427,0.16,0.16,0.16
39428,0.138,0.138,0.138
39429,0.15,0.15,0.15
39430,0.154,0.154,0.154
39431,0.162,0.162,0.162
39432,0.172,0.172,0.172
39433,0.17,0.17,0.17
39434,0.19,0.19,0.19
39435,0.23,0.23,0.23
39436,0.274,0.274,0.274
39437,0.246,0.246,0.246
39438,0.24,0.24,0.24
39439,0.276,0.276,0.276
39440,0.308,0.308,0.308
39441,0.248,0.248,0.248
39442,0.264,0.264,0.264
39443,0.262,0.262,0.262
39444,0.304,0.304,0.304
39445,0.302,0.302,0.302
39446,0.29,0.29,0.29
39447,0.246,0.246,0.246
39448,0.248,0.248,0.248
39449,0.244,0.244,0.244
39450,0.222,0.222,0.222
39451,0.228,0.228,0.228
39452,0.234,0.234,0.234
39453,0.238,0.238,0.238
39454,0.246,0.246,0.246
39455,0.242,0.242,0.242
39456,0.248,0.248,0.248
39457,0.238,0.238,0.238
39458,0.25,0.25,0.25
39459,0.248,0.248,0.248
39460,0.248,0.248,0.248
39461,0.278,0.278,0.278
39462,0.268,0.268,0.268
39463,0.274,0.274,0.274
39464,0.272,0.272,0.272
39465,0.276,0.276,0.276
39466,0.28,0.28,0.28
39467,0.288,0.288,0.288
39468,0.302,0.302,0.302
39469,0.298,0.298,0.298
39470,0.31,0.31,0.31
39471,0.312,0.312,0.312
39472,0.358,0.358,0.358
39473,0.342,0.342,0.342
39474,0.338,0.338,0.338
39475,0.338,0.338,0.338
39476,0.344,0.344,0.344
39477,0.342,0.342,0.342
39478,0.33,0.33,0.33
39479,0.332,0.332,0.332
39480,0.342,0.342,0.342
39481,0.336,0.336,0.336
39482,0.382,0.382,0.382
39483,0.368,0.368,0.368
39484,0.35,0.35,0.35
39485,0.376,0.376,0.376
39486,0.406,0.406,0.406
39487,0.39,0.39,0.39
39488,0.39,0.39,0.39
39489,0.372,0.372,0.372
39490,0.368,0.368,0.368
39491,0.38,0.38,0.38
39492,0.368,0.368,0.368
39493,0.372,0.372,0.372
39494,0.358,0.358,0.358
39495,0.366,0.366,0.366
39496,0.372,0.372,0.372
39497,0.382,0.382,0.382
39498,0.388,0.388,0.388
39499,0.39,0.39,0.39
39500,0.382,0.382,0.382
39501,0.386,0.386,0.386
39502,0.416,0.416,0.416
39503,0.406,0.406,0.406
39504,0.406,0.406,0.406
39505,0.404,0.404,0.404
39506,0.404,0.404,0.404
39507,0.402,0.402,0.402
39508,0.404,0.404,0.404
39509,0.426,0.426,0.426
39510,0.422,0.422,0.422
39511,0.418,0.418,0.418
39512,0.418,0.418,0.418
39513,0.412,0.412,0.412
39514,0.414,0.414,0.414
39515,0.398,0.296,0.296
39516,0.388,0.282,0.282
39517,0.39,0.268,0.268
39518,0.378,0.24,0.24
39519,0.374,0.224,0.224
39520,0.384,0.218,0.218
39521,0.446,0.184,0.184
39522,0.432,0.182,0.182
39523,0.442,0.17,0.17
39524,0.44,0.166,0.166
39525,0.432,0.152,0.152
39526,0.436,0.148,0.148
39527,0.432,0.12,0.12
39528,0.43,0.116,0.116
39529,0.43,0.102,0.102
39530,0.41,0.066,0.066
39531,0.422,0.042,0.042
39532,0.43,0.036,0.036
39533,0.426,0.02,0.02
39534,0.42,0.018,0.018
39535,0.434,0.016,0.016
39536,0.422,0.016,0.016
39537,0.428,0.01,0.01
39538,0.44,0.01,0.01
39539,0.428,0.004,0.004
39540,0.428,0.004,0.004
39541,0.418,0.004,0.004
39542,0.41,0.004,0.004
39543,0.416,0,0
39544,0.402,0,0
39545,0.398,0,0
39546,0.394,0,0
39547,0.396,0,0
39548,0.384,0,0
39549,0.378,0,0
39550,0.37,0,0
39551,0.36,0,0
39552,0.35,0,0
39553,0.35,0,0
39554,0.346,0,0
39555,0.342,0,0
39556,0.336,0,0
39557,0.332,0,0
39558,0.326,0,0
39559,0.314,0,0
39560,0.318,0,0
39561,0.312,0,0
39562,0.294,0,0
39563,0.292,0,0
39564,0.294,0,0
39565,0.288,0,0
39566,0.284,0,0
39567,0.292,0,0
39568,0.306,0,0
39569,0.296,0,0
39570,0.282,0,0
39571,0.268,0,0
39572,0.24,0,0
39573,0.224,0,0
39574,0.218,0,0
39575,0.184,0,0
39576,0.182,0,0
39577,0.17,0,0
39578,0.166,0,0
39579,0.152,0,0
39580,0.148,0,0
39581,0.12,0,0
39582,0.116,0,0
39583,0.102,0,0
39584,0.066,0,0
39585,0.042,0,0
39586,0.036,0,0
39587,0.02,0,0
39588,0.018,0,0
39589,0.016,0,0
39590,0.016,0,0
39591,0.01,0,0
39592,0.01,0,0
39593,0.004,0,0
39594,0.004,0,0
39595,0.004,0,0
39596,0.004,0,0
39597,0,0,0
39598,0,0,0
39599,0,0,0
39600,0,0,0
39601,0,0,0
39602,0,0,0
39603,0,0,0
39604,0,0,0
39605,0,0,0
39606,0,0,0
39607,0,0,0
39608,0,0,0
39609,0,0,0
39610,0,0,0
39611,0,0,0
39612,0,0,0
39613,0,0,0
39614,0,0,0
39615,0,0,0
39616,0,0,0
39617,0,0,0
39618,0,0,0
39619,0,0,0
39620,0,0,0
39621,0,0,0
39622,0,0,0
39623,0,0,0
39624,0,0,0
39625,0,0,0
39626,0,0,0
39627,0,0,0
39628,0,0,0
39629,0,0,0
39630,0,0,0
39631,0,0,0
39632,0,0,0
39633,0,0,0
39634,0,0,0
39635,0,0,0
39636,0,0,0
39637,0,0,0
39638,0,0,0
39639,0,0,0
39640,0,0,0
39641,0,0,0
39642,0,0,0
39643,0,0,0
39644,0,0,0
39645,0,0,0
39646,0,0,0
39647,0.008,0.008,0.008
39648,0,0,0
39649,0,0,0
39650,0,0,0
39651,0,0,0
39652,0,0,0
39653,0,0,0
39654,0,0,0
39655,0,0,0
39656,0,0,0
39657,0,0,0
39658,0,0,0
39659,0,0,0
39660,0,0,0
39661,0,0,0
39662,0,0,0
39663,0,0,0
39664,0,0,0
39665,0,0,0
39666,0,0,0
39667,0,0,0
39668,0,0,0
39669,0,0,0
39670,0,0,0
39671,0,0,0
39672,0,0,0
39673,0,0,0
39674,0,0,0
39675,0,0,0
39676,0,0,0
39677,0.004,0.004,0.004
39678,0,0,0
39679,0,0,0
39680,0,0,0
39681,0,0,0
39682,0,0,0
39683,0,0,0
39684,0,0,0
39685,0,0,0
39686,0,0,0
39687,0,0,0
39688,0,0,0
39689,0.004,0.004,0.004
39690,0.01,0.01,0.01
39691,0.014,0.014,0.014
39692,0.018,0.018,0.018
39693,0.02,0.02,0.02
39694,0.018,0.018,0.018
39695,0.018,0.018,0.018
39696,0.052,0.052,0.052
39697,0.052,0.052,0.052
39698,0.052,0.052,0.052
39699,0.046,0.046,0.046
39700,0.044,0.044,0.044
39701,0.044,0.044,0.044
39702,0.05,0.05,0.05
39703,0.046,0.046,0.046
39704,0.044,0.044,0.044
39705,0.038,0.038,0.038
39706,0.038,0.038,0.038
39707,0.038,0.038,0.038
39708,0.048,0.048,0.048
39709,0.058,0.058,0.058
39710,0.068,0.068,0.068
39711,0.058,0.058,0.058
39712,0.054,0.054,0.054
39713,0.05,0.05,0.05
39714,0.072,0.072,0.072
39715,0.088,0.088,0.088
39716,0.11,0.11,0.11
39717,0.098,0.098,0.098
39718,0.112,0.112,0.112
39719,0.104,0.104,0.104
39720,0.134,0.134,0.134
39721,0.14,0.14,0.14
39722,0.122,0.122,0.122
39723,0.118,0.118,0.118
39724,0.12,0.12,0.12
39725,0.106,0.106,0.106
39726,0.072,0.072,0.072
39727,0.054,0.054,0.054
39728,0.054,0.054,0.054
39729,0.12,0.12,0.12
39730,0.168,0.168,0.168
39731,0.15,0.15,0.15
39732,0.128,0.128,0.128
39733,0.124,0.124,0.124
39734,0.146,0.146,0.146
39735,0.146,0.146,0.146
39736,0.144,0.144,0.144
39737,0.136,0.136,0.136
39738,0.132,0.132,0.132
39739,0.118,0.118,0.118
39740,0.13,0.13,0.13
39741,0.106,0.106,0.106
39742,0.116,0.116,0.116
39743,0.126,0.126,0.126
39744,0.12,0.12,0.12
39745,0.14,0.14,0.14
39746,0.126,0.126,0.126
39747,0.122,0.122,0.122
39748,0.118,0.118,0.118
39749,0.106,0.106,0.106
39750,0.118,0.118,0.118
39751,0.12,0.12,0.12
39752,0.108,0.108,0.108
39753,0.124,0.124,0.124
39754,0.126,0.126,0.126
39755,0.106,0.106,0.106
39756,0.098,0.098,0.098
39757,0.106,0.106,0.106
39758,0.116,0.116,0.116
39759,0.116,0.116,0.116
39760,0.13,0.13,0.13
39761,0.148,0.148,0.148
39762,0.154,0.154,0.154
39763,0.134,0.134,0.134
39764,0.154,0.154,0.154
39765,0.132,0.132,0.132
39766,0.126,0.126,0.126
39767,0.122,0.122,0.122
39768,0.134,0.134,0.134
39769,0.142,0.142,0.142
39770,0.136,0.136,0.136
39771,0.122,0.122,0.122
39772,0.16,0.16,0.16
39773,0.188,0.188,0.188
39774,0.154,0.154,0.154
39775,0.188,0.188,0.188
39776,0.17,0.17,0.17
39777,0.174,0.174,0.174
39778,0.17,0.17,0.17
39779,0.162,0.162,0.162
39780,0.158,0.158,0.158
39781,0.156,0.156,0.156
39782,0.164,0.164,0.164
39783,0.16,0.16,0.16
39784,0.164,0.164,0.164
39785,0.112,0.112,0.112
39786,0.154,0.154,0.154
39787,0.154,0.154,0.154
39788,0.154,0.154,0.154
39789,0.158,0.158,0.158
39790,0.156,0.156,0.156
39791,0.156,0.156,0.156
39792,0.16,0.16,0.16
39793,0.138,0.138,0.138
39794,0.15,0.15,0.15
39795,0.154,0.154,0.154
39796,0.162,0.162,0.162
39797,0.172,0.172,0.172
39798,0.17,0.17,0.17
39799,0.19,0.19,0.19
39800,0.23,0.23,0.23
39801,0.274,0.274,0.274
39802,0.246,0.246,0.246
39803,0.24,0.24,0.24
39804,0.276,0.276,0.276
39805,0.308,0.308,0.308
39806,0.248,0.248,0.248
39807,0.264,0.264,0.264
39808,0.262,0.262,0.262
39809,0.304,0.304,0.304
39810,0.302,0.302,0.302
39811,0.29,0.29,0.29
39812,0.246,0.246,0.246
39813,0.248,0.248,0.248
39814,0.244,0.244,0.244
39815,0.222,0.222,0.222
39816,0.228,0.228,0.228
39817,0.234,0.234,0.234
39818,0.238,0.238,0.238
39819,0.246,0.246,0.246
39820,0.242,0.242,0.242
39821,0.248,0.248,0.248
39822,0.238,0.238,0.238
39823,0.25,0.25,0.25
39824,0.248,0.248,0.248
39825,0.248,0.248,0.248
39826,0.278,0.278,0.278
39827,0.268,0.268,0.268
39828,0.274,0.274,0.274
39829,0.272,0.272,0.272
39830,0.276,0.276,0.276
39831,0.28,0.28,0.28
39832,0.288,0.288,0.288
39833,0.302,0.302,0.302
39834,0.298,0.298,0.298
39835,0.31,0.31,0.31
39836,0.312,0.312,0.312
39837,0.358,0.358,0.358
39838,0.342,0.342,0.342
39839,0.338,0.338,0.338
39840,0.338,0.338,0.338
39841,0.344,0.344,0.344
39842,0.342,0.342,0.342
39843,0.33,0.33,0.33
39844,0.332,0.332,0.332
39845,0.342,0.342,0.342
39846,0.336,0.336,0.336
39847,0.382,0.382,0.382
39848,0.368,0.368,0.368
39849,0.35,0.35,0.35
39850,0.376,0.376,0.376
39851,0.406,0.406,0.406
39852,0.39,0.39,0.39
39853,0.39,0.39,0.39
39854,0.372,0.372,0.372
39855,0.368,0.368,0.368
39856,0.38,0.38,0.38
39857,0.368,0.368,0.368
39858,0.372,0.372,0.372
39859,0.358,0.358,0.358
39860,0.366,0.366,0.366
39861,0.372,0.372,0.372
39862,0.382,0.382,0.382
39863,0.388,0.388,0.388
39864,0.39,0.39,0.39
39865,0.382,0.382,0.382
39866,0.386,0.386,0.386
39867,0.416,0.416,0.416
39868,0.406,0.406,0.406
39869,0.406,0.406,0.406
39870,0.404,0.404,0.404
39871,0.404,0.404,0.404
39872,0.402,0.402,0.402
39873,0.404,0.404,0.404
39874,0.426,0.426,0.426
39875,0.422,0.422,0.422
39876,0.418,0.418,0.418
39877,0.418,0.418,0.418
39878,0.412,0.412,0.412
39879,0.414,0.414,0.414
39880,0.398,0.296,0.296
39881,0.388,0.282,0.282
39882,0.39,0.268,0.268
39883,0.378,0.24,0.24
39884,0.374,0.224,0.224
39885,0.384,0.218,0.218
39886,0.446,0.184,0.184
39887,0.432,0.182,0.182
39888,0.442,0.17,0.17
39889,0.44,0.166,0.166
39890,0.432,0.152,0.152
39891,0.436,0.148,0.148
39892,0.432,0.12,0.12
39893,0.43,0.116,0.116
39894,0.43,0.102,0.102
39895,0.41,0.066,0.066
39896,0.422,0.042,0.042
39897,0.43,0.036,0.036
39898,0.426,0.02,0.02
39899,0.42,0.018,0.018
39900,0.434,0.016,0.016
39901,0.422,0.016,0.016
39902,0.428,0.01,0.01
39903,0.44,0.01,0.01
39904,0.428,0.004,0.004
39905,0.428,0.004,0.004
39906,0.418,0.004,0.004
39907,0.41,0.004,0.004
39908,0.416,0,0
39909,0.402,0,0
39910,0.398,0,0
39911,0.394,0,0
39912,0.396,0,0
39913,0.384,0,0
39914,0.378,0,0
39915,0.37,0,0
39916,0.36,0,0
39917,0.35,0,0
39918,0.35,0,0
39919,0.346,0,0
39920,0.342,0,0
39921,0.336,0,0
39922,0.332,0,0
39923,0.326,0,0
39924,0.314,0,0
39925,0.318,0,0
39926,0.312,0,0
39927,0.294,0,0
39928,0.292,0,0
39929,0.294,0,0
39930,0.288,0,0
39931,0.284,0,0
39932,0.292,0,0
39933,0.306,0,0
39934,0.296,0,0
39935,0.282,0,0
39936,0.268,0,0
39937,0.24,0,0
39938,0.224,0,0
39939,0.218,0,0
39940,0.184,0,0
39941,0.182,0,0
39942,0.17,0,0
39943,0.166,0,0
39944,0.152,0,0
39945,0.148,0,0
39946,0.12,0,0
39947,0.116,0,0
39948,0.102,0,0
39949,0.066,0,0
39950,0.042,0,0
39951,0.036,0,0
39952,0.02,0,0
39953,0.018,0,0
39954,0.016,0,0
39955,0.016,0,0
39956,0.01,0,0
39957,0.01,0,0
39958,0.004,0,0
39959,0.004,0,0
39960,0.004,0,0
39961,0.004,0,0
39962,0,0,0
39963,0,0,0
39964,0,0,0
39965,0,0,0
39966,0,0,0
39967,0,0,0
39968,0,0,0
39969,0,0,0
39970,0,0,0
39971,0,0,0
39972,0,0,0
39973,0,0,0
39974,0,0,0
39975,0,0,0
39976,0,0,0
39977,0,0,0
39978,0,0,0
39979,0,0,0
39980,0,0,0
39981,0,0,0
39982,0,0,0
39983,0,0,0
39984,0,0,0
39985,0,0,0
39986,0,0,0
39987,0,0,0
39988,0,0,0
39989,0,0,0
39990,0,0,0
39991,0,0,0
39992,0,0,0
39993,0,0,0
39994,0,0,0
39995,0,0,0
39996,0,0,0
39997,0,0,0
39998,0,0,0
39999,0,0,0
40000,0,0,0
40001,0,0,0
40002,0,0,0
40003,0,0,0
40004,0,0,0
40005,0,0,0
40006,0,0,0
40007,0,0,0
40008,0,0,0
40009,0,0,0
40010,0,0,0
40011,0,0,0
40012,0.008,0.008,0.008
40013,0,0,0
40014,0,0,0
40015,0,0,0
40016,0,0,0
40017,0,0,0
40018,0,0,0
40019,0,0,0
40020,0,0,0
40021,0,0,0
40022,0,0,0
40023,0,0,0
40024,0,0,0
40025,0,0,0
40026,0,0,0
40027,0,0,0
40028,0,0,0
40029,0,0,0
40030,0,0,0
40031,0,0,0
40032,0,0,0
40033,0,0,0
40034,0,0,0
40035,0,0,0
40036,0,0,0
40037,0,0,0
40038,0,0,0
40039,0,0,0
40040,0,0,0
40041,0,0,0
40042,0.004,0.004,0.004
40043,0,0,0
40044,0,0,0
40045,0,0,0
40046,0,0,0
40047,0,0,0
40048,0,0,0
40049,0,0,0
40050,0,0,0
40051,0,0,0
40052,0,0,0
40053,0,0,0
40054,0.004,0.004,0.004
40055,0.01,0.01,0.01
40056,0.014,0.014,0.014
40057,0.018,0.018,0.018
40058,0.02,0.02,0.02
40059,0.018,0.018,0.018
40060,0.018,0.018,0.018
40061,0.052,0.052,0.052
40062,0.052,0.052,0.052
40063,0.052,0.052,0.052
40064,0.046,0.046,0.046
40065,0.044,0.044,0.044
40066,0.044,0.044,0.044
40067,0.05,0.05,0.05
40068,0.046,0.046,0.046
40069,0.044,0.044,0.044
40070,0.038,0.038,0.038
40071,0.038,0.038,0.038
40072,0.038,0.038,0.038
40073,0.048,0.048,0.048
40074,0.058,0.058,0.058
40075,0.068,0.068,0.068
40076,0.058,0.058,0.058
40077,0.054,0.054,0.054
40078,0.05,0.05,0.05
40079,0.072,0.072,0.072
40080,0.088,0.088,0.088
40081,0.11,0.11,0.11
40082,0.098,0.098,0.098
40083,0.112,0.112,0.112
40084,0.104,0.104,0.104
40085,0.134,0.134,0.134
40086,0.14,0.14,0.14
40087,0.122,0.122,0.122
40088,0.118,0.118,0.118
40089,0.12,0.12,0.12
40090,0.106,0.106,0.106
40091,0.072,0.072,0.072
40092,0.054,0.054,0.054
40093,0.054,0.054,0.054
40094,0.12,0.12,0.12
40095,0.168,0.168,0.168
40096,0.15,0.15,0.15
40097,0.128,0.128,0.128
40098,0.124,0.124,0.124
40099,0.146,0.146,0.146
40100,0.146,0.146,0.146
40101,0.144,0.144,0.144
40102,0.136,0.136,0.136
40103,0.132,0.132,0.132
40104,0.118,0.118,0.118
40105,0.13,0.13,0.13
40106,0.106,0.106,0.106
40107,0.116,0.116,0.116
40108,0.126,0.126,0.126
40109,0.12,0.12,0.12
40110,0.14,0.14,0.14
40111,0.126,0.126,0.126
40112,0.122,0.122,0.122
40113,0.118,0.118,0.118
40114,0.106,0.106,0.106
40115,0.118,0.118,0.118
40116,0.12,0.12,0.12
40117,0.108,0.108,0.108
40118,0.124,0.124,0.124
40119,0.126,0.126,0.126
40120,0.106,0.106,0.106
40121,0.098,0.098,0.098
40122,0.106,0.106,0.106
40123,0.116,0.116,0.116
40124,0.116,0.116,0.116
40125,0.13,0.13,0.13
40126,0.148,0.148,0.148
40127,0.154,0.154,0.154
40128,0.134,0.134,0.134
40129,0.154,0.154,0.154
40130,0.132,0.132,0.132
40131,0.126,0.126,0.126
40132,0.122,0.122,0.122
40133,0.134,0.134,0.134
40134,0.142,0.142,0.142
40135,0.136,0.136,0.136
40136,0.122,0.122,0.122
40137,0.16,0.16,0.16
40138,0.188,0.188,0.188
40139,0.154,0.154,0.154
40140,0.188,0.188,0.188
40141,0.17,0.17,0.17
40142,0.174,0.174,0.174
40143,0.17,0.17,0.17
40144,0.162,0.162,0.162
40145,0.158,0.158,0.158
40146,0.156,0.156,0.156
40147,0.164,0.164,0.164
40148,0.16,0.16,0.16
40149,0.164,0.164,0.164
40150,0.112,0.112,0.112
40151,0.154,0.154,0.154
40152,0.154,0.154,0.154
40153,0.154,0.154,0.154
40154,0.158,0.158,0.158
40155,0.156,0.156,0.156
40156,0.156,0.156,0.156
40157,0.16,0.16,0.16
40158,0.138,0.138,0.138
40159,0.15,0.15,0.15
40160,0.154,0.154,0.154
40161,0.162,0.162,0.162
40162,0.172,0.172,0.172
40163,0.17,0.17,0.17
40164,0.19,0.19,0.19
40165,0.23,0.23,0.23
40166,0.274,0.274,0.274
40167,0.246,0.246,0.246
40168,0.24,0.24,0.24
40169,0.276,0.276,0.276
40170,0.308,0.308,0.308
40171,0.248,0.248,0.248
40172,0.264,0.264,0.264
40173,0.262,0.262,0.262
40174,0.304,0.304,0.304
40175,0.302,0.302,0.302
40176,0.29,0.29,0.29
40177,0.246,0.246,0.246
40178,0.248,0.248,0.248
40179,0.244,0.244,0.244
40180,0.222,0.222,0.222
40181,0.228,0.228,0.228
40182,0.234,0.234,0.234
40183,0.238,0.238,0.238
40184,0.246,0.246,0.246
40185,0.242,0.242,0.242
40186,0.248,0.248,0.248
40187,0.238,0.238,0.238
40188,0.25,0.25,0.25
40189,0.248,0.248,0.248
40190,0.248,0.248,0.248
40191,0.278,0.278,0.278
40192,0.268,0.268,0.268
40193,0.274,0.274,0.274
40194,0.272,0.272,0.272
40195,0.276,0.276,0.276
40196,0.28,0.28,0.28
40197,0.288,0.288,0.288
40198,0.302,0.302,0.302
40199,0.298,0.298,0.298
40200,0.31,0.31,0.31
40201,0.312,0.312,0.312
40202,0.358,0.358,0.358
40203,0.342,0.342,0.342
40204,0.338,0.338,0.338
40205,0.338,0.338,0.338
40206,0.344,0.344,0.344
40207,0.342,0.342,0.342
40208,0.33,0.33,0.33
40209,0.332,0.332,0.332
40210,0.342,0.342,0.342
40211,0.336,0.336,0.336
40212,0.382,0.382,0.382
40213,0.368,0.368,0.368
40214,0.35,0.35,0.35
40215,0.376,0.376,0.376
40216,0.406,0.406,0.406
40217,0.39,0.39,0.39
40218,0.39,0.39,0.39
40219,0.372,0.372,0.372
40220,0.368,0.368,0.368
40221,0.38,0.38,0.38
40222,0.368,0.368,0.368
40223,0.372,0.372,0.372
40224,0.358,0.358,0.358
40225,0.366,0.366,0.366
40226,0.372,0.372,0.372
40227,0.382,0.382,0.382
40228,0.388,0.388,0.388
40229,0.39,0.39,0.39
40230,0.382,0.382,0.382
40231,0.386,0.386,0.386
40232,0.416,0.416,0.416
40233,0.406,0.406,0.406
40234,0.406,0.406,0.406
40235,0.404,0.404,0.404
40236,0.404,0.404,0.404
40237,0.402,0.402,0.402
40238,0.404,0.404,0.404
40239,0.426,0.426,0.426
40240,0.422,0.422,0.422
40241,0.418,0.418,0.418
40242,0.418,0.418,0.418
40243,0.412,0.412,0.412
40244,0.414,0.296,0.296
40245,0.398,0.282,0.282
40246,0.388,0.268,0.268
40247,0.39,0.24,0.24
40248,0.378,0.224,0.224
40249,0.374,0.218,0.218
40250,0.384,0.184,0.184
40251,0.446,0.182,0.182
40252,0.432,0.17,0.17
40253,0.442,0.166,0.166
40254,0.44,0.152,0.152
40255,0.432,0.148,0.148
40256,0.436,0.12,0.12
40257,0.432,0.116,0.116
40258,0.43,0.102,0.102
40259,0.43,0.066,0.066
40260,0.41,0.042,0.042
40261,0.422,0.036,0.036
40262,0.43,0.02,0.02
40263,0.426,0.018,0.018
40264,0.42,0.016,0.016
40265,0.434,0.016,0.016
40266,0.422,0.01,0.01
40267,0.428,0.01,0.01
40268,0.44,0.004,0.004
40269,0.428,0.004,0.004
40270,0.428,0.004,0.004
40271,0.418,0.004,0.004
40272,0.41,0,0
40273,0.416,0,0
40274,0.402,0,0
40275,0.398,0,0
40276,0.394,0,0
40277,0.396,0,0
40278,0.384,0,0
40279,0.378,0,0
40280,0.37,0,0
40281,0.36,0,0
40282,0.35,0,0
40283,0.35,0,0
40284,0.346,0,0
40285,0.342,0,0
40286,0.336,0,0
40287,0.332,0,0
40288,0.326,0,0
40289,0.314,0,0
40290,0.318,0,0
40291,0.312,0,0
40292,0.294,0,0
40293,0.292,0,0
40294,0.294,0,0
40295,0.288,0,0
40296,0.284,0,0
40297,0.292,0,0
40298,0.306,0,0
40299,0.296,0,0
40300,0.282,0,0
40301,0.268,0,0
40302,0.24,0,0
40303,0.224,0,0
40304,0.218,0,0
40305,0.184,0,0
40306,0.182,0,0
40307,0.17,0,0
40308,0.166,0,0
40309,0.152,0,0
40310,0.148,0,0
40311,0.12,0,0
40312,0.116,0,0
40313,0.102,0,0
40314,0.066,0,0
40315,0.042,0,0
40316,0.036,0,0
40317,0.02,0,0
40318,0.018,0,0
40319,0.016,0,0
40320,0.016,0,0
40321,0.01,0,0
40322,0.01,0,0
40323,0.004,0,0
40324,0.004,0,0
40325,0.004,0,0
40326,0.004,0,0
40327,0,0,0
40328,0,0,0
40329,0,0,0
40330,0,0,0
40331,0,0,0
40332,0,0,0
40333,0,0,0
40334,0,0,0
40335,0,0,0
40336,0,0,0
40337,0,0,0
40338,0,0,0
40339,0,0,0
40340,0,0,0
40341,0,0,0
40342,0,0,0
40343,0,0,0
40344,0,0,0
40345,0,0,0
40346,0,0,0
40347,0,0,0
40348,0,0,0
40349,0,0,0
40350,0,0,0
40351,0,0,0
40352,0,0,0
40353,0,0,0
40354,0,0,0
40355,0,0,0
40356,0,0,0
40357,0,0,0
40358,0,0,0
40359,0,0,0
40360,0,0,0
40361,0,0,0
40362,0,0,0
40363,0,0,0
40364,0,0,0
40365,0,0,0
40366,0,0,0
40367,0,0,0
40368,0,0,0
40369,0,0,0
40370,0,0,0
40371,0,0,0
40372,0,0,0
40373,0,0,0
40374,0,0,0
40375,0,0,0
40376,0,0,0
40377,0.008,0.008,0.008
40378,0,0,0
40379,0,0,0
40380,0,0,0
40381,0,0,0
40382,0,0,0
40383,0,0,0
40384,0,0,0
40385,0,0,0
40386,0,0,0
40387,0,0,0
40388,0,0,0
40389,0,0,0
40390,0,0,0
40391,0,0,0
40392,0,0,0
40393,0,0,0
40394,0,0,0
40395,0,0,0
40396,0,0,0
40397,0,0,0
40398,0,0,0
40399,0,0,0
40400,0,0,0
40401,0,0,0
40402,0,0,0
40403,0,0,0
40404,0,0,0
40405,0,0,0
40406,0,0,0
40407,0.004,0.004,0.004
40408,0,0,0
40409,0,0,0
40410,0,0,0
40411,0,0,0
40412,0,0,0
40413,0,0,0
40414,0,0,0
40415,0,0,0
40416,0,0,0
40417,0,0,0
40418,0,0,0
40419,0.004,0.004,0.004
40420,0.01,0.01,0.01
40421,0.014,0.014,0.014
40422,0.018,0.018,0.018
40423,0.02,0.02,0.02
40424,0.018,0.018,0.018
40425,0.018,0.018,0.018
40426,0.052,0.052,0.052
40427,0.052,0.052,0.052
40428,0.052,0.052,0.052
40429,0.046,0.046,0.046
40430,0.044,0.044,0.044
40431,0.044,0.044,0.044
40432,0.05,0.05,0.05
40433,0.046,0.046,0.046
40434,0.044,0.044,0.044
40435,0.038,0.038,0.038
40436,0.038,0.038,0.038
40437,0.038,0.038,0.038
40438,0.048,0.048,0.048
40439,0.058,0.058,0.058
40440,0.068,0.068,0.068
40441,0.058,0.058,0.058
40442,0.054,0.054,0.054
40443,0.05,0.05,0.05
40444,0.072,0.072,0.072
40445,0.088,0.088,0.088
40446,0.11,0.11,0.11
40447,0.098,0.098,0.098
40448,0.112,0.112,0.112
40449,0.104,0.104,0.104
40450,0.134,0.134,0.134
40451,0.14,0.14,0.14
40452,0.122,0.122,0.122
40453,0.118,0.118,0.118
40454,0.12,0.12,0.12
40455,0.106,0.106,0.106
40456,0.072,0.072,0.072
40457,0.054,0.054,0.054
40458,0.054,0.054,0.054
40459,0.12,0.12,0.12
40460,0.168,0.168,0.168
40461,0.15,0.15,0.15
40462,0.128,0.128,0.128
40463,0.124,0.124,0.124
40464,0.146,0.146,0.146
40465,0.146,0.146,0.146
40466,0.144,0.144,0.144
40467,0.136,0.136,0.136
40468,0.132,0.132,0.132
40469,0.118,0.118,0.118
40470,0.13,0.13,0.13
40471,0.106,0.106,0.106
40472,0.116,0.116,0.116
40473,0.126,0.126,0.126
40474,0.12,0.12,0.12
40475,0.14,0.14,0.14
40476,0.126,0.126,0.126
40477,0.122,0.122,0.122
40478,0.118,0.118,0.118
40479,0.106,0.106,0.106
40480,0.118,0.118,0.118
40481,0.12,0.12,0.12
40482,0.108,0.108,0.108
40483,0.124,0.124,0.124
40484,0.126,0.126,0.126
40485,0.106,0.106,0.106
40486,0.098,0.098,0.098
40487,0.106,0.106,0.106
40488,0.116,0.116,0.116
40489,0.116,0.116,0.116
40490,0.13,0.13,0.13
40491,0.148,0.148,0.148
40492,0.154,0.154,0.154
40493,0.134,0.134,0.134
40494,0.154,0.154,0.154
40495,0.132,0.132,0.132
40496,0.126,0.126,0.126
40497,0.122,0.122,0.122
40498,0.134,0.134,0.134
40499,0.142,0.142,0.142
40500,0.136,0.136,0.136
40501,0.122,0.122,0.122
40502,0.16,0.16,0.16
40503,0.188,0.188,0.188
40504,0.154,0.154,0.154
40505,0.188,0.188,0.188
40506,0.17,0.17,0.17
40507,0.174,0.174,0.174
40508,0.17,0.17,0.17
40509,0.162,0.162,0.162
40510,0.158,0.158,0.158
40511,0.156,0.156,0.156
40512,0.164,0.164,0.164
40513,0.16,0.16,0.16
40514,0.164,0.164,0.164
40515,0.112,0.112,0.112
40516,0.154,0.154,0.154
40517,0.154,0.154,0.154
40518,0.154,0.154,0.154
40519,0.158,0.158,0.158
40520,0.156,0.156,0.156
40521,0.156,0.156,0.156
40522,0.16,0.16,0.16
40523,0.138,0.138,0.138
40524,0.15,0.15,0.15
40525,0.154,0.154,0.154
40526,0.162,0.162,0.162
40527,0.172,0.172,0.172
40528,0.17,0.17,0.17
40529,0.19,0.19,0.19
40530,0.23,0.23,0.23
40531,0.274,0.274,0.274
40532,0.246,0.246,0.246
40533,0.24,0.24,0.24
40534,0.276,0.276,0.276
40535,0.308,0.308,0.308
40536,0.248,0.248,0.248
40537,0.264,0.264,0.264
40538,0.262,0.262,0.262
40539,0.304,0.304,0.304
40540,0.302,0.302,0.302
40541,0.29,0.29,0.29
40542,0.246,0.246,0.246
40543,0.248,0.248,0.248
40544,0.244,0.244,0.244
40545,0.222,0.222,0.222
40546,0.228,0.228,0.228
40547,0.234,0.234,0.234
40548,0.238,0.238,0.238
40549,0.246,0.246,0.246
40550,0.242,0.242,0.242
40551,0.248,0.248,0.248
40552,0.238,0.238,0.238
40553,0.25,0.25,0.25
40554,0.248,0.248,0.248
40555,0.248,0.248,0.248
40556,0.278,0.278,0.278
40557,0.268,0.268,0.268
40558,0.274,0.274,0.274
40559,0.272,0.272,0.272
40560,0.276,0.276,0.276
40561,0.28,0.28,0.28
40562,0.288,0.288,0.288
40563,0.302,0.302,0.302
40564,0.298,0.298,0.298
40565,0.31,0.31,0.31
40566,0.312,0.312,0.312
40567,0.358,0.358,0.358
40568,0.342,0.342,0.342
40569,0.338,0.338,0.338
40570,0.338,0.338,0.338
40571,0.344,0.344,0.344
40572,0.342,0.342,0.342
40573,0.33,0.33,0.33
40574,0.332,0.332,0.332
40575,0.342,0.342,0.342
40576,0.336,0.336,0.336
40577,0.382,0.382,0.382
40578,0.368,0.368,0.368
40579,0.35,0.35,0.35
40580,0.376,0.376,0.376
40581,0.406,0.406,0.406
40582,0.39,0.39,0.39
40583,0.39,0.39,0.39
40584,0.372,0.372,0.372
40585,0.368,0.368,0.368
40586,0.38,0.38,0.38
40587,0.368,0.368,0.368
40588,0.372,0.372,0.372
40589,0.358,0.358,0.358
40590,0.366,0.366,0.366
40591,0.372,0.372,0.372
40592,0.382,0.382,0.382
40593,0.388,0.388,0.388
40594,0.39,0.39,0.39
40595,0.382,0.382,0.382
40596,0.386,0.386,0.386
40597,0.416,0.416,0.416
40598,0.406,0.406,0.406
40599,0.406,0.406,0.406
40600,0.404,0.404,0.404
40601,0.404,0.404,0.404
40602,0.402,0.402,0.402
40603,0.404,0.404,0.404
40604,0.426,0.426,0.426
40605,0.422,0.422,0.422
40606,0.418,0.418,0.418
40607,0.418,0.418,0.418
40608,0.412,0.412,0.412
40609,0.414,0.296,0.296
40610,0.398,0.282,0.282
40611,0.388,0.268,0.268
40612,0.39,0.24,0.24
40613,0.378,0.224,0.224
40614,0.374,0.218,0.218
40615,0.384,0.184,0.184
40616,0.446,0.182,0.182
40617,0.432,0.17,0.17
40618,0.442,0.166,0.166
40619,0.44,0.152,0.152
40620,0.432,0.148,0.148
40621,0.436,0.12,0.12
40622,0.432,0.116,0.116
40623,0.43,0.102,0.102
40624,0.43,0.066,0.066
40625,0.41,0.042,0.042
40626,0.422,0.036,0.036
40627,0.43,0.02,0.02
40628,0.426,0.018,0.018
40629,0.42,0.016,0.016
40630,0.434,0.016,0.016
40631,0.422,0.01,0.01
40632,0.428,0.01,0.01
40633,0.44,0.004,0.004
40634,0.428,0.004,0.004
40635,0.428,0.004,0.004
40636,0.418,0.004,0.004
40637,0.41,0,0
40638,0.416,0,0
40639,0.402,0,0
40640,0.398,0,0
40641,0.394,0,0
40642,0.396,0,0
40643,0.384,0,0
40644,0.378,0,0
40645,0.37,0,0
40646,0.36,0,0
40647,0.35,0,0
40648,0.35,0,0
40649,0.346,0,0
40650,0.342,0,0
40651,0.336,0,0
40652,0.332,0,0
40653,0.326,0,0
40654,0.314,0,0
40655,0.318,0,0
40656,0.312,0,0
40657,0.294,0,0
40658,0.292,0,0
40659,0.294,0,0
40660,0.288,0,0
40661,0.284,0,0
40662,0.292,0,0
40663,0.306,0,0
40664,0.296,0,0
40665,0.282,0,0
40666,0.268,0,0
40667,0.24,0,0
40668,0.224,0,0
40669,0.218,0,0
40670,0.184,0,0
40671,0.182,0,0
40672,0.17,0,0
40673,0.166,0,0
40674,0.152,0,0
40675,0.148,0,0
40676,0.12,0,0
40677,0.116,0,0
40678,0.102,0,0
40679,0.066,0,0
40680,0.042,0,0
40681,0.036,0,0
40682,0.02,0,0
40683,0.018,0,0
40684,0.016,0,0
40685,0.016,0,0
40686,0.01,0,0
40687,0.01,0,0
40688,0.004,0,0
40689,0.004,0,0
40690,0.004,0,0
40691,0.004,0,0
40692,0,0,0
40693,0,0,0
40694,0,0,0
40695,0,0,0
40696,0,0,0
40697,0,0,0
40698,0,0,0
40699,0,0,0
40700,0,0,0
40701,0,0,0
40702,0,0,0
40703,0,0,0
40704,0,0,0
40705,0,0,0
40706,0,0,0
40707,0,0,0
40708,0,0,0
40709,0,0,0
40710,0,0,0
40711,0,0,0
40712,0,0,0
40713,0,0,0
40714,0,0,0
40715,0,0,0
40716,0,0,0
40717,0,0,0
40718,0,0,0
40719,0,0,0
40720,0,0,0
40721,0,0,0
40722,0,0,0
40723,0,0,0
40724,0,0,0
40725,0,0,0
40726,0,0,0
40727,0,0,0
40728,0,0,0
40729,0,0,0
40730,0,0,0
40731,0,0,0
40732,0,0,0
40733,0,0,0
40734,0,0,0
40735,0,0,0
40736,0,0,0
40737,0,0,0
40738,0,0,0
40739,0,0,0
40740,0,0,0
40741,0,0,0
40742,0.008,0.008,0.008
40743,0,0,0
40744,0,0,0
40745,0,0,0
40746,0,0,0
40747,0,0,0
40748,0,0,0
40749,0,0,0
40750,0,0,0
40751,0,0,0
40752,0,0,0
40753,0,0,0
40754,0,0,0
40755,0,0,0
40756,0,0,0
40757,0,0,0
40758,0,0,0
40759,0,0,0
40760,0,0,0
40761,0,0,0
40762,0,0,0
40763,0,0,0
40764,0,0,0
40765,0,0,0
40766,0,0,0
40767,0,0,0
40768,0,0,0
40769,0,0,0
40770,0,0,0
40771,0,0,0
40772,0.004,0.004,0.004
40773,0,0,0
40774,0,0,0
40775,0,0,0
40776,0,0,0
40777,0,0,0
40778,0,0,0
40779,0,0,0
40780,0,0,0
40781,0,0,0
40782,0,0,0
40783,0,0,0
40784,0.004,0.004,0.004
40785,0.01,0.01,0.01
40786,0.014,0.014,0.014
40787,0.018,0.018,0.018
40788,0.02,0.02,0.02
40789,0.018,0.018,0.018
40790,0.018,0.018,0.018
40791,0.052,0.052,0.052
40792,0.052,0.052,0.052
40793,0.052,0.052,0.052
40794,0.046,0.046,0.046
40795,0.044,0.044,0.044
40796,0.044,0.044,0.044
40797,0.05,0.05,0.05
40798,0.046,0.046,0.046
40799,0.044,0.044,0.044
40800,0.038,0.038,0.038
40801,0.038,0.038,0.038
40802,0.038,0.038,0.038
40803,0.048,0.048,0.048
40804,0.058,0.058,0.058
40805,0.068,0.068,0.068
40806,0.058,0.058,0.058
40807,0.054,0.054,0.054
40808,0.05,0.05,0.05
40809,0.072,0.072,0.072
40810,0.088,0.088,0.088
40811,0.11,0.11,0.11
40812,0.098,0.098,0.098
40813,0.112,0.112,0.112
40814,0.104,0.104,0.104
40815,0.134,0.134,0.134
40816,0.14,0.14,0.14
40817,0.122,0.122,0.122
40818,0.118,0.118,0.118
40819,0.12,0.12,0.12
40820,0.106,0.106,0.106
40821,0.072,0.072,0.072
40822,0.054,0.054,0.054
40823,0.054,0.054,0.054
40824,0.12,0.12,0.12
40825,0.168,0.168,0.168
40826,0.15,0.15,0.15
40827,0.128,0.128,0.128
40828,0.124,0.124,0.124
40829,0.146,0.146,0.146
40830,0.146,0.146,0.146
40831,0.144,0.144,0.144
40832,0.136,0.136,0.136
40833,0.132,0.132,0.132
40834,0.118,0.118,0.118
40835,0.13,0.13,0.13
40836,0.106,0.106,0.106
40837,0.116,0.116,0.116
40838,0.126,0.126,0.126
40839,0.12,0.12,0.12
40840,0.14,0.14,0.14
40841,0.126,0.126,0.126
40842,0.122,0.122,0.122
40843,0.118,0.118,0.118
40844,0.106,0.106,0.106
40845,0.118,0.118,0.118
40846,0.12,0.12,0.12
40847,0.108,0.108,0.108
40848,0.124,0.124,0.124
40849,0.126,0.126,0.126
40850,0.106,0.106,0.106
40851,0.098,0.098,0.098
40852,0.106,0.106,0.106
40853,0.116,0.116,0.116
40854,0.116,0.116,0.116
40855,0.13,0.13,0.13
40856,0.148,0.148,0.148
40857,0.154,0.154,0.154
40858,0.134,0.134,0.134
40859,0.154,0.154,0.154
40860,0.132,0.132,0.132
40861,0.126,0.126,0.126
40862,0.122,0.122,0.122
40863,0.134,0.134,0.134
40864,0.142,0.142,0.142
40865,0.136,0.136,0.136
40866,0.122,0.122,0.122
40867,0.16,0.16,0.16
40868,0.188,0.188,0.188
40869,0.154,0.154,0.154
40870,0.188,0.188,0.188
40871,0.17,0.17,0.17
40872,0.174,0.174,0.174
40873,0.17,0.17,0.17
40874,0.162,0.162,0.162
40875,0.158,0.158,0.158
40876,0.156,0.156,0.156
40877,0.164,0.164,0.164
40878,0.16,0.16,0.16
40879,0.164,0.164,0.164
40880,0.112,0.112,0.112
40881,0.154,0.154,0.154
40882,0.154,0.154,0.154
40883,0.154,0.154,0.154
40884,0.158,0.158,0.158
40885,0.156,0.156,0.156
40886,0.156,0.156,0.156
40887,0.16,0.16,0.16
40888,0.138,0.138,0.138
40889,0.15,0.15,0.15
40890,0.154,0.154,0.154
40891,0.162,0.162,0.162
40892,0.172,0.172,0.172
40893,0.17,0.17,0.17
40894,0.19,0.19,0.19
40895,0.23,0.23,0.23
40896,0.274,0.274,0.274
40897,0.246,0.246,0.246
40898,0.24,0.24,0.24
40899,0.276,0.276,0.276
40900,0.308,0.308,0.308
40901,0.248,0.248,0.248
40902,0.264,0.264,0.264
40903,0.262,0.262,0.262
40904,0.304,0.304,0.304
40905,0.302,0.302,0.302
40906,0.29,0.29,0.29
40907,0.246,0.246,0.246
40908,0.248,0.248,0.248
40909,0.244,0.244,0.244
40910,0.222,0.222,0.222
40911,0.228,0.228,0.228
40912,0.234,0.234,0.234
40913,0.238,0.238,0.238
40914,0.246,0.246,0.246
40915,0.242,0.242,0.242
40916,0.248,0.248,0.248
40917,0.238,0.238,0.238
40918,0.25,0.25,0.25
40919,0.248,0.248,0.248
40920,0.248,0.248,0.248
40921,0.278,0.278,0.278
40922,0.268,0.268,0.268
40923,0.274,0.274,0.274
40924,0.272,0.272,0.272
40925,0.276,0.276,0.276
40926,0.28,0.28,0.28
40927,0.288,0.288,0.288
40928,0.302,0.302,0.302
40929,0.298,0.298,0.298
40930,0.31,0.31,0.31
40931,0.312,0.312,0.312
40932,0.358,0.358,0.358
40933,0.342,0.342,0.342
40934,0.338,0.338,0.338
40935,0.338,0.338,0.338
40936,0.344,0.344,0.344
40937,0.342,0.342,0.342
40938,0.33,0.33,0.33
40939,0.332,0.332,0.332
40940,0.342,0.342,0.342
40941,0.336,0.336,0.336
40942,0.382,0.382,0.382
40943,0.368,0.368,0.368
40944,0.35,0.35,0.35
40945,0.376,0.376,0.376
40946,0.406,0.406,0.406
40947,0.39,0.39,0.39
40948,0.39,0.39,0.39
40949,0.372,0.372,0.372
40950,0.368,0.368,0.368
40951,0.38,0.38,0.38
40952,0.368,0.368,0.368
40953,0.372,0.372,0.372
40954,0.358,0.358,0.358
40955,0.366,0.366,0.366
40956,0.372,0.372,0.372
40957,0.382,0.382,0.382
40958,0.388,0.388,0.388
40959,0.39,0.39,0.39
40960,0.382,0.382,0.382
40961,0.386,0.386,0.386
40962,0.416,0.416,0.416
40963,0.406,0.406,0.406
40964,0.406,0.406,0.406
40965,0.404,0.404,0.404
40966,0.404,0.404,0.404
40967,0.402,0.402,0.402
40968,0.404,0.404,0.404
40969,0.426,0.426,0.426
40970,0.422,0.422,0.422
40971,0.418,0.418,0.418
40972,0.418,0.418,0.418
40973,0.412,0.296,0.296
40974,0.414,0.282,0.282
40975,0.398,0.268,0.268
40976,0.388,0.24,0.24
40977,0.39,0.224,0.224
40978,0.378,0.218,0.218
40979,0.374,0.184,0.184
40980,0.384,0.182,0.182
40981,0.446,0.17,0.17
40982,0.432,0.166,0.166
40983,0.442,0.152,0.152
40984,0.44,0.148,0.148
40985,0.432,0.12,0.12
40986,0.436,0.116,0.116
40987,0.432,0.102,0.102
40988,0.43,0.066,0.066
40989,0.43,0.042,0.042
40990,0.41,0.036,0.036
40991,0.422,0.02,0.02
40992,0.43,0.018,0.018
40993,0.426,0.016,0.016
40994,0.42,0.016,0.016
40995,0.434,0.01,0.01
40996,0.422,0.01,0.01
40997,0.428,0.004,0.004
40998,0.44,0.004,0.004
40999,0.428,0.004,0.004
41000,0.428,0.004,0.004
41001,0.418,0,0
41002,0.41,0,0
41003,0.416,0,0
41004,0.402,0,0
41005,0.398,0,0
41006,0.394,0,0
41007,0.396,0,0
41008,0.384,0,0
41009,0.378,0,0
41010,0.37,0,0
41011,0.36,0,0
41012,0.35,0,0
41013,0.35,0,0
41014,0.346,0,0
41015,0.342,0,0
41016,0.336,0,0
41017,0.332,0,0
41018,0.326,0,0
41019,0.314,0,0
41020,0.318,0,0
41021,0.312,0,0
41022,0.294,0,0
41023,0.292,0,0
41024,0.294,0,0
41025,0.288,0,0
41026,0.284,0,0
41027,0.292,0,0
41028,0.306,0,0
41029,0.296,0,0
41030,0.282,0,0
41031,0.268,0,0
41032,0.24,0,0
41033,0.224,0,0
41034,0.218,0,0
41035,0.184,0,0
41036,0.182,0,0
41037,0.17,0,0
41038,0.166,0,0
41039,0.152,0,0
41040,0.148,0,0
41041,0.12,0,0
41042,0.116,0,0
41043,0.102,0,0
41044,0.066,0,0
41045,0.042,0,0
41046,0.036,0,0
41047,0.02,0,0
41048,0.018,0,0
41049,0.016,0,0
41050,0.016,0,0
41051,0.01,0,0
41052,0.01,0,0
41053,0.004,0,0
41054,0.004,0,0
41055,0.004,0,0
41056,0.004,0,0
41057,0,0,0
41058,0,0,0
41059,0,0,0
41060,0,0,0
41061,0,0,0
41062,0,0,0
41063,0,0,0
41064,0,0,0
41065,0,0,0
41066,0,0,0
41067,0,0,0
41068,0,0,0
41069,0,0,0
41070,0,0,0
41071,0,0,0
41072,0,0,0
41073,0,0,0
41074,0,0,0
41075,0,0,0
41076,0,0,0
41077,0,0,0
41078,0,0,0
41079,0,0,0
41080,0,0,0
41081,0,0,0
41082,0,0,0
41083,0,0,0
41084,0,0,0
41085,0,0,0
41086,0,0,0
41087,0,0,0
41088,0,0,0
41089,0,0,0
41090,0,0,0
41091,0,0,0
41092,0,0,0
41093,0,0,0
41094,0,0,0
41095,0,0,0
41096,0,0,0
41097,0,0,0
41098,0,0,0
41099,0,0,0
41100,0,0,0
41101,0,0,0
41102,0,0,0
41103,0,0,0
41104,0,0,0
41105,0,0,0
41106,0,0,0
41107,0.008,0.008,0.008
41108,0,0,0
41109,0,0,0
41110,0,0,0
41111,0,0,0
41112,0,0,0
41113,0,0,0
41114,0,0,0
41115,0,0,0
41116,0,0,0
41117,0,0,0
41118,0,0,0
41119,0,0,0
41120,0,0,0
41121,0,0,0
41122,0,0,0
41123,0,0,0
41124,0,0,0
41125,0,0,0
41126,0,0,0
41127,0,0,0
41128,0,0,0
41129,0,0,0
41130,0,0,0
41131,0,0,0
41132,0,0,0
41133,0,0,0
41134,0,0,0
41135,0,0,0
41136,0,0,0
41137,0.004,0.004,0.004
41138,0,0,0
41139,0,0,0
41140,0,0,0
41141,0,0,0
41142,0,0,0
41143,0,0,0
41144,0,0,0
41145,0,0,0
41146,0,0,0
41147,0,0,0
41148,0,0,0
41149,0.004,0.004,0.004
41150,0.01,0.01,0.01
41151,0.014,0.014,0.014
41152,0.018,0.018,0.018
41153,0.02,0.02,0.02
41154,0.018,0.018,0.018
41155,0.018,0.018,0.018
41156,0.052,0.052,0.052
41157,0.052,0.052,0.052
41158,0.052,0.052,0.052
41159,0.046,0.046,0.046
41160,0.044,0.044,0.044
41161,0.044,0.044,0.044
41162,0.05,0.05,0.05
41163,0.046,0.046,0.046
41164,0.044,0.044,0.044
41165,0.038,0.038,0.038
41166,0.038,0.038,0.038
41167,0.038,0.038,0.038
41168,0.048,0.048,0.048
41169,0.058,0.058,0.058
41170,0.068,0.068,0.068
41171,0.058,0.058,0.058
41172,0.054,0.054,0.054
41173,0.05,0.05,0.05
41174,0.072,0.072,0.072
41175,0.088,0.088,0.088
41176,0.11,0.11,0.11
41177,0.098,0.098,0.098
41178,0.112,0.112,0.112
41179,0.104,0.104,0.104
41180,0.134,0.134,0.134
41181,0.14,0.14,0.14
41182,0.122,0.122,0.122
41183,0.118,0.118,0.118
41184,0.12,0.12,0.12
41185,0.106,0.106,0.106
41186,0.072,0.072,0.072
41187,0.054,0.054,0.054
41188,0.054,0.054,0.054
41189,0.12,0.12,0.12
41190,0.168,0.168,0.168
41191,0.15,0.15,0.15
41192,0.128,0.128,0.128
41193,0.124,0.124,0.124
41194,0.146,0.146,0.146
41195,0.146,0.146,0.146
41196,0.144,0.144,0.144
41197,0.136,0.136,0.136
41198,0.132,0.132,0.132
41199,0.118,0.118,0.118
41200,0.13,0.13,0.13
41201,0.106,0.106,0.106
41202,0.116,0.116,0.116
41203,0.126,0.126,0.126
41204,0.12,0.12,0.12
41205,0.14,0.14,0.14
41206,0.126,0.126,0.126
41207,0.122,0.122,0.122
41208,0.118,0.118,0.118
41209,0.106,0.106,0.106
41210,0.118,0.118,0.118
41211,0.12,0.12,0.12
41212,0.108,0.108,0.108
41213,0.124,0.124,0.124
41214,0.126,0.126,0.126
41215,0.106,0.106,0.106
41216,0.098,0.098,0.098
41217,0.106,0.106,0.106
41218,0.116,0.116,0.116
41219,0.116,0.116,0.116
41220,0.13,0.13,0.13
41221,0.148,0.148,0.148
41222,0.154,0.154,0.154
41223,0.134,0.134,0.134
41224,0.154,0.154,0.154
41225,0.132,0.132,0.132
41226,0.126,0.126,0.126
41227,0.122,0.122,0.122
41228,0.134,0.134,0.134
41229,0.142,0.142,0.142
41230,0.136,0.136,0.136
41231,0.122,0.122,0.122
41232,0.16,0.16,0.16
41233,0.188,0.188,0.188
41234,0.154,0.154,0.154
41235,0.188,0.188,0.188
41236,0.17,0.17,0.17
41237,0.174,0.174,0.174
41238,0.17,0.17,0.17
41239,0.162,0.162,0.162
41240,0.158,0.158,0.158
41241,0.156,0.156,0.156
41242,0.164,0.164,0.164
41243,0.16,0.16,0.16
41244,0.164,0.164,0.164
41245,0.112,0.112,0.112
41246,0.154,0.154,0.154
41247,0.154,0.154,0.154
41248,0.154,0.154,0.154
41249,0.158,0.158,0.158
41250,0.156,0.156,0.156
41251,0.156,0.156,0.156
41252,0.16,0.16,0.16
41253,0.138,0.138,0.138
41254,0.15,0.15,0.15
41255,0.154,0.154,0.154
41256,0.162,0.162,0.162
41257,0.172,0.172,0.172
41258,0.17,0.17,0.17
41259,0.19,0.19,0.19
41260,0.23,0.23,0.23
41261,0.274,0.274,0.274
41262,0.246,0.246,0.246
41263,0.24,0.24,0.24
41264,0.276,0.276,0.276
41265,0.308,0.308,0.308
41266,0.248,0.248,0.248
41267,0.264,0.264,0.264
41268,0.262,0.262,0.262
41269,0.304,0.304,0.304
41270,0.302,0.302,0.302
41271,0.29,0.29,0.29
41272,0.246,0.246,0.246
41273,0.248,0.248,0.248
41274,0.244,0.244,0.244
41275,0.222,0.222,0.222
41276,0.228,0.228,0.228
41277,0.234,0.234,0.234
41278,0.238,0.238,0.238
41279,0.246,0.246,0.246
41280,0.242,0.242,0.242
41281,0.248,0.248,0.248
41282,0.238,0.238,0.238
41283,0.25,0.25,0.25
41284,0.248,0.248,0.248
41285,0.248,0.248,0.248
41286,0.278,0.278,0.278
41287,0.268,0.268,0.268
41288,0.274,0.274,0.274
41289,0.272,0.272,0.272
41290,0.276,0.276,0.276
41291,0.28,0.28,0.28
41292,0.288,0.288,0.288
41293,0.302,0.302,0.302
41294,0.298,0.298,0.298
41295,0.31,0.31,0.31
41296,0.312,0.312,0.312
41297,0.358,0.358,0.358
41298,0.342,0.342,0.342
41299,0.338,0.338,0.338
41300,0.338,0.338,0.338
41301,0.344,0.344,0.344
41302,0.342,0.342,0.342
41303,0.33,0.33,0.33
41304,0.332,0.332,0.332
41305,0.342,0.342,0.342
41306,0.336,0.336,0.336
41307,0.382,0.382,0.382
41308,0.368,0.368,0.368
41309,0.35,0.35,0.35
41310,0.376,0.376,0.376
41311,0.406,0.406,0.406
41312,0.39,0.39,0.39
41313,0.39,0.39,0.39
41314,0.372,0.372,0.372
41315,0.368,0.368,0.368
41316,0.38,0.38,0.38
41317,0.368,0.368,0.368
41318,0.372,0.372,0.372
41319,0.358,0.358,0.358
41320,0.366,0.366,0.366
41321,0.372,0.372,0.372
41322,0.382,0.382,0.382
41323,0.388,0.388,0.388
41324,0.39,0.39,0.39
41325,0.382,0.382,0.382
41326,0.386,0.386,0.386
41327,0.416,0.416,0.416
41328,0.406,0.406,0.406
41329,0.406,0.406,0.406
41330,0.404,0.404,0.404
41331,0.404,0.404,0.404
41332,0.402,0.402,0.402
41333,0.404,0.404,0.404
41334,0.426,0.426,0.426
41335,0.422,0.422,0.422
41336,0.418,0.418,0.418
41337,0.418,0.418,0.418
41338,0.412,0.296,0.296
41339,0.414,0.282,0.282
41340,0.398,0.268,0.268
41341,0.388,0.24,0.24
41342,0.39,0.224,0.224
41343,0.378,0.218,0.218
41344,0.374,0.184,0.184
41345,0.384,0.182,0.182
41346,0.446,0.17,0.17
41347,0.432,0.166,0.166
41348,0.442,0.152,0.152
41349,0.44,0.148,0.148
41350,0.432,0.12,0.12
41351,0.436,0.116,0.116
41352,0.432,0.102,0.102
41353,0.43,0.066,0.066
41354,0.43,0.042,0.042
41355,0.41,0.036,0.036
41356,0.422,0.02,0.02
41357,0.43,0.018,0.018
41358,0.426,0.016,0.016
41359,0.42,0.016,0.016
41360,0.434,0.01,0.01
41361,0.422,0.01,0.01
41362,0.428,0.004,0.004
41363,0.44,0.004,0.004
41364,0.428,0.004,0.004
41365,0.428,0.004,0.004
41366,0.418,0,0
41367,0.41,0,0
41368,0.416,0,0
41369,0.402,0,0
41370,0.398,0,0
41371,0.394,0,0
41372,0.396,0,0
41373,0.384,0,0
41374,0.378,0,0
41375,0.37,0,0
41376,0.36,0,0
41377,0.35,0,0
41378,0.35,0,0
41379,0.346,0,0
41380,0.342,0,0
41381,0.336,0,0
41382,0.332,0,0
41383,0.326,0,0
41384,0.314,0,0
41385,0.318,0,0
41386,0.312,0,0
41387,0.294,0,0
41388,0.292,0,0
41389,0.294,0,0
41390,0.288,0,0
41391,0.284,0,0
41392,0.292,0,0
41393,0.306,0,0
41394,0.296,0,0
41395,0.282,0,0
41396,0.268,0,0
41397,0.24,0,0
41398,0.224,0,0
41399,0.218,0,0
41400,0.184,0,0
41401,0.182,0,0
41402,0.17,0,0
41403,0.166,0,0
41404,0.152,0,0
41405,0.148,0,0
41406,0.12,0,0
41407,0.116,0,0
41408,0.102,0,0
41409,0.066,0,0
41410,0.042,0,0
41411,0.036,0,0
41412,0.02,0,0
41413,0.018,0,0
41414,0.016,0,0
41415,0.016,0,0
41416,0.01,0,0
41417,0.01,0,0
41418,0.004,0,0
41419,0.004,0,0
41420,0.004,0,0
41421,0.004,0,0
41422,0,0,0
41423,0,0,0
41424,0,0,0
41425,0,0,0
41426,0,0,0
41427,0,0,0
41428,0,0,0
41429,0,0,0
41430,0,0,0
41431,0,0,0
41432,0,0,0
41433,0,0,0
41434,0,0,0
41435,0,0,0
41436,0,0,0
41437,0,0,0
41438,0,0,0
41439,0,0,0
41440,0,0,0
41441,0,0,0
41442,0,0,0
41443,0,0,0
41444,0,0,0
41445,0,0,0
41446,0,0,0
41447,0,0,0
41448,0,0,0
41449,0,0,0
41450,0,0,0
41451,0,0,0
41452,0,0,0
41453,0,0,0
41454,0,0,0
41455,0,0,0
41456,0,0,0
41457,0,0,0
41458,0,0,0
41459,0,0,0
41460,0,0,0
41461,0,0,0
41462,0,0,0
41463,0,0,0
41464,0,0,0
41465,0,0,0
41466,0,0,0
41467,0,0,0
41468,0,0,0
41469,0,0,0
41470,0,0,0
41471,0,0,0
41472,0.008,0.008,0.008
41473,0,0,0
41474,0,0,0
41475,0,0,0
41476,0,0,0
41477,0,0,0
41478,0,0,0
41479,0,0,0
41480,0,0,0
41481,0,0,0
41482,0,0,0
41483,0,0,0
41484,0,0,0
41485,0,0,0
41486,0,0,0
41487,0,0,0
41488,0,0,0
41489,0,0,0
41490,0,0,0
41491,0,0,0
41492,0,0,0
41493,0,0,0
41494,0,0,0
41495,0,0,0
41496,0,0,0
41497,0,0,0
41498,0,0,0
41499,0,0,0
41500,0,0,0
41501,0,0,0
41502,0.004,0.004,0.004
41503,0,0,0
41504,0,0,0
41505,0,0,0
41506,0,0,0
41507,0,0,0
41508,0,0,0
41509,0,0,0
41510,0,0,0
41511,0,0,0
41512,0,0,0
41513,0,0,0
41514,0.004,0.004,0.004
41515,0.01,0.01,0.01
41516,0.014,0.014,0.014
41517,0.018,0.018,0.018
41518,0.02,0.02,0.02
41519,0.018,0.018,0.018
41520,0.018,0.018,0.018
41521,0.052,0.052,0.052
41522,0.052,0.052,0.052
41523,0.052,0.052,0.052
41524,0.046,0.046,0.046
41525,0.044,0.044,0.044
41526,0.044,0.044,0.044
41527,0.05,0.05,0.05
41528,0.046,0.046,0.046
41529,0.044,0.044,0.044
41530,0.038,0.038,0.038
41531,0.038,0.038,0.038
41532,0.038,0.038,0.038
41533,0.048,0.048,0.048
41534,0.058,0.058,0.058
41535,0.068,0.068,0.068
41536,0.058,0.058,0.058
41537,0.054,0.054,0.054
41538,0.05,0.05,0.05
41539,0.072,0.072,0.072
41540,0.088,0.088,0.088
41541,0.11,0.11,0.11
41542,0.098,0.098,0.098
41543,0.112,0.112,0.112
41544,0.104,0.104,0.104
41545,0.134,0.134,0.134
41546,0.14,0.14,0.14
41547,0.122,0.122,0.122
41548,0.118,0.118,0.118
41549,0.12,0.12,0.12
41550,0.106,0.106,0.106
41551,0.072,0.072,0.072
41552,0.054,0.054,0.054
41553,0.054,0.054,0.054
41554,0.12,0.12,0.12
41555,0.168,0.168,0.168
41556,0.15,0.15,0.15
41557,0.128,0.128,0.128
41558,0.124,0.124,0.124
41559,0.146,0.146,0.146
41560,0.146,0.146,0.146
41561,0.144,0.144,0.144
41562,0.136,0.136,0.136
41563,0.132,0.132,0.132
41564,0.118,0.118,0.118
41565,0.13,0.13,0.13
41566,0.106,0.106,0.106
41567,0.116,0.116,0.116
41568,0.126,0.126,0.126
41569,0.12,0.12,0.12
41570,0.14,0.14,0.14
41571,0.126,0.126,0.126
41572,0.122,0.122,0.122
41573,0.118,0.118,0.118
41574,0.106,0.106,0.106
41575,0.118,0.118,0.118
41576,0.12,0.12,0.12
41577,0.108,0.108,0.108
41578,0.124,0.124,0.124
41579,0.126,0.126,0.126
41580,0.106,0.106,0.106
41581,0.098,0.098,0.098
41582,0.106,0.106,0.106
41583,0.116,0.116,0.116
41584,0.116,0.116,0.116
41585,0.13,0.13,0.13
41586,0.148,0.148,0.148
41587,0.154,0.154,0.154
41588,0.134,0.134,0.134
41589,0.154,0.154,0.154
41590,0.132,0.132,0.132
41591,0.126,0.126,0.126
41592,0.122,0.122,0.122
41593,0.134,0.134,0.134
41594,0.142,0.142,0.142
41595,0.136,0.136,0.136
41596,0.122,0.122,0.122
41597,0.16,0.16,0.16
41598,0.188,0.188,0.188
41599,0.154,0.154,0.154
41600,0.188,0.188,0.188
41601,0.17,0.17,0.17
41602,0.174,0.174,0.174
41603,0.17,0.17,0.17
41604,0.162,0.162,0.162
41605,0.158,0.158,0.158
41606,0.156,0.156,0.156
41607,0.164,0.164,0.164
41608,0.16,0.16,0.16
41609,0.164,0.164,0.164
41610,0.112,0.112,0.112
41611,0.154,0.154,0.154
41612,0.154,0.154,0.154
41613,0.154,0.154,0.154
41614,0.158,0.158,0.158
41615,0.156,0.156,0.156
41616,0.156,0.156,0.156
41617,0.16,0.16,0.16
41618,0.138,0.138,0.138
41619,0.15,0.15,0.15
41620,0.154,0.154,0.154
41621,0.162,0.162,0.162
41622,0.172,0.172,0.172
41623,0.17,0.17,0.17
41624,0.19,0.19,0.19
41625,0.23,0.23,0.23
41626,0.274,0.274,0.274
41627,0.246,0.246,0.246
41628,0.24,0.24,0.24
41629,0.276,0.276,0.276
41630,0.308,0.308,0.308
41631,0.248,0.248,0.248
41632,0.264,0.264,0.264
41633,0.262,0.262,0.262
41634,0.304,0.304,0.304
41635,0.302,0.302,0.302
41636,0.29,0.29,0.29
41637,0.246,0.246,0.246
41638,0.248,0.248,0.248
41639,0.244,0.244,0.244
41640,0.222,0.222,0.222
41641,0.228,0.228,0.228
41642,0.234,0.234,0.234
41643,0.238,0.238,0.238
41644,0.246,0.246,0.246
41645,0.242,0.242,0.242
41646,0.248,0.248,0.248
41647,0.238,0.238,0.238
41648,0.25,0.25,0.25
41649,0.248,0.248,0.248
41650,0.248,0.248,0.248
41651,0.278,0.278,0.278
41652,0.268,0.268,0.268
41653,0.274,0.274,0.274
41654,0.272,0.272,0.272
41655,0.276,0.276,0.276
41656,0.28,0.28,0.28
41657,0.288,0.288,0.288
41658,0.302,0.302,0.302
41659,0.298,0.298,0.298
41660,0.31,0.31,0.31
41661,0.312,0.312,0.312
41662,0.358,0.358,0.358
41663,0.342,0.342,0.342
41664,0.338,0.338,0.338
41665,0.338,0.338,0.338
41666,0.344,0.344,0.344
41667,0.342,0.342,0.342
41668,0.33,0.33,0.33
41669,0.332,0.332,0.332
41670,0.342,0.342,0.342
41671,0.336,0.336,0.336
41672,0.382,0.382,0.382
41673,0.368,0.368,0.368
41674,0.35,0.35,0.35
41675,0.376,0.376,0.376
41676,0.406,0.406,0.406
41677,0.39,0.39,0.39
41678,0.39,0.39,0.39
41679,0.372,0.372,0.372
41680,0.368,0.368,0.368
41681,0.38,0.38,0.38
41682,0.368,0.368,0.368
41683,0.372,0.372,0.372
41684,0.358,0.358,0.358
41685,0.366,0.366,0.366
41686,0.372,0.372,0.372
41687,0.382,0.382,0.382
41688,0.388,0.388,0.388
41689,0.39,0.39,0.39
41690,0.382,0.382,0.382
41691,0.386,0.386,0.386
41692,0.416,0.416,0.416
41693,0.406,0.406,0.406
41694,0.406,0.406,0.406
41695,0.404,0.404,0.404
41696,0.404,0.404,0.404
41697,0.402,0.402,0.402
41698,0.404,0.404,0.404
41699,0.426,0.426,0.426
41700,0.422,0.422,0.422
41701,0.418,0.418,0.418
41702,0.418,0.296,0.296
41703,0.412,0.282,0.282
41704,0.414,0.268,0.268
41705,0.398,0.24,0.24
41706,0.388,0.224,0.224
41707,0.39,0.218,0.218
41708,0.378,0.184,0.184
41709,0.374,0.182,0.182
41710,0.384,0.17,0.17
41711,0.446,0.166,0.166
41712,0.432,0.152,0.152
41713,0.442,0.148,0.148
41714,0.44,0.12,0.12
41715,0.432,0.116,0.116
41716,0.436,0.102,0.102
41717,0.432,0.066,0.066
41718,0.43,0.042,0.042
41719,0.43,0.036,0.036
41720,0.41,0.02,0.02
41721,0.422,0.018,0.018
41722,0.43,0.016,0.016
41723,0.426,0.016,0.016
41724,0.42,0.01,0.01
41725,0.434,0.01,0.01
41726,0.422,0.004,0.004
41727,0.428,0.004,0.004
41728,0.44,0.004,0.004
41729,0.428,0.004,0.004
41730,0.428,0,0
41731,0.418,0,0
41732,0.41,0,0
41733,0.416,0,0
41734,0.402,0,0
41735,0.398,0,0
41736,0.394,0,0
41737,0.396,0,0
41738,0.384,0,0
41739,0.378,0,0
41740,0.37,0,0
41741,0.36,0,0
41742,0.35,0,0
41743,0.35,0,0
41744,0.346,0,0
41745,0.342,0,0
41746,0.336,0,0
41747,0.332,0,0
41748,0.326,0,0
41749,0.314,0,0
41750,0.318,0,0
41751,0.312,0,0
41752,0.294,0,0
41753,0.292,0,0
41754,0.294,0,0
41755,0.288,0,0
41756,0.284,0,0
41757,0.292,0,0
41758,0.306,0,0
41759,0.296,0,0
41760,0.282,0,0
41761,0.268,0,0
41762,0.24,0,0
41763,0.224,0,0
41764,0.218,0,0
41765,0.184,0,0
41766,0.182,0,0
41767,0.17,0,0
41768,0.166,0,0
41769,0.152,0,0
41770,0.148,0,0
41771,0.12,0,0
41772,0.116,0,0
41773,0.102,0,0
41774,0.066,0,0
41775,0.042,0,0
41776,0.036,0,0
41777,0.02,0,0
41778,0.018,0,0
41779,0.016,0,0
41780,0.016,0,0
41781,0.01,0,0
41782,0.01,0,0
41783,0.004,0,0
41784,0.004,0,0
41785,0.004,0,0
41786,0.004,0,0
41787,0,0,0
41788,0,0,0
41789,0,0,0
41790,0,0,0
41791,0,0,0
41792,0,0,0
41793,0,0,0
41794,0,0,0
41795,0,0,0
41796,0,0,0
41797,0,0,0
41798,0,0,0
41799,0,0,0
41800,0,0,0
41801,0,0,0
41802,0,0,0
41803,0,0,0
41804,0,0,0
41805,0,0,0
41806,0,0,0
41807,0,0,0
41808,0,0,0
41809,0,0,0
41810,0,0,0
41811,0,0,0
41812,0,0,0
41813,0,0,0
41814,0,0,0
41815,0,0,0
41816,0,0,0
41817,0,0,0
41818,0,0,0
41819,0,0,0
41820,0,0,0
41821,0,0,0
41822,0,0,0
41823,0,0,0
41824,0,0,0
41825,0,0,0
41826,0,0,0
41827,0,0,0
41828,0,0,0
41829,0,0,0
41830,0,0,0
41831,0,0,0
41832,0,0,0
41833,0,0,0
41834,0,0,0
41835,0,0,0
41836,0,0,0
41837,0.008,0.008,0.008
41838,0,0,0
41839,0,0,0
41840,0,0,0
41841,0,0,0
41842,0,0,0
41843,0,0,0
41844,0,0,0
41845,0,0,0
41846,0,0,0
41847,0,0,0
41848,0,0,0
41849,0,0,0
41850,0,0,0
41851,0,0,0
41852,0,0,0
41853,0,0,0
41854,0,0,0
41855,0,0,0
41856,0,0,0
41857,0,0,0
41858,0,0,0
41859,0,0,0
41860,0,0,0
41861,0,0,0
41862,0,0,0
41863,0,0,0
41864,0,0,0
41865,0,0,0
41866,0,0,0
41867,0.004,0.004,0.004
41868,0,0,0
41869,0,0,0
41870,0,0,0
41871,0,0,0
41872,0,0,0
41873,0,0,0
41874,0,0,0
41875,0,0,0
41876,0,0,0
41877,0,0,0
41878,0,0,0
41879,0.004,0.004,0.004
41880,0.01,0.01,0.01
41881,0.014,0.014,0.014
41882,0.018,0.018,0.018
41883,0.02,0.02,0.02
41884,0.018,0.018,0.018
41885,0.018,0.018,0.018
41886,0.052,0.052,0.052
41887,0.052,0.052,0.052
41888,0.052,0.052,0.052
41889,0.046,0.046,0.046
41890,0.044,0.044,0.044
41891,0.044,0.044,0.044
41892,0.05,0.05,0.05
41893,0.046,0.046,0.046
41894,0.044,0.044,0.044
41895,0.038,0.038,0.038
41896,0.038,0.038,0.038
41897,0.038,0.038,0.038
41898,0.048,0.048,0.048
41899,0.058,0.058,0.058
41900,0.068,0.068,0.068
41901,0.058,0.058,0.058
41902,0.054,0.054,0.054
41903,0.05,0.05,0.05
41904,0.072,0.072,0.072
41905,0.088,0.088,0.088
41906,0.11,0.11,0.11
41907,0.098,0.098,0.098
41908,0.112,0.112,0.112
41909,0.104,0.104,0.104
41910,0.134,0.134,0.134
41911,0.14,0.14,0.14
41912,0.122,0.122,0.122
41913,0.118,0.118,0.118
41914,0.12,0.12,0.12
41915,0.106,0.106,0.106
41916,0.072,0.072,0.072
41917,0.054,0.054,0.054
41918,0.054,0.054,0.054
41919,0.12,0.12,0.12
41920,0.168,0.168,0.168
41921,0.15,0.15,0.15
41922,0.128,0.128,0.128
41923,0.124,0.124,0.124
41924,0.146,0.146,0.146
41925,0.146,0.146,0.146
41926,0.144,0.144,0.144
41927,0.136,0.136,0.136
41928,0.132,0.132,0.132
41929,0.118,0.118,0.118
41930,0.13,0.13,0.13
41931,0.106,0.106,0.106
41932,0.116,0.116,0.116
41933,0.126,0.126,0.126
41934,0.12,0.12,0.12
41935,0.14,0.14,0.14
41936,0.126,0.126,0.126
41937,0.122,0.122,0.122
41938,0.118,0.118,0.118
41939,0.106,0.106,0.106
41940,0.118,0.118,0.118
41941,0.12,0.12,0.12
41942,0.108,0.108,0.108
41943,0.124,0.124,0.124
41944,0.126,0.126,0.126
41945,0.106,0.106,0.106
41946,0.098,0.098,0.098
41947,0.106,0.106,0.106
41948,0.116,0.116,0.116
41949,0.116,0.116,0.116
41950,0.13,0.13,0.13
41951,0.148,0.148,0.148
41952,0.154,0.154,0.154
41953,0.134,0.134,0.134
41954,0.154,0.154,0.154
41955,0.132,0.132,0.132
41956,0.126,0.126,0.126
41957,0.122,0.122,0.122
41958,0.134,0.134,0.134
41959,0.142,0.142,0.142
41960,0.136,0.136,0.136
41961,0.122,0.122,0.122
41962,0.16,0.16,0.16
41963,0.188,0.188,0.188
41964,0.154,0.154,0.154
41965,0.188,0.188,0.188
41966,0.17,0.17,0.17
41967,0.174,0.174,0.174
41968,0.17,0.17,0.17
41969,0.162,0.162,0.162
41970,0.158,0.158,0.158
41971,0.156,0.156,0.156
41972,0.164,0.164,0.164
41973,0.16,0.16,0.16
41974,0.164,0.164,0.164
41975,0.112,0.112,0.112
41976,0.154,0.154,0.154
41977,0.154,0.154,0.154
41978,0.154,0.154,0.154
41979,0.158,0.158,0.158
41980,0.156,0.156,0.156
41981,0.156,0.156,0.156
41982,0.16,0.16,0.16
41983,0.138,0.138,0.138
41984,0.15,0.15,0.15
41985,0.154,0.154,0.154
41986,0.162,0.162,0.162
41987,0.172,0.172,0.172
41988,0.17,0.17,0.17
41989,0.19,0.19,0.19
41990,0.23,0.23,0.23
41991,0.274,0.274,0.274
41992,0.246,0.246,0.246
41993,0.24,0.24,0.24
41994,0.276,0.276,0.276
41995,0.308,0.308,0.308
41996,0.248,0.248,0.248
41997,0.264,0.264,0.264
41998,0.262,0.262,0.262
41999,0.304,0.304,0.304
42000,0.302,0.302,0.302
42001,0.29,0.29,0.29
42002,0.246,0.246,0.246
42003,0.248,0.248,0.248
42004,0.244,0.244,0.244
42005,0.222,0.222,0.222
42006,0.228,0.228,0.228
42007,0.234,0.234,0.234
42008,0.238,0.238,0.238
42009,0.246,0.246,0.246
42010,0.242,0.242,0.242
42011,0.248,0.248,0.248
42012,0.238,0.238,0.238
42013,0.25,0.25,0.25
42014,0.248,0.248,0.248
42015,0.248,0.248,0.248
42016,0.278,0.278,0.278
42017,0.268,0.268,0.268
42018,0.274,0.274,0.274
42019,0.272,0.272,0.272
42020,0.276,0.276,0.276
42021,0.28,0.28,0.28
42022,0.288,0.288,0.288
42023,0.302,0.302,0.302
42024,0.298,0.298,0.298
42025,0.31,0.31,0.31
42026,0.312,0.312,0.312
42027,0.358,0.358,0.358
42028,0.342,0.342,0.342
42029,0.338,0.338,0.338
42030,0.338,0.338,0.338
42031,0.344,0.344,0.344
42032,0.342,0.342,0.342
42033,0.33,0.33,0.33
42034,0.332,0.332,0.332
42035,0.342,0.342,0.342
42036,0.336,0.336,0.336
42037,0.382,0.382,0.382
42038,0.368,0.368,0.368
42039,0.35,0.35,0.35
42040,0.376,0.376,0.376
42041,0.406,0.406,0.406
42042,0.39,0.39,0.39
42043,0.39,0.39,0.39
42044,0.372,0.372,0.372
42045,0.368,0.368,0.368
42046,0.38,0.38,0.38
42047,0.368,0.368,0.368
42048,0.372,0.372,0.372
42049,0.358,0.358,0.358
42050,0.366,0.366,0.366
42051,0.372,0.372,0.372
42052,0.382,0.382,0.382
42053,0.388,0.388,0.388
42054,0.39,0.39,0.39
42055,0.382,0.382,0.382
42056,0.386,0.386,0.386
42057,0.416,0.416,0.416
42058,0.406,0.406,0.406
42059,0.406,0.406,0.406
42060,0.404,0.404,0.404
42061,0.404,0.404,0.404
42062,0.402,0.402,0.402
42063,0.404,0.404,0.404
42064,0.426,0.426,0.426
42065,0.422,0.422,0.422
42066,0.418,0.418,0.418
42067,0.418,0.296,0.296
42068,0.412,0.282,0.282
42069,0.414,0.268,0.268
42070,0.398,0.24,0.24
42071,0.388,0.224,0.224
42072,0.39,0.218,0.218
42073,0.378,0.184,0.184
42074,0.374,0.182,0.182
42075,0.384,0.17,0.17
42076,0.446,0.166,0.166
42077,0.432,0.152,0.152
42078,0.442,0.148,0.148
42079,0.44,0.12,0.12
42080,0.432,0.116,0.116
42081,0.436,0.102,0.102
42082,0.432,0.066,0.066
42083,0.43,0.042,0.042
42084,0.43,0.036,0.036
42085,0.41,0.02,0.02
42086,0.422,0.018,0.018
42087,0.43,0.016,0.016
42088,0.426,0.016,0.016
42089,0.42,0.01,0.01
42090,0.434,0.01,0.01
42091,0.422,0.004,0.004
42092,0.428,0.004,0.004
42093,0.44,0.004,0.004
42094,0.428,0.004,0.004
42095,0.428,0,0
42096,0.418,0,0
42097,0.41,0,0
42098,0.416,0,0
42099,0.402,0,0
42100,0.398,0,0
42101,0.394,0,0
42102,0.396,0,0
42103,0.384,0,0
42104,0.378,0,0
42105,0.37,0,0
42106,0.36,0,0
42107,0.35,0,0
42108,0.35,0,0
42109,0.346,0,0
42110,0.342,0,0
42111,0.336,0,0
42112,0.332,0,0
42113,0.326,0,0
42114,0.314,0,0
42115,0.318,0,0
42116,0.312,0,0
42117,0.294,0,0
42118,0.292,0,0
42119,0.294,0,0
42120,0.288,0,0
42121,0.284,0,0
42122,0.292,0,0
42123,0.306,0,0
42124,0.296,0,0
42125,0.282,0,0
42126,0.268,0,0
42127,0.24,0,0
42128,0.224,0,0
42129,0.218,0,0
42130,0.184,0,0
42131,0.182,0,0
42132,0.17,0,0
42133,0.166,0,0
42134,0.152,0,0
42135,0.148,0,0
42136,0.12,0,0
42137,0.116,0,0
42138,0.102,0,0
42139,0.066,0,0
42140,0.042,0,0
42141,0.036,0,0
42142,0.02,0,0
42143,0.018,0,0
42144,0.016,0,0
42145,0.016,0,0
42146,0.01,0,0
42147,0.01,0,0
42148,0.004,0,0
42149,0.004,0,0
42150,0.004,0,0
42151,0.004,0,0
42152,0,0,0
42153,0,0,0
42154,0,0,0
42155,0,0,0
42156,0,0,0
42157,0,0,0
42158,0,0,0
42159,0,0,0
42160,0,0,0
42161,0,0,0
42162,0,0,0
42163,0,0,0
42164,0,0,0
42165,0,0,0
42166,0,0,0
42167,0,0,0
42168,0,0,0
42169,0,0,0
42170,0,0,0
42171,0,0,0
42172,0,0,0
42173,0,0,0
42174,0,0,0
42175,0,0,0
42176,0,0,0
42177,0,0,0
42178,0,0,0
42179,0,0,0
42180,0,0,0
42181,0,0,0
42182,0,0,0
42183,0,0,0
42184,0,0,0
42185,0,0,0
42186,0,0,0
42187,0,0,0
42188,0,0,0
42189,0,0,0
42190,0,0,0
42191,0,0,0
42192,0,0,0
42193,0,0,0
42194,0,0,0
42195,0,0,0
42196,0,0,0
42197,0,0,0
42198,0,0,0
42199,0,0,0
42200,0,0,0
42201,0,0,0
42202,0.008,0.008,0.008
42203,0,0,0
42204,0,0,0
42205,0,0,0
42206,0,0,0
42207,0,0,0
42208,0,0,0
42209,0,0,0
42210,0,0,0
42211,0,0,0
42212,0,0,0
42213,0,0,0
42214,0,0,0
42215,0,0,0
42216,0,0,0
42217,0,0,0
42218,0,0,0
42219,0,0,0
42220,0,0,0
42221,0,0,0
42222,0,0,0
42223,0,0,0
42224,0,0,0
42225,0,0,0
42226,0,0,0
42227,0,0,0
42228,0,0,0
42229,0,0,0
42230,0,0,0
42231,0,0,0
42232,0.004,0.004,0.004
42233,0,0,0
42234,0,0,0
42235,0,0,0
42236,0,0,0
42237,0,0,0
42238,0,0,0
42239,0,0,0
42240,0,0,0
42241,0,0,0
42242,0,0,0
42243,0,0,0
42244,0.004,0.004,0.004
42245,0.01,0.01,0.01
42246,0.014,0.014,0.014
42247,0.018,0.018,0.018
42248,0.02,0.02,0.02
42249,0.018,0.018,0.018
42250,0.018,0.018,0.018
42251,0.052,0.052,0.052
42252,0.052,0.052,0.052
42253,0.052,0.052,0.052
42254,0.046,0.046,0.046
42255,0.044,0.044,0.044
42256,0.044,0.044,0.044
42257,0.05,0.05,0.05
42258,0.046,0.046,0.046
42259,0.044,0.044,0.044
42260,0.038,0.038,0.038
42261,0.038,0.038,0.038
42262,0.038,0.038,0.038
42263,0.048,0.048,0.048
42264,0.058,0.058,0.058
42265,0.068,0.068,0.068
42266,0.058,0.058,0.058
42267,0.054,0.054,0.054
42268,0.05,0.05,0.05
42269,0.072,0.072,0.072
42270,0.088,0.088,0.088
42271,0.11,0.11,0.11
42272,0.098,0.098,0.098
42273,0.112,0.112,0.112
42274,0.104,0.104,0.104
42275,0.134,0.134,0.134
42276,0.14,0.14,0.14
42277,0.122,0.122,0.122
42278,0.118,0.118,0.118
42279,0.12,0.12,0.12
42280,0.106,0.106,0.106
42281,0.072,0.072,0.072
42282,0.054,0.054,0.054
42283,0.054,0.054,0.054
42284,0.12,0.12,0.12
42285,0.168,0.168,0.168
42286,0.15,0.15,0.15
42287,0.128,0.128,0.128
42288,0.124,0.124,0.124
42289,0.146,0.146,0.146
42290,0.146,0.146,0.146
42291,0.144,0.144,0.144
42292,0.136,0.136,0.136
42293,0.132,0.132,0.132
42294,0.118,0.118,0.118
42295,0.13,0.13,0.13
42296,0.106,0.106,0.106
42297,0.116,0.116,0.116
42298,0.126,0.126,0.126
42299,0.12,0.12,0.12
42300,0.14,0.14,0.14
42301,0.126,0.126,0.126
42302,0.122,0.122,0.122
42303,0.118,0.118,0.118
42304,0.106,0.106,0.106
42305,0.118,0.118,0.118
42306,0.12,0.12,0.12
42307,0.108,0.108,0.108
42308,0.124,0.124,0.124
42309,0.126,0.126,0.126
42310,0.106,0.106,0.106
42311,0.098,0.098,0.098
42312,0.106,0.106,0.106
42313,0.116,0.116,0.116
42314,0.116,0.116,0.116
42315,0.13,0.13,0.13
42316,0.148,0.148,0.148
42317,0.154,0.154,0.154
42318,0.134,0.134,0.134
42319,0.154,0.154,0.154
42320,0.132,0.132,0.132
42321,0.126,0.126,0.126
42322,0.122,0.122,0.122
42323,0.134,0.134,0.134
42324,0.142,0.142,0.142
42325,0.136,0.136,0.136
42326,0.122,0.122,0.122
42327,0.16,0.16,0.16
42328,0.188,0.188,0.188
42329,0.154,0.154,0.154
42330,0.188,0.188,0.188
42331,0.17,0.17,0.17
42332,0.174,0.174,0.174
42333,0.17,0.17,0.17
42334,0.162,0.162,0.162
42335,0.158,0.158,0.158
42336,0.156,0.156,0.156
42337,0.164,0.164,0.164
42338,0.16,0.16,0.16
42339,0.164,0.164,0.164
42340,0.112,0.112,0.112
42341,0.154,0.154,0.154
42342,0.154,0.154,0.154
42343,0.154,0.154,0.154
42344,0.158,0.158,0.158
42345,0.156,0.156,0.156
42346,0.156,0.156,0.156
42347,0.16,0.16,0.16
42348,0.138,0.138,0.138
42349,0.15,0.15,0.15
42350,0.154,0.154,0.154
42351,0.162,0.162,0.162
42352,0.172,0.172,0.172
42353,0.17,0.17,0.17
42354,0.19,0.19,0.19
42355,0.23,0.23,0.23
42356,0.274,0.274,0.274
42357,0.246,0.246,0.246
42358,0.24,0.24,0.24
42359,0.276,0.276,0.276
42360,0.308,0.308,0.308
42361,0.248,0.248,0.248
42362,0.264,0.264,0.264
42363,0.262,0.262,0.262
42364,0.304,0.304,0.304
42365,0.302,0.302,0.302
42366,0.29,0.29,0.29
42367,0.246,0.246,0.246
42368,0.248,0.248,0.248
42369,0.244,0.244,0.244
42370,0.222,0.222,0.222
42371,0.228,0.228,0.228
42372,0.234,0.234,0.234
42373,0.238,0.238,0.238
42374,0.246,0.246,0.246
42375,0.242,0.242,0.242
42376,0.248,0.248,0.248
42377,0.238,0.238,0.238
42378,0.25,0.25,0.25
42379,0.248,0.248,0.248
42380,0.248,0.248,0.248
42381,0.278,0.278,0.278
42382,0.268,0.268,0.268
42383,0.274,0.274,0.274
42384,0.272,0.272,0.272
42385,0.276,0.276,0.276
42386,0.28,0.28,0.28
42387,0.288,0.288,0.288
42388,0.302,0.302,0.302
42389,0.298,0.298,0.298
42390,0.31,0.31,0.31
42391,0.312,0.312,0.312
42392,0.358,0.358,0.358
42393,0.342,0.342,0.342
42394,0.338,0.338,0.338
42395,0.338,0.338,0.338
42396,0.344,0.344,0.344
42397,0.342,0.342,0.342
42398,0.33,0.33,0.33
42399,0.332,0.332,0.332
42400,0.342,0.342,0.342
42401,0.336,0.336,0.336
42402,0.382,0.382,0.382
42403,0.368,0.368,0.368
42404,0.35,0.35,0.35
42405,0.376,0.376,0.376
42406,0.406,0.406,0.406
42407,0.39,0.39,0.39
42408,0.39,0.39,0.39
42409,0.372,0.372,0.372
42410,0.368,0.368,0.368
42411,0.38,0.38,0.38
42412,0.368,0.368,0.368
42413,0.372,0.372,0.372
42414,0.358,0.358,0.358
42415,0.366,0.366,0.366
42416,0.372,0.372,0.372
42417,0.382,0.382,0.382
42418,0.388,0.388,0.388
42419,0.39,0.39,0.39
42420,0.382,0.382,0.382
42421,0.386,0.386,0.386
42422,0.416,0.416,0.416
42423,0.406,0.406,0.406
42424,0.406,0.406,0.406
42425,0.404,0.404,0.404
42426,0.404,0.404,0.404
42427,0.402,0.402,0.402
42428,0.404,0.404,0.404
42429,0.426,0.426,0.426
42430,0.422,0.422,0.422
42431,0.418,0.296,0.296
42432,0.418,0.282,0.282
42433,0.412,0.268,0.268
42434,0.414,0.24,0.24
42435,0.398,0.224,0.224
42436,0.388,0.218,0.218
42437,0.39,0.184,0.184
42438,0.378,0.182,0.182
42439,0.374,0.17,0.17
42440,0.384,0.166,0.166
42441,0.446,0.152,0.152
42442,0.432,0.148,0.148
42443,0.442,0.12,0.12
42444,0.44,0.116,0.116
42445,0.432,0.102,0.102
42446,0.436,0.066,0.066
42447,0.432,0.042,0.042
42448,0.43,0.036,0.036
42449,0.43,0.02,0.02
42450,0.41,0.018,0.018
42451,0.422,0.016,0.016
42452,0.43,0.016,0.016
42453,0.426,0.01,0.01
42454,0.42,0.01,0.01
42455,0.434,0.004,0.004
42456,0.422,0.004,0.004
42457,0.428,0.004,0.004
42458,0.44,0.004,0.004
42459,0.428,0,0
42460,0.428,0,0
42461,0.418,0,0
42462,0.41,0,0
42463,0.416,0,0
42464,0.402,0,0
42465,0.398,0,0
42466,0.394,0,0
42467,0.396,0,0
42468,0.384,0,0
42469,0.378,0,0
42470,0.37,0,0
42471,0.36,0,0
42472,0.35,0,0
42473,0.35,0,0
42474,0.346,0,0
42475,0.342,0,0
42476,0.336,0,0
42477,0.332,0,0
42478,0.326,0,0
42479,0.314,0,0
42480,0.318,0,0
42481,0.312,0,0
42482,0.294,0,0
42483,0.292,0,0
42484,0.294,0,0
42485,0.288,0,0
42486,0.284,0,0
42487,0.292,0,0
42488,0.306,0,0
42489,0.296,0,0
42490,0.282,0,0
42491,0.268,0,0
42492,0.24,0,0
42493,0.224,0,0
42494,0.218,0,0
42495,0.184,0,0
42496,0.182,0,0
42497,0.17,0,0
42498,0.166,0,0
42499,0.152,0,0
42500,0.148,0,0
42501,0.12,0,0
42502,0.116,0,0
42503,0.102,0,0
42504,0.066,0,0
42505,0.042,0,0
42506,0.036,0,0
42507,0.02,0,0
42508,0.018,0,0
42509,0.016,0,0
42510,0.016,0,0
42511,0.01,0,0
42512,0.01,0,0
42513,0.004,0,0
42514,0.004,0,0
42515,0.004,0,0
42516,0.004,0,0
42517,0,0,0
42518,0,0,0
42519,0,0,0
42520,0,0,0
42521,0,0,0
42522,0,0,0
42523,0,0,0
42524,0,0,0
42525,0,0,0
42526,0,0,0
42527,0,0,0
42528,0,0,0
42529,0,0,0
42530,0,0,0
42531,0,0,0
42532,0,0,0
42533,0,0,0
42534,0,0,0
42535,0,0,0
42536,0,0,0
42537,0,0,0
42538,0,0,0
42539,0,0,0
42540,0,0,0
42541,0,0,0
42542,0,0,0
42543,0,0,0
42544,0,0,0
42545,0,0,0
42546,0,0,0
42547,0,0,0
42548,0,0,0
42549,0,0,0
42550,0,0,0
42551,0,0,0
42552,0,0,0
42553,0,0,0
42554,0,0,0
42555,0,0,0
42556,0,0,0
42557,0,0,0
42558,0,0,0
42559,0,0,0
42560,0,0,0
42561,0,0,0
42562,0,0,0
42563,0,0,0
42564,0,0,0
42565,0,0,0
42566,0,0,0
42567,0.008,0.008,0.008
42568,0,0,0
42569,0,0,0
42570,0,0,0
42571,0,0,0
42572,0,0,0
42573,0,0,0
42574,0,0,0
42575,0,0,0
42576,0,0,0
42577,0,0,0
42578,0,0,0
42579,0,0,0
42580,0,0,0
42581,0,0,0
42582,0,0,0
42583,0,0,0
42584,0,0,0
42585,0,0,0
42586,0,0,0
42587,0,0,0
42588,0,0,0
42589,0,0,0
42590,0,0,0
42591,0,0,0
42592,0,0,0
42593,0,0,0
42594,0,0,0
42595,0,0,0
42596,0,0,0
42597,0.004,0.004,0.004
42598,0,0,0
42599,0,0,0
42600,0,0,0
42601,0,0,0
42602,0,0,0
42603,0,0,0
42604,0,0,0
42605,0,0,0
42606,0,0,0
42607,0,0,0
42608,0,0,0
42609,0.004,0.004,0.004
42610,0.01,0.01,0.01
42611,0.014,0.014,0.014
42612,0.018,0.018,0.018
42613,0.02,0.02,0.02
42614,0.018,0.018,0.018
42615,0.018,0.018,0.018
42616,0.052,0.052,0.052
42617,0.052,0.052,0.052
42618,0.052,0.052,0.052
42619,0.046,0.046,0.046
42620,0.044,0.044,0.044
42621,0.044,0.044,0.044
42622,0.05,0.05,0.05
42623,0.046,0.046,0.046
42624,0.044,0.044,0.044
42625,0.038,0.038,0.038
42626,0.038,0.038,0.038
42627,0.038,0.038,0.038
42628,0.048,0.048,0.048
42629,0.058,0.058,0.058
42630,0.068,0.068,0.068
42631,0.058,0.058,0.058
42632,0.054,0.054,0.054
42633,0.05,0.05,0.05
42634,0.072,0.072,0.072
42635,0.088,0.088,0.088
42636,0.11,0.11,0.11
42637,0.098,0.098,0.098
42638,0.112,0.112,0.112
42639,0.104,0.104,0.104
42640,0.134,0.134,0.134
42641,0.14,0.14,0.14
42642,0.122,0.122,0.122
42643,0.118,0.118,0.118
42644,0.12,0.12,0.12
42645,0.106,0.106,0.106
42646,0.072,0.072,0.072
42647,0.054,0.054,0.054
42648,0.054,0.054,0.054
42649,0.12,0.12,0.12
42650,0.168,0.168,0.168
42651,0.15,0.15,0.15
42652,0.128,0.128,0.128
42653,0.124,0.124,0.124
42654,0.146,0.146,0.146
42655,0.146,0.146,0.146
42656,0.144,0.144,0.144
42657,0.136,0.136,0.136
42658,0.132,0.132,0.132
42659,0.118,0.118,0.118
42660,0.13,0.13,0.13
42661,0.106,0.106,0.106
42662,0.116,0.116,0.116
42663,0.126,0.126,0.126
42664,0.12,0.12,0.12
42665,0.14,0.14,0.14
42666,0.126,0.126,0.126
42667,0.122,0.122,0.122
42668,0.118,0.118,0.118
42669,0.106,0.106,0.106
42670,0.118,0.118,0.118
42671,0.12,0.12,0.12
42672,0.108,0.108,0.108
42673,0.124,0.124,0.124
42674,0.126,0.126,0.126
42675,0.106,0.106,0.106
42676,0.098,0.098,0.098
42677,0.106,0.106,0.106
42678,0.116,0.116,0.116
42679,0.116,0.116,0.116
42680,0.13,0.13,0.13
42681,0.148,0.148,0.148
42682,0.154,0.154,0.154
42683,0.134,0.134,0.134
42684,0.154,0.154,0.154
42685,0.132,0.132,0.132
42686,0.126,0.126,0.126
42687,0.122,0.122,0.122
42688,0.134,0.134,0.134
42689,0.142,0.142,0.142
42690,0.136,0.136,0.136
42691,0.122,0.122,0.122
42692,0.16,0.16,0.16
42693,0.188,0.188,0.188
42694,0.154,0.154,0.154
42695,0.188,0.188,0.188
42696,0.17,0.17,0.17
42697,0.174,0.174,0.174
42698,0.17,0.17,0.17
42699,0.162,0.162,0.162
42700,0.158,0.158,0.158
42701,0.156,0.156,0.156
42702,0.164,0.164,0.164
42703,0.16,0.16,0.16
42704,0.164,0.164,0.164
42705,0.112,0.112,0.112
42706,0.154,0.154,0.154
42707,0.154,0.154,0.154
42708,0.154,0.154,0.154
42709,0.158,0.158,0.158
42710,0.156,0.156,0.156
42711,0.156,0.156,0.156
42712,0.16,0.16,0.16
42713,0.138,0.138,0.138
42714,0.15,0.15,0.15
42715,0.154,0.154,0.154
42716,0.162,0.162,0.162
42717,0.172,0.172,0.172
42718,0.17,0.17,0.17
42719,0.19,0.19,0.19
42720,0.23,0.23,0.23
42721,0.274,0.274,0.274
42722,0.246,0.246,0.246
42723,0.24,0.24,0.24
42724,0.276,0.276,0.276
42725,0.308,0.308,0.308
42726,0.248,0.248,0.248
42727,0.264,0.264,0.264
42728,0.262,0.262,0.262
42729,0.304,0.304,0.304
42730,0.302,0.302,0.302
42731,0.29,0.29,0.29
42732,0.246,0.246,0.246
42733,0.248,0.248,0.248
42734,0.244,0.244,0.244
42735,0.222,0.222,0.222
42736,0.228,0.228,0.228
42737,0.234,0.234,0.234
42738,0.238,0.238,0.238
42739,0.246,0.246,0.246
42740,0.242,0.242,0.242
42741,0.248,0.248,0.248
42742,0.238,0.238,0.238
42743,0.25,0.25,0.25
42744,0.248,0.248,0.248
42745,0.248,0.248,0.248
42746,0.278,0.278,0.278
42747,0.268,0.268,0.268
42748,0.274,0.274,0.274
42749,0.272,0.272,0.272
42750,0.276,0.276,0.276
42751,0.28,0.28,0.28
42752,0.288,0.288,0.288
42753,0.302,0.302,0.302
42754,0.298,0.298,0.298
42755,0.31,0.31,0.31
42756,0.312,0.312,0.312
42757,0.358,0.358,0.358
42758,0.342,0.342,0.342
42759,0.338,0.338,0.338
42760,0.338,0.338,0.338
42761,0.344,0.344,0.344
42762,0.342,0.342,0.342
42763,0.33,0.33,0.33
42764,0.332,0.332,0.332
42765,0.342,0.342,0.342
42766,0.336,0.336,0.336
42767,0.382,0.382,0.382
42768,0.368,0.368,0.368
42769,0.35,0.35,0.35
42770,0.376,0.376,0.376
42771,0.406,0.406,0.406
42772,0.39,0.39,0.39
42773,0.39,0.39,0.39
42774,0.372,0.372,0.372
42775,0.368,0.368,0.368
42776,0.38,0.38,0.38
42777,0.368,0.368,0.368
42778,0.372,0.372,0.372
42779,0.358,0.358,0.358
42780,0.366,0.366,0.366
42781,0.372,0.372,0.372
42782,0.382,0.382,0.382
42783,0.388,0.388,0.388
42784,0.39,0.39,0.39
42785,0.382,0.382,0.382
42786,0.386,0.386,0.386
42787,0.416,0.416,0.416
42788,0.406,0.406,0.406
42789,0.406,0.406,0.406
42790,0.404,0.404,0.404
42791,0.404,0.404,0.404
42792,0.402,0.402,0.402
42793,0.404,0.404,0.404
42794,0.426,0.426,0.426
42795,0.422,0.422,0.422
42796,0.418,0.296,0.296
42797,0.418,0.282,0.282
42798,0.412,0.268,0.268
42799,0.414,0.24,0.24
42800,0.398,0.224,0.224
42801,0.388,0.218,0.218
42802,0.39,0.184,0.184
42803,0.378,0.182,0.182
42804,0.374,0.17,0.17
42805,0.384,0.166,0.166
42806,0.446,0.152,0.152
42807,0.432,0.148,0.148
42808,0.442,0.12,0.12
42809,0.44,0.116,0.116
42810,0.432,0.102,0.102
42811,0.436,0.066,0.066
42812,0.432,0.042,0.042
42813,0.43,0.036,0.036
42814,0.43,0.02,0.02
42815,0.41,0.018,0.018
42816,0.422,0.016,0.016
42817,0.43,0.016,0.016
42818,0.426,0.01,0.01
42819,0.42,0.01,0.01
42820,0.434,0.004,0.004
42821,0.422,0.004,0.004
42822,0.428,0.004,0.004
42823,0.44,0.004,0.004
42824,0.428,0,0
42825,0.428,0,0
42826,0.418,0,0
42827,0.41,0,0
42828,0.416,0,0
42829,0.402,0,0
42830,0.398,0,0
42831,0.394,0,0
42832,0.396,0,0
42833,0.384,0,0
42834,0.378,0,0
42835,0.37,0,0
42836,0.36,0,0
42837,0.35,0,0
42838,0.35,0,0
42839,0.346,0,0
42840,0.342,0,0
42841,0.336,0,0
42842,0.332,0,0
42843,0.326,0,0
42844,0.314,0,0
42845,0.318,0,0
42846,0.312,0,0
42847,0.294,0,0
42848,0.292,0,0
42849,0.294,0,0
42850,0.288,0,0
42851,0.284,0,0
42852,0.292,0,0
42853,0.306,0,0
42854,0.296,0,0
42855,0.282,0,0
42856,0.268,0,0
42857,0.24,0,0
42858,0.224,0,0
42859,0.218,0,0
42860,0.184,0,0
42861,0.182,0,0
42862,0.17,0,0
42863,0.166,0,0
42864,0.152,0,0
42865,0.148,0,0
42866,0.12,0,0
42867,0.116,0,0
42868,0.102,0,0
42869,0.066,0,0
42870,0.042,0,0
42871,0.036,0,0
42872,0.02,0,0
42873,0.018,0,0
42874,0.016,0,0
42875,0.016,0,0
42876,0.01,0,0
42877,0.01,0,0
42878,0.004,0,0
42879,0.004,0,0
42880,0.004,0,0
42881,0.004,0,0
42882,0,0,0
42883,0,0,0
42884,0,0,0
42885,0,0,0
42886,0,0,0
42887,0,0,0
42888,0,0,0
42889,0,0,0
42890,0,0,0
42891,0,0,0
42892,0,0,0
42893,0,0,0
42894,0,0,0
42895,0,0,0
42896,0,0,0
42897,0,0,0
42898,0,0,0
42899,0,0,0
42900,0,0,0
42901,0,0,0
42902,0,0,0
42903,0,0,0
42904,0,0,0
42905,0,0,0
42906,0,0,0
42907,0,0,0
42908,0,0,0
42909,0,0,0
42910,0,0,0
42911,0,0,0
42912,0,0,0
42913,0,0,0
42914,0,0,0
42915,0,0,0
42916,0,0,0
42917,0,0,0
42918,0,0,0
42919,0,0,0
42920,0,0,0
42921,0,0,0
42922,0,0,0
42923,0,0,0
42924,0,0,0
42925,0,0,0
42926,0,0,0
42927,0,0,0
42928,0,0,0
42929,0,0,0
42930,0,0,0
42931,0,0,0
42932,0.008,0.008,0.008
42933,0,0,0
42934,0,0,0
42935,0,0,0
42936,0,0,0
42937,0,0,0
42938,0,0,0
42939,0,0,0
42940,0,0,0
42941,0,0,0
42942,0,0,0
42943,0,0,0
42944,0,0,0
42945,0,0,0
42946,0,0,0
42947,0,0,0
42948,0,0,0
42949,0,0,0
42950,0,0,0
42951,0,0,0
42952,0,0,0
42953,0,0,0
42954,0,0,0
42955,0,0,0
42956,0,0,0
42957,0,0,0
42958,0,0,0
42959,0,0,0
42960,0,0,0
42961,0,0,0
42962,0.004,0.004,0.004
42963,0,0,0
42964,0,0,0
42965,0,0,0
42966,0,0,0
42967,0,0,0
42968,0,0,0
42969,0,0,0
42970,0,0,0
42971,0,0,0
42972,0,0,0
42973,0,0,0
42974,0.004,0.004,0.004
42975,0.01,0.01,0.01
42976,0.014,0.014,0.014
42977,0.018,0.018,0.018
42978,0.02,0.02,0.02
42979,0.018,0.018,0.018
42980,0.018,0.018,0.018
42981,0.052,0.052,0.052
42982,0.052,0.052,0.052
42983,0.052,0.052,0.052
42984,0.046,0.046,0.046
42985,0.044,0.044,0.044
42986,0.044,0.044,0.044
42987,0.05,0.05,0.05
42988,0.046,0.046,0.046
42989,0.044,0.044,0.044
42990,0.038,0.038,0.038
42991,0.038,0.038,0.038
42992,0.038,0.038,0.038
42993,0.048,0.048,0.048
42994,0.058,0.058,0.058
42995,0.068,0.068,0.068
42996,0.058,0.058,0.058
42997,0.054,0.054,0.054
42998,0.05,0.05,0.05
42999,0.072,0.072,0.072
43000,0.088,0.088,0.088
43001,0.11,0.11,0.11
43002,0.098,0.098,0.098
43003,0.112,0.112,0.112
43004,0.104,0.104,0.104
43005,0.134,0.134,0.134
43006,0.14,0.14,0.14
43007,0.122,0.122,0.122
43008,0.118,0.118,0.118
43009,0.12,0.12,0.12
43010,0.106,0.106,0.106
43011,0.072,0.072,0.072
43012,0.054,0.054,0.054
43013,0.054,0.054,0.054
43014,0.12,0.12,0.12
43015,0.168,0.168,0.168
43016,0.15,0.15,0.15
43017,0.128,0.128,0.128
43018,0.124,0.124,0.124
43019,0.146,0.146,0.146
43020,0.146,0.146,0.146
43021,0.144,0.144,0.144
43022,0.136,0.136,0.136
43023,0.132,0.132,0.132
43024,0.118,0.118,0.118
43025,0.13,0.13,0.13
43026,0.106,0.106,0.106
43027,0.116,0.116,0.116
43028,0.126,0.126,0.126
43029,0.12,0.12,0.12
43030,0.14,0.14,0.14
43031,0.126,0.126,0.126
43032,0.122,0.122,0.122
43033,0.118,0.118,0.118
43034,0.106,0.106,0.106
43035,0.118,0.118,0.118
43036,0.12,0.12,0.12
43037,0.108,0.108,0.108
43038,0.124,0.124,0.124
43039,0.126,0.126,0.126
43040,0.106,0.106,0.106
43041,0.098,0.098,0.098
43042,0.106,0.106,0.106
43043,0.116,0.116,0.116
43044,0.116,0.116,0.116
43045,0.13,0.13,0.13
43046,0.148,0.148,0.148
43047,0.154,0.154,0.154
43048,0.134,0.134,0.134
43049,0.154,0.154,0.154
43050,0.132,0.132,0.132
43051,0.126,0.126,0.126
43052,0.122,0.122,0.122
43053,0.134,0.134,0.134
43054,0.142,0.142,0.142
43055,0.136,0.136,0.136
43056,0.122,0.122,0.122
43057,0.16,0.16,0.16
43058,0.188,0.188,0.188
43059,0.154,0.154,0.154
43060,0.188,0.188,0.188
43061,0.17,0.17,0.17
43062,0.174,0.174,0.174
43063,0.17,0.17,0.17
43064,0.162,0.162,0.162
43065,0.158,0.158,0.158
43066,0.156,0.156,0.156
43067,0.164,0.164,0.164
43068,0.16,0.16,0.16
43069,0.164,0.164,0.164
43070,0.112,0.112,0.112
43071,0.154,0.154,0.154
43072,0.154,0.154,0.154
43073,0.154,0.154,0.154
43074,0.158,0.158,0.158
43075,0.156,0.156,0.156
43076,0.156,0.156,0.156
43077,0.16,0.16,0.16
43078,0.138,0.138,0.138
43079,0.15,0.15,0.15
43080,0.154,0.154,0.154
43081,0.162,0.162,0.162
43082,0.172,0.172,0.172
43083,0.17,0.17,0.17
43084,0.19,0.19,0.19
43085,0.23,0.23,0.23
43086,0.274,0.274,0.274
43087,0.246,0.246,0.246
43088,0.24,0.24,0.24
43089,0.276,0.276,0.276
43090,0.308,0.308,0.308
43091,0.248,0.248,0.248
43092,0.264,0.264,0.264
43093,0.262,0.262,0.262
43094,0.304,0.304,0.304
43095,0.302,0.302,0.302
43096,0.29,0.29,0.29
43097,0.246,0.246,0.246
43098,0.248,0.248,0.248
43099,0.244,0.244,0.244
43100,0.222,0.222,0.222
43101,0.228,0.228,0.228
43102,0.234,0.234,0.234
43103,0.238,0.238,0.238
43104,0.246,0.246,0.246
43105,0.242,0.242,0.242
43106,0.248,0.248,0.248
43107,0.238,0.238,0.238
43108,0.25,0.25,0.25
43109,0.248,0.248,0.248
43110,0.248,0.248,0.248
43111,0.278,0.278,0.278
43112,0.268,0.268,0.268
43113,0.274,0.274,0.274
43114,0.272,0.272,0.272
43115,0.276,0.276,0.276
43116,0.28,0.28,0.28
43117,0.288,0.288,0.288
43118,0.302,0.302,0.302
43119,0.298,0.298,0.298
43120,0.31,0.31,0.31
43121,0.312,0.312,0.312
43122,0.358,0.358,0.358
43123,0.342,0.342,0.342
43124,0.338,0.338,0.338
43125,0.338,0.338,0.338
43126,0.344,0.344,0.344
43127,0.342,0.342,0.342
43128,0.33,0.33,0.33
43129,0.332,0.332,0.332
43130,0.342,0.342,0.342
43131,0.336,0.336,0.336
43132,0.382,0.382,0.382
43133,0.368,0.368,0.368
43134,0.35,0.35,0.35
43135,0.376,0.376,0.376
43136,0.406,0.406,0.406
43137,0.39,0.39,0.39
43138,0.39,0.39,0.39
43139,0.372,0.372,0.372
43140,0.368,0.368,0.368
43141,0.38,0.38,0.38
43142,0.368,0.368,0.368
43143,0.372,0.372,0.372
43144,0.358,0.358,0.358
43145,0.366,0.366,0.366
43146,0.372,0.372,0.372
43147,0.382,0.382,0.382
43148,0.388,0.388,0.388
43149,0.39,0.39,0.39
43150,0.382,0.382,0.382
43151,0.386,0.386,0.386
43152,0.416,0.416,0.416
43153,0.406,0.406,0.406
43154,0.406,0.406,0.406
43155,0.404,0.404,0.404
43156,0.404,0.404,0.404
43157,0.402,0.402,0.402
43158,0.404,0.404,0.404
43159,0.426,0.426,0.426
43160,0.422,0.296,0.296
43161,0.418,0.282,0.282
43162,0.418,0.268,0.268
43163,0.412,0.24,0.24
43164,0.414,0.224,0.224
43165,0.398,0.218,0.218
43166,0.388,0.184,0.184
43167,0.39,0.182,0.182
43168,0.378,0.17,0.17
43169,0.374,0.166,0.166
43170,0.384,0.152,0.152
43171,0.446,0.148,0.148
43172,0.432,0.12,0.12
43173,0.442,0.116,0.116
43174,0.44,0.102,0.102
43175,0.432,0.066,0.066
43176,0.436,0.042,0.042
43177,0.432,0.036,0.036
43178,0.43,0.02,0.02
43179,0.43,0.018,0.018
43180,0.41,0.016,0.016
43181,0.422,0.016,0.016
43182,0.43,0.01,0.01
43183,0.426,0.01,0.01
43184,0.42,0.004,0.004
43185,0.434,0.004,0.004
43186,0.422,0.004,0.004
43187,0.428,0.004,0.004
43188,0.44,0,0
43189,0.428,0,0
43190,0.428,0,0
43191,0.418,0,0
43192,0.41,0,0
43193,0.416,0,0
43194,0.402,0,0
43195,0.398,0,0
43196,0.394,0,0
43197,0.396,0,0
43198,0.384,0,0
43199,0.378,0,0
43200,0.37,0,0
43201,0.36,0,0
43202,0.35,0,0
43203,0.35,0,0
43204,0.346,0,0
43205,0.342,0,0
43206,0.336,0,0
43207,0.332,0,0
43208,0.326,0,0
43209,0.314,0,0
43210,0.318,0,0
43211,0.312,0,0
43212,0.294,0,0
43213,0.292,0,0
43214,0.294,0,0
43215,0.288,0,0
43216,0.284,0,0
43217,0.292,0,0
43218,0.306,0,0
43219,0.296,0,0
43220,0.282,0,0
43221,0.268,0,0
43222,0.24,0,0
43223,0.224,0,0
43224,0.218,0,0
43225,0.184,0,0
43226,0.182,0,0
43227,0.17,0,0
43228,0.166,0,0
43229,0.152,0,0
43230,0.148,0,0
43231,0.12,0,0
43232,0.116,0,0
43233,0.102,0,0
43234,0.066,0,0
43235,0.042,0,0
43236,0.036,0,0
43237,0.02,0,0
43238,0.018,0,0
43239,0.016,0,0
43240,0.016,0,0
43241,0.01,0,0
43242,0.01,0,0
43243,0.004,0,0
43244,0.004,0,0
43245,0.004,0,0
43246,0.004,0,0
43247,0,0,0
43248,0,0,0
43249,0,0,0
43250,0,0,0
43251,0,0,0
43252,0,0,0
43253,0,0,0
43254,0,0,0
43255,0,0,0
43256,0,0,0
43257,0,0,0
43258,0,0,0
43259,0,0,0
43260,0,0,0
43261,0,0,0
43262,0,0,0
43263,0,0,0
43264,0,0,0
43265,0,0,0
43266,0,0,0
43267,0,0,0
43268,0,0,0
43269,0,0,0
43270,0,0,0
43271,0,0,0
43272,0,0,0
43273,0,0,0
43274,0,0,0
43275,0,0,0
43276,0,0,0
43277,0,0,0
43278,0,0,0
43279,0,0,0
43280,0,0,0
43281,0,0,0
43282,0,0,0
43283,0,0,0
43284,0,0,0
43285,0,0,0
43286,0,0,0
43287,0,0,0
43288,0,0,0
43289,0,0,0
43290,0,0,0
43291,0,0,0
43292,0,0,0
43293,0,0,0
43294,0,0,0
43295,0,0,0
43296,0,0,0
43297,0.008,0.008,0.008
43298,0,0,0
43299,0,0,0
43300,0,0,0
43301,0,0,0
43302,0,0,0
43303,0,0,0
43304,0,0,0
43305,0,0,0
43306,0,0,0
43307,0,0,0
43308,0,0,0
43309,0,0,0
43310,0,0,0
43311,0,0,0
43312,0,0,0
43313,0,0,0
43314,0,0,0
43315,0,0,0
43316,0,0,0
43317,0,0,0
43318,0,0,0
43319,0,0,0
43320,0,0,0
43321,0,0,0
43322,0,0,0
43323,0,0,0
43324,0,0,0
43325,0,0,0
43326,0,0,0
43327,0.004,0.004,0.004
43328,0,0,0
43329,0,0,0
43330,0,0,0
43331,0,0,0
43332,0,0,0
43333,0,0,0
43334,0,0,0
43335,0,0,0
43336,0,0,0
43337,0,0,0
43338,0,0,0
43339,0.004,0.004,0.004
43340,0.01,0.01,0.01
43341,0.014,0.014,0.014
43342,0.018,0.018,0.018
43343,0.02,0.02,0.02
43344,0.018,0.018,0.018
43345,0.018,0.018,0.018
43346,0.052,0.052,0.052
43347,0.052,0.052,0.052
43348,0.052,0.052,0.052
43349,0.046,0.046,0.046
43350,0.044,0.044,0.044
43351,0.044,0.044,0.044
43352,0.05,0.05,0.05
43353,0.046,0.046,0.046
43354,0.044,0.044,0.044
43355,0.038,0.038,0.038
43356,0.038,0.038,0.038
43357,0.038,0.038,0.038
43358,0.048,0.048,0.048
43359,0.058,0.058,0.058
43360,0.068,0.068,0.068
43361,0.058,0.058,0.058
43362,0.054,0.054,0.054
43363,0.05,0.05,0.05
43364,0.072,0.072,0.072
43365,0.088,0.088,0.088
43366,0.11,0.11,0.11
43367,0.098,0.098,0.098
43368,0.112,0.112,0.112
43369,0.104,0.104,0.104
43370,0.134,0.134,0.134
43371,0.14,0.14,0.14
43372,0.122,0.122,0.122
43373,0.118,0.118,0.118
43374,0.12,0.12,0.12
43375,0.106,0.106,0.106
43376,0.072,0.072,0.072
43377,0.054,0.054,0.054
43378,0.054,0.054,0.054
43379,0.12,0.12,0.12
43380,0.168,0.168,0.168
43381,0.15,0.15,0.15
43382,0.128,0.128,0.128
43383,0.124,0.124,0.124
43384,0.146,0.146,0.146
43385,0.146,0.146,0.146
43386,0.144,0.144,0.144
43387,0.136,0.136,0.136
43388,0.132,0.132,0.132
43389,0.118,0.118,0.118
43390,0.13,0.13,0.13
43391,0.106,0.106,0.106
43392,0.116,0.116,0.116
43393,0.126,0.126,0.126
43394,0.12,0.12,0.12
43395,0.14,0.14,0.14
43396,0.126,0.126,0.126
43397,0.122,0.122,0.122
43398,0.118,0.118,0.118
43399,0.106,0.106,0.106
43400,0.118,0.118,0.118
43401,0.12,0.12,0.12
43402,0.108,0.108,0.108
43403,0.124,0.124,0.124
43404,0.126,0.126,0.126
43405,0.106,0.106,0.106
43406,0.098,0.098,0.098
43407,0.106,0.106,0.106
43408,0.116,0.116,0.116
43409,0.116,0.116,0.116
43410,0.13,0.13,0.13
43411,0.148,0.148,0.148
43412,0.154,0.154,0.154
43413,0.134,0.134,0.134
43414,0.154,0.154,0.154
43415,0.132,0.132,0.132
43416,0.126,0.126,0.126
43417,0.122,0.122,0.122
43418,0.134,0.134,0.134
43419,0.142,0.142,0.142
43420,0.136,0.136,0.136
43421,0.122,0.122,0.122
43422,0.16,0.16,0.16
43423,0.188,0.188,0.188
43424,0.154,0.154,0.154
43425,0.188,0.188,0.188
43426,0.17,0.17,0.17
43427,0.174,0.174,0.174
43428,0.17,0.17,0.17
43429,0.162,0.162,0.162
43430,0.158,0.158,0.158
43431,0.156,0.156,0.156
43432,0.164,0.164,0.164
43433,0.16,0.16,0.16
43434,0.164,0.164,0.164
43435,0.112,0.112,0.112
43436,0.154,0.154,0.154
43437,0.154,0.154,0.154
43438,0.154,0.154,0.154
43439,0.158,0.158,0.158
43440,0.156,0.156,0.156
43441,0.156,0.156,0.156
43442,0.16,0.16,0.16
43443,0.138,0.138,0.138
43444,0.15,0.15,0.15
43445,0.154,0.154,0.154
43446,0.162,0.162,0.162
43447,0.172,0.172,0.172
43448,0.17,0.17,0.17
43449,0.19,0.19,0.19
43450,0.23,0.23,0.23
43451,0.274,0.274,0.274
43452,0.246,0.246,0.246
43453,0.24,0.24,0.24
43454,0.276,0.276,0.276
43455,0.308,0.308,0.308
43456,0.248,0.248,0.248
43457,0.264,0.264,0.264
43458,0.262,0.262,0.262
43459,0.304,0.304,0.304
43460,0.302,0.302,0.302
43461,0.29,0.29,0.29
43462,0.246,0.246,0.246
43463,0.248,0.248,0.248
43464,0.244,0.244,0.244
43465,0.222,0.222,0.222
43466,0.228,0.228,0.228
43467,0.234,0.234,0.234
43468,0.238,0.238,0.238
43469,0.246,0.246,0.246
43470,0.242,0.242,0.242
43471,0.248,0.248,0.248
43472,0.238,0.238,0.238
43473,0.25,0.25,0.25
43474,0.248,0.248,0.248
43475,0.248,0.248,0.248
43476,0.278,0.278,0.278
43477,0.268,0.268,0.268
43478,0.274,0.274,0.274
43479,0.272,0.272,0.272
43480,0.276,0.276,0.276
43481,0.28,0.28,0.28
43482,0.288,0.288,0.288
43483,0.302,0.302,0.302
43484,0.298,0.298,0.298
43485,0.31,0.31,0.31
43486,0.312,0.312,0.312
43487,0.358,0.358,0.358
43488,0.342,0.342,0.342
43489,0.338,0.338,0.338
43490,0.338,0.338,0.338
43491,0.344,0.344,0.344
43492,0.342,0.342,0.342
43493,0.33,0.33,0.33
43494,0.332,0.332,0.332
43495,0.342,0.342,0.342
43496,0.336,0.336,0.336
43497,0.382,0.382,0.382
43498,0.368,0.368,0.368
43499,0.35,0.35,0.35
43500,0.376,0.376,0.376
43501,0.406,0.406,0.406
43502,0.39,0.39,0.39
43503,0.39,0.39,0.39
43504,0.372,0.372,0.372
43505,0.368,0.368,0.368
43506,0.38,0.38,0.38
43507,0.368,0.368,0.368
43508,0.372,0.372,0.372
43509,0.358,0.358,0.358
43510,0.366,0.366,0.366
43511,0.372,0.372,0.372
43512,0.382,0.382,0.382
43513,0.388,0.388,0.388
43514,0.39,0.39,0.39
43515,0.382,0.382,0.382
43516,0.386,0.386,0.386
43517,0.416,0.416,0.416
43518,0.406,0.406,0.406
43519,0.406,0.406,0.406
43520,0.404,0.404,0.404
43521,0.404,0.404,0.404
43522,0.402,0.402,0.402
43523,0.404,0.404,0.404
43524,0.426,0.426,0.426
43525,0.422,0.296,0.296
43526,0.418,0.282,0.282
43527,0.418,0.268,0.268
43528,0.412,0.24,0.24
43529,0.414,0.224,0.224
43530,0.398,0.218,0.218
43531,0.388,0.184,0.184
43532,0.39,0.182,0.182
43533,0.378,0.17,0.17
43534,0.374,0.166,0.166
43535,0.384,0.152,0.152
43536,0.446,0.148,0.148
43537,0.432,0.12,0.12
43538,0.442,0.116,0.116
43539,0.44,0.102,0.102
43540,0.432,0.066,0.066
43541,0.436,0.042,0.042
43542,0.432,0.036,0.036
43543,0.43,0.02,0.02
43544,0.43,0.018,0.018
43545,0.41,0.016,0.016
43546,0.422,0.016,0.016
43547,0.43,0.01,0.01
43548,0.426,0.01,0.01
43549,0.42,0.004,0.004
43550,0.434,0.004,0.004
43551,0.422,0.004,0.004
43552,0.428,0.004,0.004
43553,0.44,0,0
43554,0.428,0,0
43555,0.428,0,0
43556,0.418,0,0
43557,0.41,0,0
43558,0.416,0,0
43559,0.402,0,0
43560,0.398,0,0
43561,0.394,0,0
43562,0.396,0,0
43563,0.384,0,0
43564,0.378,0,0
43565,0.37,0,0
43566,0.36,0,0
43567,0.35,0,0
43568,0.35,0,0
43569,0.346,0,0
43570,0.342,0,0
43571,0.336,0,0
43572,0.332,0,0
43573,0.326,0,0
43574,0.314,0,0
43575,0.318,0,0
43576,0.312,0,0
43577,0.294,0,0
43578,0.292,0,0
43579,0.294,0,0
43580,0.288,0,0
43581,0.284,0,0
43582,0.292,0,0
43583,0.306,0,0
43584,0.296,0,0
43585,0.282,0,0
43586,0.268,0,0
43587,0.24,0,0
43588,0.224,0,0
43589,0.218,0,0
43590,0.184,0,0
43591,0.182,0,0
43592,0.17,0,0
43593,0.166,0,0
43594,0.152,0,0
43595,0.148,0,0
43596,0.12,0,0
43597,0.116,0,0
43598,0.102,0,0
43599,0.066,0,0
43600,0.042,0,0
43601,0.036,0,0
43602,0.02,0,0
43603,0.018,0,0
43604,0.016,0,0
43605,0.016,0,0
43606,0.01,0,0
43607,0.01,0,0
43608,0.004,0,0
43609,0.004,0,0
43610,0.004,0,0
43611,0.004,0,0
43612,0,0,0
43613,0,0,0
43614,0,0,0
43615,0,0,0
43616,0,0,0
43617,0,0,0
43618,0,0,0
43619,0,0,0
43620,0,0,0
43621,0,0,0
43622,0,0,0
43623,0,0,0
43624,0,0,0
43625,0,0,0
43626,0,0,0
43627,0,0,0
43628,0,0,0
43629,0,0,0
43630,0,0,0
43631,0,0,0
43632,0,0,0
43633,0,0,0
43634,0,0,0
43635,0,0,0
43636,0,0,0
43637,0,0,0
43638,0,0,0
43639,0,0,0
43640,0,0,0
43641,0,0,0
43642,0,0,0
43643,0,0,0
43644,0,0,0
43645,0,0,0
43646,0,0,0
43647,0,0,0
43648,0,0,0
43649,0,0,0
43650,0,0,0
43651,0,0,0
43652,0,0,0
43653,0,0,0
43654,0,0,0
43655,0,0,0
43656,0,0,0
43657,0,0,0
43658,0,0,0
43659,0,0,0
43660,0,0,0
43661,0,0,0
43662,0.008,0.008,0.008
43663,0,0,0
43664,0,0,0
43665,0,0,0
43666,0,0,0
43667,0,0,0
43668,0,0,0
43669,0,0,0
43670,0,0,0
43671,0,0,0
43672,0,0,0
43673,0,0,0
43674,0,0,0
43675,0,0,0
43676,0,0,0
43677,0,0,0
43678,0,0,0
43679,0,0,0
43680,0,0,0
43681,0,0,0
43682,0,0,0
43683,0,0,0
43684,0,0,0
43685,0,0,0
43686,0,0,0
43687,0,0,0
43688,0,0,0
43689,0,0,0
43690,0,0,0
43691,0,0,0
43692,0.004,0.004,0.004
43693,0,0,0
43694,0,0,0
43695,0,0,0
43696,0,0,0
43697,0,0,0
43698,0,0,0
43699,0,0,0
43700,0,0,0
43701,0,0,0
43702,0,0,0
43703,0,0,0
43704,0.004,0.004,0.004
43705,0.01,0.01,0.01
43706,0.014,0.014,0.014
43707,0.018,0.018,0.018
43708,0.02,0.02,0.02
43709,0.018,0.018,0.018
43710,0.018,0.018,0.018
43711,0.052,0.052,0.052
43712,0.052,0.052,0.052
43713,0.052,0.052,0.052
43714,0.046,0.046,0.046
43715,0.044,0.044,0.044
43716,0.044,0.044,0.044
43717,0.05,0.05,0.05
43718,0.046,0.046,0.046
43719,0.044,0.044,0.044
43720,0.038,0.038,0.038
43721,0.038,0.038,0.038
43722,0.038,0.038,0.038
43723,0.048,0.048,0.048
43724,0.058,0.058,0.058
43725,0.068,0.068,0.068
43726,0.058,0.058,0.058
43727,0.054,0.054,0.054
43728,0.05,0.05,0.05
43729,0.072,0.072,0.072
43730,0.088,0.088,0.088
43731,0.11,0.11,0.11
43732,0.098,0.098,0.098
43733,0.112,0.112,0.112
43734,0.104,0.104,0.104
43735,0.134,0.134,0.134
43736,0.14,0.14,0.14
43737,0.122,0.122,0.122
43738,0.118,0.118,0.118
43739,0.12,0.12,0.12
43740,0.106,0.106,0.106
43741,0.072,0.072,0.072
43742,0.054,0.054,0.054
43743,0.054,0.054,0.054
43744,0.12,0.12,0.12
43745,0.168,0.168,0.168
43746,0.15,0.15,0.15
43747,0.128,0.128,0.128
43748,0.124,0.124,0.124
43749,0.146,0.146,0.146
43750,0.146,0.146,0.146
43751,0.144,0.144,0.144
43752,0.136,0.136,0.136
43753,0.132,0.132,0.132
43754,0.118,0.118,0.118
43755,0.13,0.13,0.13
43756,0.106,0.106,0.106
43757,0.116,0.116,0.116
43758,0.126,0.126,0.126
43759,0.12,0.12,0.12
43760,0.14,0.14,0.14
43761,0.126,0.126,0.126
43762,0.122,0.122,0.122
43763,0.118,0.118,0.118
43764,0.106,0.106,0.106
43765,0.118,0.118,0.118
43766,0.12,0.12,0.12
43767,0.108,0.108,0.108
43768,0.124,0.124,0.124
43769,0.126,0.126,0.126
43770,0.106,0.106,0.106
43771,0.098,0.098,0.098
43772,0.106,0.106,0.106
43773,0.116,0.116,0.116
43774,0.116,0.116,0.116
43775,0.13,0.13,0.13
43776,0.148,0.148,0.148
43777,0.154,0.154,0.154
43778,0.134,0.134,0.134
43779,0.154,0.154,0.154
43780,0.132,0.132,0.132
43781,0.126,0.126,0.126
43782,0.122,0.122,0.122
43783,0.134,0.134,0.134
43784,0.142,0.142,0.142
43785,0.136,0.136,0.136
43786,0.122,0.122,0.122
43787,0.16,0.16,0.16
43788,0.188,0.188,0.188
43789,0.154,0.154,0.154
43790,0.188,0.188,0.188
43791,0.17,0.17,0.17
43792,0.174,0.174,0.174
43793,0.17,0.17,0.17
43794,0.162,0.162,0.162
43795,0.158,0.158,0.158
43796,0.156,0.156,0.156
43797,0.164,0.164,0.164
43798,0.16,0.16,0.16
43799,0.164,0.164,0.164
43800,0.112,0.112,0.112
43801,0.154,0.154,0.154
43802,0.154,0.154,0.154
43803,0.154,0.154,0.154
43804,0.158,0.158,0.158
43805,0.156,0.156,0.156
43806,0.156,0.156,0.156
43807,0.16,0.16,0.16
43808,0.138,0.138,0.138
43809,0.15,0.15,0.15
43810,0.154,0.154,0.154
43811,0.162,0.162,0.162
43812,0.172,0.172,0.172
43813,0.17,0.17,0.17
43814,0.19,0.19,0.19
43815,0.23,0.23,0.23
43816,0.274,0.274,0.274
43817,0.246,0.246,0.246
43818,0.24,0.24,0.24
43819,0.276,0.276,0.276
43820,0.308,0.308,0.308
43821,0.248,0.248,0.248
43822,0.264,0.264,0.264
43823,0.262,0.262,0.262
43824,0.304,0.304,0.304
43825,0.302,0.302,0.302
43826,0.29,0.29,0.29
43827,0.246,0.246,0.246
43828,0.248,0.248,0.248
43829,0.244,0.244,0.244
43830,0.222,0.222,0.222
43831,0.228,0.228,0.228
43832,0.234,0.234,0.234
43833,0.238,0.238,0.238
43834,0.246,0.246,0.246
43835,0.242,0.242,0.242
43836,0.248,0.248,0.248
43837,0.238,0.238,0.238
43838,0.25,0.25,0.25
43839,0.248,0.248,0.248
43840,0.248,0.248,0.248
43841,0.278,0.278,0.278
43842,0.268,0.268,0.268
43843,0.274,0.274,0.274
43844,0.272,0.272,0.272
43845,0.276,0.276,0.276
43846,0.28,0.28,0.28
43847,0.288,0.288,0.288
43848,0.302,0.302,0.302
43849,0.298,0.298,0.298
43850,0.31,0.31,0.31
43851,0.312,0.312,0.312
43852,0.358,0.358,0.358
43853,0.342,0.342,0.342
43854,0.338,0.338,0.338
43855,0.338,0.338,0.338
43856,0.344,0.344,0.344
43857,0.342,0.342,0.342
43858,0.33,0.33,0.33
43859,0.332,0.332,0.332
43860,0.342,0.342,0.342
43861,0.336,0.336,0.336
43862,0.382,0.382,0.382
43863,0.368,0.368,0.368
43864,0.35,0.35,0.35
43865,0.376,0.376,0.376
43866,0.406,0.406,0.406
43867,0.39,0.39,0.39
43868,0.39,0.39,0.39
43869,0.372,0.372,0.372
43870,0.368,0.368,0.368
43871,0.38,0.38,0.38
43872,0.368,0.368,0.368
43873,0.372,0.372,0.372
43874,0.358,0.358,0.358
43875,0.366,0.366,0.366
43876,0.372,0.372,0.372
43877,0.382,0.382,0.382
43878,0.388,0.388,0.388
43879,0.39,0.39,0.39
43880,0.382,0.382,0.382
43881,0.386,0.386,0.386
43882,0.416,0.416,0.416
43883,0.406,0.406,0.406
43884,0.406,0.406,0.406
43885,0.404,0.404,0.404
43886,0.404,0.404,0.404
43887,0.402,0.402,0.402
43888,0.404,0.404,0.404
43889,0.426,0.296,0.296
43890,0.422,0.282,0.282
43891,0.418,0.268,0.268
43892,0.418,0.24,0.24
43893,0.412,0.224,0.224
43894,0.414,0.218,0.218
43895,0.398,0.184,0.184
43896,0.388,0.182,0.182
43897,0.39,0.17,0.17
43898,0.378,0.166,0.166
43899,0.374,0.152,0.152
43900,0.384,0.148,0.148
43901,0.446,0.12,0.12
43902,0.432,0.116,0.116
43903,0.442,0.102,0.102
43904,0.44,0.066,0.066
43905,0.432,0.042,0.042
43906,0.436,0.036,0.036
43907,0.432,0.02,0.02
43908,0.43,0.018,0.018
43909,0.43,0.016,0.016
43910,0.41,0.016,0.016
43911,0.422,0.01,0.01
43912,0.43,0.01,0.01
43913,0.426,0.004,0.004
43914,0.42,0.004,0.004
43915,0.434,0.004,0.004
43916,0.422,0.004,0.004
43917,0.428,0,0
43918,0.44,0,0
43919,0.428,0,0
43920,0.428,0,0
43921,0.418,0,0
43922,0.41,0,0
43923,0.416,0,0
43924,0.402,0,0
43925,0.398,0,0
43926,0.394,0,0
43927,0.396,0,0
43928,0.384,0,0
43929,0.378,0,0
43930,0.37,0,0
43931,0.36,0,0
43932,0.35,0,0
43933,0.35,0,0
43934,0.346,0,0
43935,0.342,0,0
43936,0.336,0,0
43937,0.332,0,0
43938,0.326,0,0
43939,0.314,0,0
43940,0.318,0,0
43941,0.312,0,0
43942,0.294,0,0
43943,0.292,0,0
43944,0.294,0,0
43945,0.288,0,0
43946,0.284,0,0
43947,0.292,0,0
43948,0.306,0,0
43949,0.296,0,0
43950,0.282,0,0
43951,0.268,0,0
43952,0.24,0,0
43953,0.224,0,0
43954,0.218,0,0
43955,0.184,0,0
43956,0.182,0,0
43957,0.17,0,0
43958,0.166,0,0
43959,0.152,0,0
43960,0.148,0,0
43961,0.12,0,0
43962,0.116,0,0
43963,0.102,0,0
43964,0.066,0,0
43965,0.042,0,0
43966,0.036,0,0
43967,0.02,0,0
43968,0.018,0,0
43969,0.016,0,0
43970,0.016,0,0
43971,0.01,0,0
43972,0.01,0,0
43973,0.004,0,0
43974,0.004,0,0
43975,0.004,0,0
43976,0.004,0,0
43977,0,0,0
43978,0,0,0
43979,0,0,0
43980,0,0,0
43981,0,0,0
43982,0,0,0
43983,0,0,0
43984,0,0,0
43985,0,0,0
43986,0,0,0
43987,0,0,0
43988,0,0,0
43989,0,0,0
43990,0,0,0
43991,0,0,0
43992,0,0,0
43993,0,0,0
43994,0,0,0
43995,0,0,0
43996,0,0,0
43997,0,0,0
43998,0,0,0
43999,0,0,0
44000,0,0,0
44001,0,0,0
44002,0,0,0
44003,0,0,0
44004,0,0,0
44005,0,0,0
44006,0,0,0
44007,0,0,0
44008,0,0,0
44009,0,0,0
44010,0,0,0
44011,0,0,0
44012,0,0,0
44013,0,0,0
44014,0,0,0
44015,0,0,0
44016,0,0,0
44017,0,0,0
44018,0,0,0
44019,0,0,0
44020,0,0,0
44021,0,0,0
44022,0,0,0
44023,0,0,0
44024,0,0,0
44025,0,0,0
44026,0,0,0
44027,0.008,0.008,0.008
44028,0,0,0
44029,0,0,0
44030,0,0,0
44031,0,0,0
44032,0,0,0
44033,0,0,0
44034,0,0,0
44035,0,0,0
44036,0,0,0
44037,0,0,0
44038,0,0,0
44039,0,0,0
44040,0,0,0
44041,0,0,0
44042,0,0,0
44043,0,0,0
44044,0,0,0
44045,0,0,0
44046,0,0,0
44047,0,0,0
44048,0,0,0
44049,0,0,0
44050,0,0,0
44051,0,0,0
44052,0,0,0
44053,0,0,0
44054,0,0,0
44055,0,0,0
44056,0,0,0
44057,0.004,0.004,0.004
44058,0,0,0
44059,0,0,0
44060,0,0,0
44061,0,0,0
44062,0,0,0
44063,0,0,0
44064,0,0,0
44065,0,0,0
44066,0,0,0
44067,0,0,0
44068,0,0,0
44069,0.004,0.004,0.004
44070,0.01,0.01,0.01
44071,0.014,0.014,0.014
44072,0.018,0.018,0.018
44073,0.02,0.02,0.02
44074,0.018,0.018,0.018
44075,0.018,0.018,0.018
44076,0.052,0.052,0.052
44077,0.052,0.052,0.052
44078,0.052,0.052,0.052
44079,0.046,0.046,0.046
44080,0.044,0.044,0.044
44081,0.044,0.044,0.044
44082,0.05,0.05,0.05
44083,0.046,0.046,0.046
44084,0.044,0.044,0.044
44085,0.038,0.038,0.038
44086,0.038,0.038,0.038
44087,0.038,0.038,0.038
44088,0.048,0.048,0.048
44089,0.058,0.058,0.058
44090,0.068,0.068,0.068
44091,0.058,0.058,0.058
44092,0.054,0.054,0.054
44093,0.05,0.05,0.05
44094,0.072,0.072,0.072
44095,0.088,0.088,0.088
44096,0.11,0.11,0.11
44097,0.098,0.098,0.098
44098,0.112,0.112,0.112
44099,0.104,0.104,0.104
44100,0.134,0.134,0.134
44101,0.14,0.14,0.14
44102,0.122,0.122,0.122
44103,0.118,0.118,0.118
44104,0.12,0.12,0.12
44105,0.106,0.106,0.106
44106,0.072,0.072,0.072
44107,0.054,0.054,0.054
44108,0.054,0.054,0.054
44109,0.12,0.12,0.12
44110,0.168,0.168,0.168
44111,0.15,0.15,0.15
44112,0.128,0.128,0.128
44113,0.124,0.124,0.124
44114,0.146,0.146,0.146
44115,0.146,0.146,0.146
44116,0.144,0.144,0.144
44117,0.136,0.136,0.136
44118,0.132,0.132,0.132
44119,0.118,0.118,0.118
44120,0.13,0.13,0.13
44121,0.106,0.106,0.106
44122,0.116,0.116,0.116
44123,0.126,0.126,0.126
44124,0.12,0.12,0.12
44125,0.14,0.14,0.14
44126,0.126,0.126,0.126
44127,0.122,0.122,0.122
44128,0.118,0.118,0.118
44129,0.106,0.106,0.106
44130,0.118,0.118,0.118
44131,0.12,0.12,0.12
44132,0.108,0.108,0.108
44133,0.124,0.124,0.124
44134,0.126,0.126,0.126
44135,0.106,0.106,0.106
44136,0.098,0.098,0.098
44137,0.106,0.106,0.106
44138,0.116,0.116,0.116
44139,0.116,0.116,0.116
44140,0.13,0.13,0.13
44141,0.148,0.148,0.148
44142,0.154,0.154,0.154
44143,0.134,0.134,0.134
44144,0.154,0.154,0.154
44145,0.132,0.132,0.132
44146,0.126,0.126,0.126
44147,0.122,0.122,0.122
44148,0.134,0.134,0.134
44149,0.142,0.142,0.142
44150,0.136,0.136,0.136
44151,0.122,0.122,0.122
44152,0.16,0.16,0.16
44153,0.188,0.188,0.188
44154,0.154,0.154,0.154
44155,0.188,0.188,0.188
44156,0.17,0.17,0.17
44157,0.174,0.174,0.174
44158,0.17,0.17,0.17
44159,0.162,0.162,0.162
44160,0.158,0.158,0.158
44161,0.156,0.156,0.156
44162,0.164,0.164,0.164
44163,0.16,0.16,0.16
44164,0.164,0.164,0.164
44165,0.112,0.112,0.112
44166,0.154,0.154,0.154
44167,0.154,0.154,0.154
44168,0.154,0.154,0.154
44169,0.158,0.158,0.158
44170,0.156,0.156,0.156
44171,0.156,0.156,0.156
44172,0.16,0.16,0.16
44173,0.138,0.138,0.138
44174,0.15,0.15,0.15
44175,0.154,0.154,0.154
44176,0.162,0.162,0.162
44177,0.172,0.172,0.172
44178,0.17,0.17,0.17
44179,0.19,0.19,0.19
44180,0.23,0.23,0.23
44181,0.274,0.274,0.274
44182,0.246,0.246,0.246
44183,0.24,0.24,0.24
44184,0.276,0.276,0.276
44185,0.308,0.308,0.308
44186,0.248,0.248,0.248
44187,0.264,0.264,0.264
44188,0.262,0.262,0.262
44189,0.304,0.304,0.304
44190,0.302,0.302,0.302
44191,0.29,0.29,0.29
44192,0.246,0.246,0.246
44193,0.248,0.248,0.248
44194,0.244,0.244,0.244
44195,0.222,0.222,0.222
44196,0.228,0.228,0.228
44197,0.234,0.234,0.234
44198,0.238,0.238,0.238
44199,0.246,0.246,0.246
44200,0.242,0.242,0.242
44201,0.248,0.248,0.248
44202,0.238,0.238,0.238
44203,0.25,0.25,0.25
44204,0.248,0.248,0.248
44205,0.248,0.248,0.248
44206,0.278,0.278,0.278
44207,0.268,0.268,0.268
44208,0.274,0.274,0.274
44209,0.272,0.272,0.272
44210,0.276,0.276,0.276
44211,0.28,0.28,0.28
44212,0.288,0.288,0.288
44213,0.302,0.302,0.302
44214,0.298,0.298,0.298
44215,0.31,0.31,0.31
44216,0.312,0.312,0.312
44217,0.358,0.358,0.358
44218,0.342,0.342,0.342
44219,0.338,0.338,0.338
44220,0.338,0.338,0.338
44221,0.344,0.344,0.344
44222,0.342,0.342,0.342
44223,0.33,0.33,0.33
44224,0.332,0.332,0.332
44225,0.342,0.342,0.342
44226,0.336,0.336,0.336
44227,0.382,0.382,0.382
44228,0.368,0.368,0.368
44229,0.35,0.35,0.35
44230,0.376,0.376,0.376
44231,0.406,0.406,0.406
44232,0.39,0.39,0.39
44233,0.39,0.39,0.39
44234,0.372,0.372,0.372
44235,0.368,0.368,0.368
44236,0.38,0.38,0.38
44237,0.368,0.368,0.368
44238,0.372,0.372,0.372
44239,0.358,0.358,0.358
44240,0.366,0.366,0.366
44241,0.372,0.372,0.372
44242,0.382,0.382,0.382
44243,0.388,0.388,0.388
44244,0.39,0.39,0.39
44245,0.382,0.382,0.382
44246,0.386,0.386,0.386
44247,0.416,0.416,0.416
44248,0.406,0.406,0.406
44249,0.406,0.406,0.406
44250,0.404,0.404,0.404
44251,0.404,0.404,0.404
44252,0.402,0.402,0.402
44253,0.404,0.404,0.404
44254,0.426,0.296,0.296
44255,0.422,0.282,0.282
44256,0.418,0.268,0.268
44257,0.418,0.24,0.24
44258,0.412,0.224,0.224
44259,0.414,0.218,0.218
44260,0.398,0.184,0.184
44261,0.388,0.182,0.182
44262,0.39,0.17,0.17
44263,0.378,0.166,0.166
44264,0.374,0.152,0.152
44265,0.384,0.148,0.148
44266,0.446,0.12,0.12
44267,0.432,0.116,0.116
44268,0.442,0.102,0.102
44269,0.44,0.066,0.066
44270,0.432,0.042,0.042
44271,0.436,0.036,0.036
44272,0.432,0.02,0.02
44273,0.43,0.018,0.018
44274,0.43,0.016,0.016
44275,0.41,0.016,0.016
44276,0.422,0.01,0.01
44277,0.43,0.01,0.01
44278,0.426,0.004,0.004
44279,0.42,0.004,0.004
44280,0.434,0.004,0.004
44281,0.422,0.004,0.004
44282,0.428,0,0
44283,0.44,0,0
44284,0.428,0,0
44285,0.428,0,0
44286,0.418,0,0
44287,0.41,0,0
44288,0.416,0,0
44289,0.402,0,0
44290,0.398,0,0
44291,0.394,0,0
44292,0.396,0,0
44293,0.384,0,0
44294,0.378,0,0
44295,0.37,0,0
44296,0.36,0,0
44297,0.35,0,0
44298,0.35,0,0
44299,0.346,0,0
44300,0.342,0,0
44301,0.336,0,0
44302,0.332,0,0
44303,0.326,0,0
44304,0.314,0,0
44305,0.318,0,0
44306,0.312,0,0
44307,0.294,0,0
44308,0.292,0,0
44309,0.294,0,0
44310,0.288,0,0
44311,0.284,0,0
44312,0.292,0,0
44313,0.306,0,0
44314,0.296,0,0
44315,0.282,0,0
44316,0.268,0,0
44317,0.24,0,0
44318,0.224,0,0
44319,0.218,0,0
44320,0.184,0,0
44321,0.182,0,0
44322,0.17,0,0
44323,0.166,0,0
44324,0.152,0,0
44325,0.148,0,0
44326,0.12,0,0
44327,0.116,0,0
44328,0.102,0,0
44329,0.066,0,0
44330,0.042,0,0
44331,0.036,0,0
44332,0.02,0,0
44333,0.018,0,0
44334,0.016,0,0
44335,0.016,0,0
44336,0.01,0,0
44337,0.01,0,0
44338,0.004,0,0
44339,0.004,0,0
44340,0.004,0,0
44341,0.004,0,0
44342,0,0,0
44343,0,0,0
44344,0,0,0
44345,0,0,0
44346,0,0,0
44347,0,0,0
44348,0,0,0
44349,0,0,0
44350,0,0,0
44351,0,0,0
44352,0,0,0
44353,0,0,0
44354,0,0,0
44355,0,0,0
44356,0,0,0
44357,0,0,0
44358,0,0,0
44359,0,0,0
44360,0,0,0
44361,0,0,0
44362,0,0,0
44363,0,0,0
44364,0,0,0
44365,0,0,0
44366,0,0,0
44367,0,0,0
44368,0,0,0
44369,0,0,0
44370,0,0,0
44371,0,0,0
44372,0,0,0
44373,0,0,0
44374,0,0,0
44375,0,0,0
44376,0,0,0
44377,0,0,0
44378,0,0,0
44379,0,0,0
44380,0,0,0
44381,0,0,0
44382,0,0,0
44383,0,0,0
44384,0,0,0
44385,0,0,0
44386,0,0,0
44387,0,0,0
44388,0,0,0
44389,0,0,0
44390,0,0,0
44391,0,0,0
44392,0.008,0.008,0.008
44393,0,0,0
44394,0,0,0
44395,0,0,0
44396,0,0,0
44397,0,0,0
44398,0,0,0
44399,0,0,0
44400,0,0,0
44401,0,0,0
44402,0,0,0
44403,0,0,0
44404,0,0,0
44405,0,0,0
44406,0,0,0
44407,0,0,0
44408,0,0,0
44409,0,0,0
44410,0,0,0
44411,0,0,0
44412,0,0,0
44413,0,0,0
44414,0,0,0
44415,0,0,0
44416,0,0,0
44417,0,0,0
44418,0,0,0
44419,0,0,0
44420,0,0,0
44421,0,0,0
44422,0.004,0.004,0.004
44423,0,0,0
44424,0,0,0
44425,0,0,0
44426,0,0,0
44427,0,0,0
44428,0,0,0
44429,0,0,0
44430,0,0,0
44431,0,0,0
44432,0,0,0
44433,0,0,0
44434,0.004,0.004,0.004
44435,0.01,0.01,0.01
44436,0.014,0.014,0.014
44437,0.018,0.018,0.018
44438,0.02,0.02,0.02
44439,0.018,0.018,0.018
44440,0.018,0.018,0.018
44441,0.052,0.052,0.052
44442,0.052,0.052,0.052
44443,0.052,0.052,0.052
44444,0.046,0.046,0.046
44445,0.044,0.044,0.044
44446,0.044,0.044,0.044
44447,0.05,0.05,0.05
44448,0.046,0.046,0.046
44449,0.044,0.044,0.044
44450,0.038,0.038,0.038
44451,0.038,0.038,0.038
44452,0.038,0.038,0.038
44453,0.048,0.048,0.048
44454,0.058,0.058,0.058
44455,0.068,0.068,0.068
44456,0.058,0.058,0.058
44457,0.054,0.054,0.054
44458,0.05,0.05,0.05
44459,0.072,0.072,0.072
44460,0.088,0.088,0.088
44461,0.11,0.11,0.11
44462,0.098,0.098,0.098
44463,0.112,0.112,0.112
44464,0.104,0.104,0.104
44465,0.134,0.134,0.134
44466,0.14,0.14,0.14
44467,0.122,0.122,0.122
44468,0.118,0.118,0.118
44469,0.12,0.12,0.12
44470,0.106,0.106,0.106
44471,0.072,0.072,0.072
44472,0.054,0.054,0.054
44473,0.054,0.054,0.054
44474,0.12,0.12,0.12
44475,0.168,0.168,0.168
44476,0.15,0.15,0.15
44477,0.128,0.128,0.128
44478,0.124,0.124,0.124
44479,0.146,0.146,0.146
44480,0.146,0.146,0.146
44481,0.144,0.144,0.144
44482,0.136,0.136,0.136
44483,0.132,0.132,0.132
44484,0.118,0.118,0.118
44485,0.13,0.13,0.13
44486,0.106,0.106,0.106
44487,0.116,0.116,0.116
44488,0.126,0.126,0.126
44489,0.12,0.12,0.12
44490,0.14,0.14,0.14
44491,0.126,0.126,0.126
44492,0.122,0.122,0.122
44493,0.118,0.118,0.118
44494,0.106,0.106,0.106
44495,0.118,0.118,0.118
44496,0.12,0.12,0.12
44497,0.108,0.108,0.108
44498,0.124,0.124,0.124
44499,0.126,0.126,0.126
44500,0.106,0.106,0.106
44501,0.098,0.098,0.098
44502,0.106,0.106,0.106
44503,0.116,0.116,0.116
44504,0.116,0.116,0.116
44505,0.13,0.13,0.13
44506,0.148,0.148,0.148
44507,0.154,0.154,0.154
44508,0.134,0.134,0.134
44509,0.154,0.154,0.154
44510,0.132,0.132,0.132
44511,0.126,0.126,0.126
44512,0.122,0.122,0.122
44513,0.134,0.134,0.134
44514,0.142,0.142,0.142
44515,0.136,0.136,0.136
44516,0.122,0.122,0.122
44517,0.16,0.16,0.16
44518,0.188,0.188,0.188
44519,0.154,0.154,0.154
44520,0.188,0.188,0.188
44521,0.17,0.17,0.17
44522,0.174,0.174,0.174
44523,0.17,0.17,0.17
44524,0.162,0.162,0.162
44525,0.158,0.158,0.158
44526,0.156,0.156,0.156
44527,0.164,0.164,0.164
44528,0.16,0.16,0.16
44529,0.164,0.164,0.164
44530,0.112,0.112,0.112
44531,0.154,0.154,0.154
44532,0.154,0.154,0.154
44533,0.154,0.154,0.154
44534,0.158,0.158,0.158
44535,0.156,0.156,0.156
44536,0.156,0.156,0.156
44537,0.16,0.16,0.16
44538,0.138,0.138,0.138
44539,0.15,0.15,0.15
44540,0.154,0.154,0.154
44541,0.162,0.162,0.162
44542,0.172,0.172,0.172
44543,0.17,0.17,0.17
44544,0.19,0.19,0.19
44545,0.23,0.23,0.23
44546,0.274,0.274,0.274
44547,0.246,0.246,0.246
44548,0.24,0.24,0.24
44549,0.276,0.276,0.276
44550,0.308,0.308,0.308
44551,0.248,0.248,0.248
44552,0.264,0.264,0.264
44553,0.262,0.262,0.262
44554,0.304,0.304,0.304
44555,0.302,0.302,0.302
44556,0.29,0.29,0.29
44557,0.246,0.246,0.246
44558,0.248,0.248,0.248
44559,0.244,0.244,0.244
44560,0.222,0.222,0.222
44561,0.228,0.228,0.228
44562,0.234,0.234,0.234
44563,0.238,0.238,0.238
44564,0.246,0.246,0.246
44565,0.242,0.242,0.242
44566,0.248,0.248,0.248
44567,0.238,0.238,0.238
44568,0.25,0.25,0.25
44569,0.248,0.248,0.248
44570,0.248,0.248,0.248
44571,0.278,0.278,0.278
44572,0.268,0.268,0.268
44573,0.274,0.274,0.274
44574,0.272,0.272,0.272
44575,0.276,0.276,0.276
44576,0.28,0.28,0.28
44577,0.288,0.288,0.288
44578,0.302,0.302,0.302
44579,0.298,0.298,0.298
44580,0.31,0.31,0.31
44581,0.312,0.312,0.312
44582,0.358,0.358,0.358
44583,0.342,0.342,0.342
44584,0.338,0.338,0.338
44585,0.338,0.338,0.338
44586,0.344,0.344,0.344
44587,0.342,0.342,0.342
44588,0.33,0.33,0.33
44589,0.332,0.332,0.332
44590,0.342,0.342,0.342
44591,0.336,0.336,0.336
44592,0.382,0.382,0.382
44593,0.368,0.368,0.368
44594,0.35,0.35,0.35
44595,0.376,0.376,0.376
44596,0.406,0.406,0.406
44597,0.39,0.39,0.39
44598,0.39,0.39,0.39
44599,0.372,0.372,0.372
44600,0.368,0.368,0.368
44601,0.38,0.38,0.38
44602,0.368,0.368,0.368
44603,0.372,0.372,0.372
44604,0.358,0.358,0.358
44605,0.366,0.366,0.366
44606,0.372,0.372,0.372
44607,0.382,0.382,0.382
44608,0.388,0.388,0.388
44609,0.39,0.39,0.39
44610,0.382,0.382,0.382
44611,0.386,0.386,0.386
44612,0.416,0.416,0.416
44613,0.406,0.406,0.406
44614,0.406,0.406,0.406
44615,0.404,0.404,0.404
44616,0.404,0.404,0.404
44617,0.402,0.402,0.402
44618,0.404,0.296,0.296
44619,0.426,0.282,0.282
44620,0.422,0.268,0.268
44621,0.418,0.24,0.24
44622,0.418,0.224,0.224
44623,0.412,0.218,0.218
44624,0.414,0.184,0.184
44625,0.398,0.182,0.182
44626,0.388,0.17,0.17
44627,0.39,0.166,0.166
44628,0.378,0.152,0.152
44629,0.374,0.148,0.148
44630,0.384,0.12,0.12
44631,0.446,0.116,0.116
44632,0.432,0.102,0.102
44633,0.442,0.066,0.066
44634,0.44,0.042,0.042
44635,0.432,0.036,0.036
44636,0.436,0.02,0.02
44637,0.432,0.018,0.018
44638,0.43,0.016,0.016
44639,0.43,0.016,0.016
44640,0.41,0.01,0.01
44641,0.422,0.01,0.01
44642,0.43,0.004,0.004
44643,0.426,0.004,0.004
44644,0.42,0.004,0.004
44645,0.434,0.004,0.004
44646,0.422,0,0
44647,0.428,0,0
44648,0.44,0,0
44649,0.428,0,0
44650,0.428,0,0
44651,0.418,0,0
44652,0.41,0,0
44653,0.416,0,0
44654,0.402,0,0
44655,0.398,0,0
44656,0.394,0,0
44657,0.396,0,0
44658,0.384,0,0
44659,0.378,0,0
44660,0.37,0,0
44661,0.36,0,0
44662,0.35,0,0
44663,0.35,0,0
44664,0.346,0,0
44665,0.342,0,0
44666,0.336,0,0
44667,0.332,0,0
44668,0.326,0,0
44669,0.314,0,0
44670,0.318,0,0
44671,0.312,0,0
44672,0.294,0,0
44673,0.292,0,0
44674,0.294,0,0
44675,0.288,0,0
44676,0.284,0,0
44677,0.292,0,0
44678,0.306,0,0
44679,0.296,0,0
44680,0.282,0,0
44681,0.268,0,0
44682,0.24,0,0
44683,0.224,0,0
44684,0.218,0,0
44685,0.184,0,0
44686,0.182,0,0
44687,0.17,0,0
44688,0.166,0,0
44689,0.152,0,0
44690,0.148,0,0
44691,0.12,0,0
44692,0.116,0,0
44693,0.102,0,0
44694,0.066,0,0
44695,0.042,0,0
44696,0.036,0,0
44697,0.02,0,0
44698,0.018,0,0
44699,0.016,0,0
44700,0.016,0,0
44701,0.01,0,0
44702,0.01,0,0
44703,0.004,0,0
44704,0.004,0,0
44705,0.004,0,0
44706,0.004,0,0
44707,0,0,0
44708,0,0,0
44709,0,0,0
44710,0,0,0
44711,0,0,0
44712,0,0,0
44713,0,0,0
44714,0,0,0
44715,0,0,0
44716,0,0,0
44717,0,0,0
44718,0,0,0
44719,0,0,0
44720,0,0,0
44721,0,0,0
44722,0,0,0
44723,0,0,0
44724,0,0,0
44725,0,0,0
44726,0,0,0
44727,0,0,0
44728,0,0,0
44729,0,0,0
44730,0,0,0
44731,0,0,0
44732,0,0,0
44733,0,0,0
44734,0,0,0
44735,0,0,0
44736,0,0,0
44737,0,0,0
44738,0,0,0
44739,0,0,0
44740,0,0,0
44741,0,0,0
44742,0,0,0
44743,0,0,0
44744,0,0,0
44745,0,0,0
44746,0,0,0
44747,0,0,0
44748,0,0,0
44749,0,0,0
44750,0,0,0
44751,0,0,0
44752,0,0,0
44753,0,0,0
44754,0,0,0
44755,0,0,0
44756,0,0,0
44757,0.008,0.008,0.008
44758,0,0,0
44759,0,0,0
44760,0,0,0
44761,0,0,0
44762,0,0,0
44763,0,0,0
44764,0,0,0
44765,0,0,0
44766,0,0,0
44767,0,0,0
44768,0,0,0
44769,0,0,0
44770,0,0,0
44771,0,0,0
44772,0,0,0
44773,0,0,0
44774,0,0,0
44775,0,0,0
44776,0,0,0
44777,0,0,0
44778,0,0,0
44779,0,0,0
44780,0,0,0
44781,0,0,0
44782,0,0,0
44783,0,0,0
44784,0,0,0
44785,0,0,0
44786,0,0,0
44787,0.004,0.004,0.004
44788,0,0,0
44789,0,0,0
44790,0,0,0
44791,0,0,0
44792,0,0,0
44793,0,0,0
44794,0,0,0
44795,0,0,0
44796,0,0,0
44797,0,0,0
44798,0,0,0
44799,0.004,0.004,0.004
44800,0.01,0.01,0.01
44801,0.014,0.014,0.014
44802,0.018,0.018,0.018
44803,0.02,0.02,0.02
44804,0.018,0.018,0.018
44805,0.018,0.018,0.018
44806,0.052,0.052,0.052
44807,0.052,0.052,0.052
44808,0.052,0.052,0.052
44809,0.046,0.046,0.046
44810,0.044,0.044,0.044
44811,0.044,0.044,0.044
44812,0.05,0.05,0.05
44813,0.046,0.046,0.046
44814,0.044,0.044,0.044
44815,0.038,0.038,0.038
44816,0.038,0.038,0.038
44817,0.038,0.038,0.038
44818,0.048,0.048,0.048
44819,0.058,0.058,0.058
44820,0.068,0.068,0.068
44821,0.058,0.058,0.058
44822,0.054,0.054,0.054
44823,0.05,0.05,0.05
44824,0.072,0.072,0.072
44825,0.088,0.088,0.088
44826,0.11,0.11,0.11
44827,0.098,0.098,0.098
44828,0.112,0.112,0.112
44829,0.104,0.104,0.104
44830,0.134,0.134,0.134
44831,0.14,0.14,0.14
44832,0.122,0.122,0.122
44833,0.118,0.118,0.118
44834,0.12,0.12,0.12
44835,0.106,0.106,0.106
44836,0.072,0.072,0.072
44837,0.054,0.054,0.054
44838,0.054,0.054,0.054
44839,0.12,0.12,0.12
44840,0.168,0.168,0.168
44841,0.15,0.15,0.15
44842,0.128,0.128,0.128
44843,0.124,0.124,0.124
44844,0.146,0.146,0.146
44845,0.146,0.146,0.146
44846,0.144,0.144,0.144
44847,0.136,0.136,0.136
44848,0.132,0.132,0.132
44849,0.118,0.118,0.118
44850,0.13,0.13,0.13
44851,0.106,0.106,0.106
44852,0.116,0.116,0.116
44853,0.126,0.126,0.126
44854,0.12,0.12,0.12
44855,0.14,0.14,0.14
44856,0.126,0.126,0.126
44857,0.122,0.122,0.122
44858,0.118,0.118,0.118
44859,0.106,0.106,0.106
44860,0.118,0.118,0.118
44861,0.12,0.12,0.12
44862,0.108,0.108,0.108
44863,0.124,0.124,0.124
44864,0.126,0.126,0.126
44865,0.106,0.106,0.106
44866,0.098,0.098,0.098
44867,0.106,0.106,0.106
44868,0.116,0.116,0.116
44869,0.116,0.116,0.116
44870,0.13,0.13,0.13
44871,0.148,0.148,0.148
44872,0.154,0.154,0.154
44873,0.134,0.134,0.134
44874,0.154,0.154,0.154
44875,0.132,0.132,0.132
44876,0.126,0.126,0.126
44877,0.122,0.122,0.122
44878,0.134,0.134,0.134
44879,0.142,0.142,0.142
44880,0.136,0.136,0.136
44881,0.122,0.122,0.122
44882,0.16,0.16,0.16
44883,0.188,0.188,0.188
44884,0.154,0.154,0.154
44885,0.188,0.188,0.188
44886,0.17,0.17,0.17
44887,0.174,0.174,0.174
44888,0.17,0.17,0.17
44889,0.162,0.162,0.162
44890,0.158,0.158,0.158
44891,0.156,0.156,0.156
44892,0.164,0.164,0.164
44893,0.16,0.16,0.16
44894,0.164,0.164,0.164
44895,0.112,0.112,0.112
44896,0.154,0.154,0.154
44897,0.154,0.154,0.154
44898,0.154,0.154,0.154
44899,0.158,0.158,0.158
44900,0.156,0.156,0.156
44901,0.156,0.156,0.156
44902,0.16,0.16,0.16
44903,0.138,0.138,0.138
44904,0.15,0.15,0.15
44905,0.154,0.154,0.154
44906,0.162,0.162,0.162
44907,0.172,0.172,0.172
44908,0.17,0.17,0.17
44909,0.19,0.19,0.19
44910,0.23,0.23,0.23
44911,0.274,0.274,0.274
44912,0.246,0.246,0.246
44913,0.24,0.24,0.24
44914,0.276,0.276,0.276
44915,0.308,0.308,0.308
44916,0.248,0.248,0.248
44917,0.264,0.264,0.264
44918,0.262,0.262,0.262
44919,0.304,0.304,0.304
44920,0.302,0.302,0.302
44921,0.29,0.29,0.29
44922,0.246,0.246,0.246
44923,0.248,0.248,0.248
44924,0.244,0.244,0.244
44925,0.222,0.222,0.222
44926,0.228,0.228,0.228
44927,0.234,0.234,0.234
44928,0.238,0.238,0.238
44929,0.246,0.246,0.246
44930,0.242,0.242,0.242
44931,0.248,0.248,0.248
44932,0.238,0.238,0.238
44933,0.25,0.25,0.25
44934,0.248,0.248,0.248
44935,0.248,0.248,0.248
44936,0.278,0.278,0.278
44937,0.268,0.268,0.268
44938,0.274,0.274,0.274
44939,0.272,0.272,0.272
44940,0.276,0.276,0.276
44941,0.28,0.28,0.28
44942,0.288,0.288,0.288
44943,0.302,0.302,0.302
44944,0.298,0.298,0.298
44945,0.31,0.31,0.31
44946,0.312,0.312,0.312
44947,0.358,0.358,0.358
44948,0.342,0.342,0.342
44949,0.338,0.338,0.338
44950,0.338,0.338,0.338
44951,0.344,0.344,0.344
44952,0.342,0.342,0.342
44953,0.33,0.33,0.33
44954,0.332,0.332,0.332
44955,0.342,0.342,0.342
44956,0.336,0.336,0.336
44957,0.382,0.382,0.382
44958,0.368,0.368,0.368
44959,0.35,0.35,0.35
44960,0.376,0.376,0.376
44961,0.406,0.406,0.406
44962,0.39,0.39,0.39
44963,0.39,0.39,0.39
44964,0.372,0.372,0.372
44965,0.368,0.368,0.368
44966,0.38,0.38,0.38
44967,0.368,0.368,0.368
44968,0.372,0.372,0.372
44969,0.358,0.358,0.358
44970,0.366,0.366,0.366
44971,0.372,0.372,0.372
44972,0.382,0.382,0.382
44973,0.388,0.388,0.388
44974,0.39,0.39,0.39
44975,0.382,0.382,0.382
44976,0.386,0.386,0.386
44977,0.416,0.416,0.416
44978,0.406,0.406,0.406
44979,0.406,0.406,0.406
44980,0.404,0.404,0.404
44981,0.404,0.404,0.404
44982,0.402,0.402,0.402
44983,0.404,0.296,0.296
44984,0.426,0.282,0.282
44985,0.422,0.268,0.268
44986,0.418,0.24,0.24
44987,0.418,0.224,0.224
44988,0.412,0.218,0.218
44989,0.414,0.184,0.184
44990,0.398,0.182,0.182
44991,0.388,0.17,0.17
44992,0.39,0.166,0.166
44993,0.378,0.152,0.152
44994,0.374,0.148,0.148
44995,0.384,0.12,0.12
44996,0.446,0.116,0.116
44997,0.432,0.102,0.102
44998,0.442,0.066,0.066
44999,0.44,0.042,0.042
45000,0.432,0.036,0.036
45001,0.436,0.02,0.02
45002,0.432,0.018,0.018
45003,0.43,0.016,0.016
45004,0.43,0.016,0.016
45005,0.41,0.01,0.01
45006,0.422,0.01,0.01
45007,0.43,0.004,0.004
45008,0.426,0.004,0.004
45009,0.42,0.004,0.004
45010,0.434,0.004,0.004
45011,0.422,0,0
45012,0.428,0,0
45013,0.44,0,0
45014,0.428,0,0
45015,0.428,0,0
45016,0.418,0,0
45017,0.41,0,0
45018,0.416,0,0
45019,0.402,0,0
45020,0.398,0,0
45021,0.394,0,0
45022,0.396,0,0
45023,0.384,0,0
45024,0.378,0,0
45025,0.37,0,0
45026,0.36,0,0
45027,0.35,0,0
45028,0.35,0,0
45029,0.346,0,0
45030,0.342,0,0
45031,0.336,0,0
45032,0.332,0,0
45033,0.326,0,0
45034,0.314,0,0
45035,0.318,0,0
45036,0.312,0,0
45037,0.294,0,0
45038,0.292,0,0
45039,0.294,0,0
45040,0.288,0,0
45041,0.284,0,0
45042,0.292,0,0
45043,0.306,0,0
45044,0.296,0,0
45045,0.282,0,0
45046,0.268,0,0
45047,0.24,0,0
45048,0.224,0,0
45049,0.218,0,0
45050,0.184,0,0
45051,0.182,0,0
45052,0.17,0,0
45053,0.166,0,0
45054,0.152,0,0
45055,0.148,0,0
45056,0.12,0,0
45057,0.116,0,0
45058,0.102,0,0
45059,0.066,0,0
45060,0.042,0,0
45061,0.036,0,0
45062,0.02,0,0
45063,0.018,0,0
45064,0.016,0,0
45065,0.016,0,0
45066,0.01,0,0
45067,0.01,0,0
45068,0.004,0,0
45069,0.004,0,0
45070,0.004,0,0
45071,0.004,0,0
45072,0,0,0
45073,0,0,0
45074,0,0,0
45075,0,0,0
45076,0,0,0
45077,0,0,0
45078,0,0,0
45079,0,0,0
45080,0,0,0
45081,0,0,0
45082,0,0,0
45083,0,0,0
45084,0,0,0
45085,0,0,0
45086,0,0,0
45087,0,0,0
45088,0,0,0
45089,0,0,0
45090,0,0,0
45091,0,0,0
45092,0,0,0
45093,0,0,0
45094,0,0,0
45095,0,0,0
45096,0,0,0
45097,0,0,0
45098,0,0,0
45099,0,0,0
45100,0,0,0
45101,0,0,0
45102,0,0,0
45103,0,0,0
45104,0,0,0
45105,0,0,0
45106,0,0,0
45107,0,0,0
45108,0,0,0
45109,0,0,0
45110,0,0,0
45111,0,0,0
45112,0,0,0
45113,0,0,0
45114,0,0,0
45115,0,0,0
45116,0,0,0
45117,0,0,0
45118,0,0,0
45119,0,0,0
45120,0,0,0
45121,0,0,0
45122,0.008,0.008,0.008
45123,0,0,0
45124,0,0,0
45125,0,0,0
45126,0,0,0
45127,0,0,0
45128,0,0,0
45129,0,0,0
45130,0,0,0
45131,0,0,0
45132,0,0,0
45133,0,0,0
45134,0,0,0
45135,0,0,0
45136,0,0,0
45137,0,0,0
45138,0,0,0
45139,0,0,0
45140,0,0,0
45141,0,0,0
45142,0,0,0
45143,0,0,0
45144,0,0,0
45145,0,0,0
45146,0,0,0
45147,0,0,0
45148,0,0,0
45149,0,0,0
45150,0,0,0
45151,0,0,0
45152,0.004,0.004,0.004
45153,0,0,0
45154,0,0,0
45155,0,0,0
45156,0,0,0
45157,0,0,0
45158,0,0,0
45159,0,0,0
45160,0,0,0
45161,0,0,0
45162,0,0,0
45163,0,0,0
45164,0.004,0.004,0.004
45165,0.01,0.01,0.01
45166,0.014,0.014,0.014
45167,0.018,0.018,0.018
45168,0.02,0.02,0.02
45169,0.018,0.018,0.018
45170,0.018,0.018,0.018
45171,0.052,0.052,0.052
45172,0.052,0.052,0.052
45173,0.052,0.052,0.052
45174,0.046,0.046,0.046
45175,0.044,0.044,0.044
45176,0.044,0.044,0.044
45177,0.05,0.05,0.05
45178,0.046,0.046,0.046
45179,0.044,0.044,0.044
45180,0.038,0.038,0.038
45181,0.038,0.038,0.038
45182,0.038,0.038,0.038
45183,0.048,0.048,0.048
45184,0.058,0.058,0.058
45185,0.068,0.068,0.068
45186,0.058,0.058,0.058
45187,0.054,0.054,0.054
45188,0.05,0.05,0.05
45189,0.072,0.072,0.072
45190,0.088,0.088,0.088
45191,0.11,0.11,0.11
45192,0.098,0.098,0.098
45193,0.112,0.112,0.112
45194,0.104,0.104,0.104
45195,0.134,0.134,0.134
45196,0.14,0.14,0.14
45197,0.122,0.122,0.122
45198,0.118,0.118,0.118
45199,0.12,0.12,0.12
45200,0.106,0.106,0.106
45201,0.072,0.072,0.072
45202,0.054,0.054,0.054
45203,0.054,0.054,0.054
45204,0.12,0.12,0.12
45205,0.168,0.168,0.168
45206,0.15,0.15,0.15
45207,0.128,0.128,0.128
45208,0.124,0.124,0.124
45209,0.146,0.146,0.146
45210,0.146,0.146,0.146
45211,0.144,0.144,0.144
45212,0.136,0.136,0.136
45213,0.132,0.132,0.132
45214,0.118,0.118,0.118
45215,0.13,0.13,0.13
45216,0.106,0.106,0.106
45217,0.116,0.116,0.116
45218,0.126,0.126,0.126
45219,0.12,0.12,0.12
45220,0.14,0.14,0.14
45221,0.126,0.126,0.126
45222,0.122,0.122,0.122
45223,0.118,0.118,0.118
45224,0.106,0.106,0.106
45225,0.118,0.118,0.118
45226,0.12,0.12,0.12
45227,0.108,0.108,0.108
45228,0.124,0.124,0.124
45229,0.126,0.126,0.126
45230,0.106,0.106,0.106
45231,0.098,0.098,0.098
45232,0.106,0.106,0.106
45233,0.116,0.116,0.116
45234,0.116,0.116,0.116
45235,0.13,0.13,0.13
45236,0.148,0.148,0.148
45237,0.154,0.154,0.154
45238,0.134,0.134,0.134
45239,0.154,0.154,0.154
45240,0.132,0.132,0.132
45241,0.126,0.126,0.126
45242,0.122,0.122,0.122
45243,0.134,0.134,0.134
45244,0.142,0.142,0.142
45245,0.136,0.136,0.136
45246,0.122,0.122,0.122
45247,0.16,0.16,0.16
45248,0.188,0.188,0.188
45249,0.154,0.154,0.154
45250,0.188,0.188,0.188
45251,0.17,0.17,0.17
45252,0.174,0.174,0.174
45253,0.17,0.17,0.17
45254,0.162,0.162,0.162
45255,0.158,0.158,0.158
45256,0.156,0.156,0.156
45257,0.164,0.164,0.164
45258,0.16,0.16,0.16
45259,0.164,0.164,0.164
45260,0.112,0.112,0.112
45261,0.154,0.154,0.154
45262,0.154,0.154,0.154
45263,0.154,0.154,0.154
45264,0.158,0.158,0.158
45265,0.156,0.156,0.156
45266,0.156,0.156,0.156
45267,0.16,0.16,0.16
45268,0.138,0.138,0.138
45269,0.15,0.15,0.15
45270,0.154,0.154,0.154
45271,0.162,0.162,0.162
45272,0.172,0.172,0.172
45273,0.17,0.17,0.17
45274,0.19,0.19,0.19
45275,0.23,0.23,0.23
45276,0.274,0.274,0.274
45277,0.246,0.246,0.246
45278,0.24,0.24,0.24
45279,0.276,0.276,0.276
45280,0.308,0.308,0.308
45281,0.248,0.248,0.248
45282,0.264,0.264,0.264
45283,0.262,0.262,0.262
45284,0.304,0.304,0.304
45285,0.302,0.302,0.302
45286,0.29,0.29,0.29
45287,0.246,0.246,0.246
45288,0.248,0.248,0.248
45289,0.244,0.244,0.244
45290,0.222,0.222,0.222
45291,0.228,0.228,0.228
45292,0.234,0.234,0.234
45293,0.238,0.238,0.238
45294,0.246,0.246,0.246
45295,0.242,0.242,0.242
45296,0.248,0.248,0.248
45297,0.238,0.238,0.238
45298,0.25,0.25,0.25
45299,0.248,0.248,0.248
45300,0.248,0.248,0.248
45301,0.278,0.278,0.278
45302,0.268,0.268,0.268
45303,0.274,0.274,0.274
45304,0.272,0.272,0.272
45305,0.276,0.276,0.276
45306,0.28,0.28,0.28
45307,0.288,0.288,0.288
45308,0.302,0.302,0.302
45309,0.298,0.298,0.298
45310,0.31,0.31,0.31
45311,0.312,0.312,0.312
45312,0.358,0.358,0.358
45313,0.342,0.342,0.342
45314,0.338,0.338,0.338
45315,0.338,0.338,0.338
45316,0.344,0.344,0.344
45317,0.342,0.342,0.342
45318,0.33,0.33,0.33
45319,0.332,0.332,0.332
45320,0.342,0.342,0.342
45321,0.336,0.336,0.336
45322,0.382,0.382,0.382
45323,0.368,0.368,0.368
45324,0.35,0.35,0.35
45325,0.376,0.376,0.376
45326,0.406,0.406,0.406
45327,0.39,0.39,0.39
45328,0.39,0.39,0.39
45329,0.372,0.372,0.372
45330,0.368,0.368,0.368
45331,0.38,0.38,0.38
45332,0.368,0.368,0.368
45333,0.372,0.372,0.372
45334,0.358,0.358,0.358
45335,0.366,0.366,0.366
45336,0.372,0.372,0.372
45337,0.382,0.382,0.382
45338,0.388,0.388,0.388
45339,0.39,0.39,0.39
45340,0.382,0.382,0.382
45341,0.386,0.386,0.386
45342,0.416,0.416,0.416
45343,0.406,0.406,0.406
45344,0.406,0.406,0.406
45345,0.404,0.404,0.404
45346,0.404,0.404,0.404
45347,0.402,0.296,0.296
45348,0.404,0.282,0.282
45349,0.426,0.268,0.268
45350,0.422,0.24,0.24
45351,0.418,0.224,0.224
45352,0.418,0.218,0.218
45353,0.412,0.184,0.184
45354,0.414,0.182,0.182
45355,0.398,0.17,0.17
45356,0.388,0.166,0.166
45357,0.39,0.152,0.152
45358,0.378,0.148,0.148
45359,0.374,0.12,0.12
45360,0.384,0.116,0.116
45361,0.446,0.102,0.102
45362,0.432,0.066,0.066
45363,0.442,0.042,0.042
45364,0.44,0.036,0.036
45365,0.432,0.02,0.02
45366,0.436,0.018,0.018
45367,0.432,0.016,0.016
45368,0.43,0.016,0.016
45369,0.43,0.01,0.01
45370,0.41,0.01,0.01
45371,0.422,0.004,0.004
45372,0.43,0.004,0.004
45373,0.426,0.004,0.004
45374,0.42,0.004,0.004
45375,0.434,0,0
45376,0.422,0,0
45377,0.428,0,0
45378,0.44,0,0
45379,0.428,0,0
45380,0.428,0,0
45381,0.418,0,0
45382,0.41,0,0
45383,0.416,0,0
45384,0.402,0,0
45385,0.398,0,0
45386,0.394,0,0
45387,0.396,0,0
45388,0.384,0,0
45389,0.378,0,0
45390,0.37,0,0
45391,0.36,0,0
45392,0.35,0,0
45393,0.35,0,0
45394,0.346,0,0
45395,0.342,0,0
45396,0.336,0,0
45397,0.332,0,0
45398,0.326,0,0
45399,0.314,0,0
45400,0.318,0,0
45401,0.312,0,0
45402,0.294,0,0
45403,0.292,0,0
45404,0.294,0,0
45405,0.288,0,0
45406,0.284,0,0
45407,0.292,0,0
45408,0.306,0,0
45409,0.296,0,0
45410,0.282,0,0
45411,0.268,0,0
45412,0.24,0,0
45413,0.224,0,0
45414,0.218,0,0
45415,0.184,0,0
45416,0.182,0,0
45417,0.17,0,0
45418,0.166,0,0
45419,0.152,0,0
45420,0.148,0,0
45421,0.12,0,0
45422,0.116,0,0
45423,0.102,0,0
45424,0.066,0,0
45425,0.042,0,0
45426,0.036,0,0
45427,0.02,0,0
45428,0.018,0,0
45429,0.016,0,0
45430,0.016,0,0
45431,0.01,0,0
45432,0.01,0,0
45433,0.004,0,0
45434,0.004,0,0
45435,0.004,0,0
45436,0.004,0,0
45437,0,0,0
45438,0,0,0
45439,0,0,0
45440,0,0,0
45441,0,0,0
45442,0,0,0
45443,0,0,0
45444,0,0,0
45445,0,0,0
45446,0,0,0
45447,0,0,0
45448,0,0,0
45449,0,0,0
45450,0,0,0
45451,0,0,0
45452,0,0,0
45453,0,0,0
45454,0,0,0
45455,0,0,0
45456,0,0,0
45457,0,0,0
45458,0,0,0
45459,0,0,0
45460,0,0,0
45461,0,0,0
45462,0,0,0
45463,0,0,0
45464,0,0,0
45465,0,0,0
45466,0,0,0
45467,0,0,0
45468,0,0,0
45469,0,0,0
45470,0,0,0
45471,0,0,0
45472,0,0,0
45473,0,0,0
45474,0,0,0
45475,0,0,0
45476,0,0,0
45477,0,0,0
45478,0,0,0
45479,0,0,0
45480,0,0,0
45481,0,0,0
45482,0,0,0
45483,0,0,0
45484,0,0,0
45485,0,0,0
45486,0,0,0
45487,0.008,0.008,0.008
45488,0,0,0
45489,0,0,0
45490,0,0,0
45491,0,0,0
45492,0,0,0
45493,0,0,0
45494,0,0,0
45495,0,0,0
45496,0,0,0
45497,0,0,0
45498,0,0,0
45499,0,0,0
45500,0,0,0
45501,0,0,0
45502,0,0,0
45503,0,0,0
45504,0,0,0
45505,0,0,0
45506,0,0,0
45507,0,0,0
45508,0,0,0
45509,0,0,0
45510,0,0,0
45511,0,0,0
45512,0,0,0
45513,0,0,0
45514,0,0,0
45515,0,0,0
45516,0,0,0
45517,0.004,0.004,0.004
45518,0,0,0
45519,0,0,0
45520,0,0,0
45521,0,0,0
45522,0,0,0
45523,0,0,0
45524,0,0,0
45525,0,0,0
45526,0,0,0
45527,0,0,0
45528,0,0,0
45529,0.004,0.004,0.004
45530,0.01,0.01,0.01
45531,0.014,0.014,0.014
45532,0.018,0.018,0.018
45533,0.02,0.02,0.02
45534,0.018,0.018,0.018
45535,0.018,0.018,0.018
45536,0.052,0.052,0.052
45537,0.052,0.052,0.052
45538,0.052,0.052,0.052
45539,0.046,0.046,0.046
45540,0.044,0.044,0.044
45541,0.044,0.044,0.044
45542,0.05,0.05,0.05
45543,0.046,0.046,0.046
45544,0.044,0.044,0.044
45545,0.038,0.038,0.038
45546,0.038,0.038,0.038
45547,0.038,0.038,0.038
45548,0.048,0.048,0.048
45549,0.058,0.058,0.058
45550,0.068,0.068,0.068
45551,0.058,0.058,0.058
45552,0.054,0.054,0.054
45553,0.05,0.05,0.05
45554,0.072,0.072,0.072
45555,0.088,0.088,0.088
45556,0.11,0.11,0.11
45557,0.098,0.098,0.098
45558,0.112,0.112,0.112
45559,0.104,0.104,0.104
45560,0.134,0.134,0.134
45561,0.14,0.14,0.14
45562,0.122,0.122,0.122
45563,0.118,0.118,0.118
45564,0.12,0.12,0.12
45565,0.106,0.106,0.106
45566,0.072,0.072,0.072
45567,0.054,0.054,0.054
45568,0.054,0.054,0.054
45569,0.12,0.12,0.12
45570,0.168,0.168,0.168
45571,0.15,0.15,0.15
45572,0.128,0.128,0.128
45573,0.124,0.124,0.124
45574,0.146,0.146,0.146
45575,0.146,0.146,0.146
45576,0.144,0.144,0.144
45577,0.136,0.136,0.136
45578,0.132,0.132,0.132
45579,0.118,0.118,0.118
45580,0.13,0.13,0.13
45581,0.106,0.106,0.106
45582,0.116,0.116,0.116
45583,0.126,0.126,0.126
45584,0.12,0.12,0.12
45585,0.14,0.14,0.14
45586,0.126,0.126,0.126
45587,0.122,0.122,0.122
45588,0.118,0.118,0.118
45589,0.106,0.106,0.106
45590,0.118,0.118,0.118
45591,0.12,0.12,0.12
45592,0.108,0.108,0.108
45593,0.124,0.124,0.124
45594,0.126,0.126,0.126
45595,0.106,0.106,0.106
45596,0.098,0.098,0.098
45597,0.106,0.106,0.106
45598,0.116,0.116,0.116
45599,0.116,0.116,0.116
45600,0.13,0.13,0.13
45601,0.148,0.148,0.148
45602,0.154,0.154,0.154
45603,0.134,0.134,0.134
45604,0.154,0.154,0.154
45605,0.132,0.132,0.132
45606,0.126,0.126,0.126
45607,0.122,0.122,0.122
45608,0.134,0.134,0.134
45609,0.142,0.142,0.142
45610,0.136,0.136,0.136
45611,0.122,0.122,0.122
45612,0.16,0.16,0.16
45613,0.188,0.188,0.188
45614,0.154,0.154,0.154
45615,0.188,0.188,0.188
45616,0.17,0.17,0.17
45617,0.174,0.174,0.174
45618,0.17,0.17,0.17
45619,0.162,0.162,0.162
45620,0.158,0.158,0.158
45621,0.156,0.156,0.156
45622,0.164,0.164,0.164
45623,0.16,0.16,0.16
45624,0.164,0.164,0.164
45625,0.112,0.112,0.112
45626,0.154,0.154,0.154
45627,0.154,0.154,0.154
45628,0.154,0.154,0.154
45629,0.158,0.158,0.158
45630,0.156,0.156,0.156
45631,0.156,0.156,0.156
45632,0.16,0.16,0.16
45633,0.138,0.138,0.138
45634,0.15,0.15,0.15
45635,0.154,0.154,0.154
45636,0.162,0.162,0.162
45637,0.172,0.172,0.172
45638,0.17,0.17,0.17
45639,0.19,0.19,0.19
45640,0.23,0.23,0.23
45641,0.274,0.274,0.274
45642,0.246,0.246,0.246
45643,0.24,0.24,0.24
45644,0.276,0.276,0.276
45645,0.308,0.308,0.308
45646,0.248,0.248,0.248
45647,0.264,0.264,0.264
45648,0.262,0.262,0.262
45649,0.304,0.304,0.304
45650,0.302,0.302,0.302
45651,0.29,0.29,0.29
45652,0.246,0.246,0.246
45653,0.248,0.248,0.248
45654,0.244,0.244,0.244
45655,0.222,0.222,0.222
45656,0.228,0.228,0.228
45657,0.234,0.234,0.234
45658,0.238,0.238,0.238
45659,0.246,0.246,0.246
45660,0.242,0.242,0.242
45661,0.248,0.248,0.248
45662,0.238,0.238,0.238
45663,0.25,0.25,0.25
45664,0.248,0.248,0.248
45665,0.248,0.248,0.248
45666,0.278,0.278,0.278
45667,0.268,0.268,0.268
45668,0.274,0.274,0.274
45669,0.272,0.272,0.272
45670,0.276,0.276,0.276
45671,0.28,0.28,0.28
45672,0.288,0.288,0.288
45673,0.302,0.302,0.302
45674,0.298,0.298,0.298
45675,0.31,0.31,0.31
45676,0.312,0.312,0.312
45677,0.358,0.358,0.358
45678,0.342,0.342,0.342
45679,0.338,0.338,0.338
45680,0.338,0.338,0.338
45681,0.344,0.344,0.344
45682,0.342,0.342,0.342
45683,0.33,0.33,0.33
45684,0.332,0.332,0.332
45685,0.342,0.342,0.342
45686,0.336,0.336,0.336
45687,0.382,0.382,0.382
45688,0.368,0.368,0.368
45689,0.35,0.35,0.35
45690,0.376,0.376,0.376
45691,0.406,0.406,0.406
45692,0.39,0.39,0.39
45693,0.39,0.39,0.39
45694,0.372,0.372,0.372
45695,0.368,0.368,0.368
45696,0.38,0.38,0.38
45697,0.368,0.368,0.368
45698,0.372,0.372,0.372
45699,0.358,0.358,0.358
45700,0.366,0.366,0.366
45701,0.372,0.372,0.372
45702,0.382,0.382,0.382
45703,0.388,0.388,0.388
45704,0.39,0.39,0.39
45705,0.382,0.382,0.382
45706,0.386,0.386,0.386
45707,0.416,0.416,0.416
45708,0.406,0.406,0.406
45709,0.406,0.406,0.406
45710,0.404,0.404,0.404
45711,0.404,0.404,0.404
45712,0.402,0.296,0.296
45713,0.404,0.282,0.282
45714,0.426,0.268,0.268
45715,0.422,0.24,0.24
45716,0.418,0.224,0.224
45717,0.418,0.218,0.218
45718,0.412,0.184,0.184
45719,0.414,0.182,0.182
45720,0.398,0.17,0.17
45721,0.388,0.166,0.166
45722,0.39,0.152,0.152
45723,0.378,0.148,0.148
45724,0.374,0.12,0.12
45725,0.384,0.116,0.116
45726,0.446,0.102,0.102
45727,0.432,0.066,0.066
45728,0.442,0.042,0.042
45729,0.44,0.036,0.036
45730,0.432,0.02,0.02
45731,0.436,0.018,0.018
45732,0.432,0.016,0.016
45733,0.43,0.016,0.016
45734,0.43,0.01,0.01
45735,0.41,0.01,0.01
45736,0.422,0.004,0.004
45737,0.43,0.004,0.004
45738,0.426,0.004,0.004
45739,0.42,0.004,0.004
45740,0.434,0,0
45741,0.422,0,0
45742,0.428,0,0
45743,0.44,0,0
45744,0.428,0,0
45745,0.428,0,0
45746,0.418,0,0
45747,0.41,0,0
45748,0.416,0,0
45749,0.402,0,0
45750,0.398,0,0
45751,0.394,0,0
45752,0.396,0,0
45753,0.384,0,0
45754,0.378,0,0
45755,0.37,0,0
45756,0.36,0,0
45757,0.35,0,0
45758,0.35,0,0
45759,0.346,0,0
45760,0.342,0,0
45761,0.336,0,0
45762,0.332,0,0
45763,0.326,0,0
45764,0.314,0,0
45765,0.318,0,0
45766,0.312,0,0
45767,0.294,0,0
45768,0.292,0,0
45769,0.294,0,0
45770,0.288,0,0
45771,0.284,0,0
45772,0.292,0,0
45773,0.306,0,0
45774,0.296,0,0
45775,0.282,0,0
45776,0.268,0,0
45777,0.24,0,0
45778,0.224,0,0
45779,0.218,0,0
45780,0.184,0,0
45781,0.182,0,0
45782,0.17,0,0
45783,0.166,0,0
45784,0.152,0,0
45785,0.148,0,0
45786,0.12,0,0
45787,0.116,0,0
45788,0.102,0,0
45789,0.066,0,0
45790,0.042,0,0
45791,0.036,0,0
45792,0.02,0,0
45793,0.018,0,0
45794,0.016,0,0
45795,0.016,0,0
45796,0.01,0,0
45797,0.01,0,0
45798,0.004,0,0
45799,0.004,0,0
45800,0.004,0,0
45801,0.004,0,0
45802,0,0,0
45803,0,0,0
45804,0,0,0
45805,0,0,0
45806,0,0,0
45807,0,0,0
45808,0,0,0
45809,0,0,0
45810,0,0,0
45811,0,0,0
45812,0,0,0
45813,0,0,0
45814,0,0,0
45815,0,0,0
45816,0,0,0
45817,0,0,0
45818,0,0,0
45819,0,0,0
45820,0,0,0
45821,0,0,0
45822,0,0,0
45823,0,0,0
45824,0,0,0
45825,0,0,0
45826,0,0,0
45827,0,0,0
45828,0,0,0
45829,0,0,0
45830,0,0,0
45831,0,0,0
45832,0,0,0
45833,0,0,0
45834,0,0,0
45835,0,0,0
45836,0,0,0
45837,0,0,0
45838,0,0,0
45839,0,0,0
45840,0,0,0
45841,0,0,0
45842,0,0,0
45843,0,0,0
45844,0,0,0
45845,0,0,0
45846,0,0,0
45847,0,0,0
45848,0,0,0
45849,0,0,0
45850,0,0,0
45851,0,0,0
45852,0.008,0.008,0.008
45853,0,0,0
45854,0,0,0
45855,0,0,0
45856,0,0,0
45857,0,0,0
45858,0,0,0
45859,0,0,0
45860,0,0,0
45861,0,0,0
45862,0,0,0
45863,0,0,0
45864,0,0,0
45865,0,0,0
45866,0,0,0
45867,0,0,0
45868,0,0,0
45869,0,0,0
45870,0,0,0
45871,0,0,0
45872,0,0,0
45873,0,0,0
45874,0,0,0
45875,0,0,0
45876,0,0,0
45877,0,0,0
45878,0,0,0
45879,0,0,0
45880,0,0,0
45881,0,0,0
45882,0.004,0.004,0.004
45883,0,0,0
45884,0,0,0
45885,0,0,0
45886,0,0,0
45887,0,0,0
45888,0,0,0
45889,0,0,0
45890,0,0,0
45891,0,0,0
45892,0,0,0
45893,0,0,0
45894,0.004,0.004,0.004
45895,0.01,0.01,0.01
45896,0.014,0.014,0.014
45897,0.018,0.018,0.018
45898,0.02,0.02,0.02
45899,0.018,0.018,0.018
45900,0.018,0.018,0.018
45901,0.052,0.052,0.052
45902,0.052,0.052,0.052
45903,0.052,0.052,0.052
45904,0.046,0.046,0.046
45905,0.044,0.044,0.044
45906,0.044,0.044,0.044
45907,0.05,0.05,0.05
45908,0.046,0.046,0.046
45909,0.044,0.044,0.044
45910,0.038,0.038,0.038
45911,0.038,0.038,0.038
45912,0.038,0.038,0.038
45913,0.048,0.048,0.048
45914,0.058,0.058,0.058
45915,0.068,0.068,0.068
45916,0.058,0.058,0.058
45917,0.054,0.054,0.054
45918,0.05,0.05,0.05
45919,0.072,0.072,0.072
45920,0.088,0.088,0.088
45921,0.11,0.11,0.11
45922,0.098,0.098,0.098
45923,0.112,0.112,0.112
45924,0.104,0.104,0.104
45925,0.134,0.134,0.134
45926,0.14,0.14,0.14
45927,0.122,0.122,0.122
45928,0.118,0.118,0.118
45929,0.12,0.12,0.12
45930,0.106,0.106,0.106
45931,0.072,0.072,0.072
45932,0.054,0.054,0.054
45933,0.054,0.054,0.054
45934,0.12,0.12,0.12
45935,0.168,0.168,0.168
45936,0.15,0.15,0.15
45937,0.128,0.128,0.128
45938,0.124,0.124,0.124
45939,0.146,0.146,0.146
45940,0.146,0.146,0.146
45941,0.144,0.144,0.144
45942,0.136,0.136,0.136
45943,0.132,0.132,0.132
45944,0.118,0.118,0.118
45945,0.13,0.13,0.13
45946,0.106,0.106,0.106
45947,0.116,0.116,0.116
45948,0.126,0.126,0.126
45949,0.12,0.12,0.12
45950,0.14,0.14,0.14
45951,0.126,0.126,0.126
45952,0.122,0.122,0.122
45953,0.118,0.118,0.118
45954,0.106,0.106,0.106
45955,0.118,0.118,0.118
45956,0.12,0.12,0.12
45957,0.108,0.108,0.108
45958,0.124,0.124,0.124
45959,0.126,0.126,0.126
45960,0.106,0.106,0.106
45961,0.098,0.098,0.098
45962,0.106,0.106,0.106
45963,0.116,0.116,0.116
45964,0.116,0.116,0.116
45965,0.13,0.13,0.13
45966,0.148,0.148,0.148
45967,0.154,0.154,0.154
45968,0.134,0.134,0.134
45969,0.154,0.154,0.154
45970,0.132,0.132,0.132
45971,0.126,0.126,0.126
45972,0.122,0.122,0.122
45973,0.134,0.134,0.134
45974,0.142,0.142,0.142
45975,0.136,0.136,0.136
45976,0.122,0.122,0.122
45977,0.16,0.16,0.16
45978,0.188,0.188,0.188
45979,0.154,0.154,0.154
45980,0.188,0.188,0.188
45981,0.17,0.17,0.17
45982,0.174,0.174,0.174
45983,0.17,0.17,0.17
45984,0.162,0.162,0.162
45985,0.158,0.158,0.158
45986,0.156,0.156,0.156
45987,0.164,0.164,0.164
45988,0.16,0.16,0.16
45989,0.164,0.164,0.164
45990,0.112,0.112,0.112
45991,0.154,0.154,0.154
45992,0.154,0.154,0.154
45993,0.154,0.154,0.154
45994,0.158,0.158,0.158
45995,0.156,0.156,0.156
45996,0.156,0.156,0.156
45997,0.16,0.16,0.16
45998,0.138,0.138,0.138
45999,0.15,0.15,0.15
46000,0.154,0.154,0.154
46001,0.162,0.162,0.162
46002,0.172,0.172,0.172
46003,0.17,0.17,0.17
46004,0.19,0.19,0.19
46005,0.23,0.23,0.23
46006,0.274,0.274,0.274
46007,0.246,0.246,0.246
46008,0.24,0.24,0.24
46009,0.276,0.276,0.276
46010,0.308,0.308,0.308
46011,0.248,0.248,0.248
46012,0.264,0.264,0.264
46013,0.262,0.262,0.262
46014,0.304,0.304,0.304
46015,0.302,0.302,0.302
46016,0.29,0.29,0.29
46017,0.246,0.246,0.246
46018,0.248,0.248,0.248
46019,0.244,0.244,0.244
46020,0.222,0.222,0.222
46021,0.228,0.228,0.228
46022,0.234,0.234,0.234
46023,0.238,0.238,0.238
46024,0.246,0.246,0.246
46025,0.242,0.242,0.242
46026,0.248,0.248,0.248
46027,0.238,0.238,0.238
46028,0.25,0.25,0.25
46029,0.248,0.248,0.248
46030,0.248,0.248,0.248
46031,0.278,0.278,0.278
46032,0.268,0.268,0.268
46033,0.274,0.274,0.274
46034,0.272,0.272,0.272
46035,0.276,0.276,0.276
46036,0.28,0.28,0.28
46037,0.288,0.288,0.288
46038,0.302,0.302,0.302
46039,0.298,0.298,0.298
46040,0.31,0.31,0.31
46041,0.312,0.312,0.312
46042,0.358,0.358,0.358
46043,0.342,0.342,0.342
46044,0.338,0.338,0.338
46045,0.338,0.338,0.338
46046,0.344,0.344,0.344
46047,0.342,0.342,0.342
46048,0.33,0.33,0.33
46049,0.332,0.332,0.332
46050,0.342,0.342,0.342
46051,0.336,0.336,0.336
46052,0.382,0.382,0.382
46053,0.368,0.368,0.368
46054,0.35,0.35,0.35
46055,0.376,0.376,0.376
46056,0.406,0.406,0.406
46057,0.39,0.39,0.39
46058,0.39,0.39,0.39
46059,0.372,0.372,0.372
46060,0.368,0.368,0.368
46061,0.38,0.38,0.38
46062,0.368,0.368,0.368
46063,0.372,0.372,0.372
46064,0.358,0.358,0.358
46065,0.366,0.366,0.366
46066,0.372,0.372,0.372
46067,0.382,0.382,0.382
46068,0.388,0.388,0.388
46069,0.39,0.39,0.39
46070,0.382,0.382,0.382
46071,0.386,0.386,0.386
46072,0.416,0.416,0.416
46073,0.406,0.406,0.406
46074,0.406,0.406,0.406
46075,0.404,0.404,0.404
46076,0.404,0.296,0.296
46077,0.402,0.282,0.282
46078,0.404,0.268,0.268
46079,0.426,0.24,0.24
46080,0.422,0.224,0.224
46081,0.418,0.218,0.218
46082,0.418,0.184,0.184
46083,0.412,0.182,0.182
46084,0.414,0.17,0.17
46085,0.398,0.166,0.166
46086,0.388,0.152,0.152
46087,0.39,0.148,0.148
46088,0.378,0.12,0.12
46089,0.374,0.116,0.116
46090,0.384,0.102,0.102
46091,0.446,0.066,0.066
46092,0.432,0.042,0.042
46093,0.442,0.036,0.036
46094,0.44,0.02,0.02
46095,0.432,0.018,0.018
46096,0.436,0.016,0.016
46097,0.432,0.016,0.016
46098,0.43,0.01,0.01
46099,0.43,0.01,0.01
46100,0.41,0.004,0.004
46101,0.422,0.004,0.004
46102,0.43,0.004,0.004
46103,0.426,0.004,0.004
46104,0.42,0,0
46105,0.434,0,0
46106,0.422,0,0
46107,0.428,0,0
46108,0.44,0,0
46109,0.428,0,0
46110,0.428,0,0
46111,0.418,0,0
46112,0.41,0,0
46113,0.416,0,0
46114,0.402,0,0
46115,0.398,0,0
46116,0.394,0,0
46117,0.396,0,0
46118,0.384,0,0
46119,0.378,0,0
46120,0.37,0,0
46121,0.36,0,0
46122,0.35,0,0
46123,0.35,0,0
46124,0.346,0,0
46125,0.342,0,0
46126,0.336,0,0
46127,0.332,0,0
46128,0.326,0,0
46129,0.314,0,0
46130,0.318,0,0
46131,0.312,0,0
46132,0.294,0,0
46133,0.292,0,0
46134,0.294,0,0
46135,0.288,0,0
46136,0.284,0,0
46137,0.292,0,0
46138,0.306,0,0
46139,0.296,0,0
46140,0.282,0,0
46141,0.268,0,0
46142,0.24,0,0
46143,0.224,0,0
46144,0.218,0,0
46145,0.184,0,0
46146,0.182,0,0
46147,0.17,0,0
46148,0.166,0,0
46149,0.152,0,0
46150,0.148,0,0
46151,0.12,0,0
46152,0.116,0,0
46153,0.102,0,0
46154,0.066,0,0
46155,0.042,0,0
46156,0.036,0,0
46157,0.02,0,0
46158,0.018,0,0
46159,0.016,0,0
46160,0.016,0,0
46161,0.01,0,0
46162,0.01,0,0
46163,0.004,0,0
46164,0.004,0,0
46165,0.004,0,0
46166,0.004,0,0
46167,0,0,0
46168,0,0,0
46169,0,0,0
46170,0,0,0
46171,0,0,0
46172,0,0,0
46173,0,0,0
46174,0,0,0
46175,0,0,0
46176,0,0,0
46177,0,0,0
46178,0,0,0
46179,0,0,0
46180,0,0,0
46181,0,0,0
46182,0,0,0
46183,0,0,0
46184,0,0,0
46185,0,0,0
46186,0,0,0
46187,0,0,0
46188,0,0,0
46189,0,0,0
46190,0,0,0
46191,0,0,0
46192,0,0,0
46193,0,0,0
46194,0,0,0
46195,0,0,0
46196,0,0,0
46197,0,0,0
46198,0,0,0
46199,0,0,0
46200,0,0,0
46201,0,0,0
46202,0,0,0
46203,0,0,0
46204,0,0,0
46205,0,0,0
46206,0,0,0
46207,0,0,0
46208,0,0,0
46209,0,0,0
46210,0,0,0
46211,0,0,0
46212,0,0,0
46213,0,0,0
46214,0,0,0
46215,0,0,0
46216,0,0,0
46217,0.008,0.008,0.008
46218,0,0,0
46219,0,0,0
46220,0,0,0
46221,0,0,0
46222,0,0,0
46223,0,0,0
46224,0,0,0
46225,0,0,0
46226,0,0,0
46227,0,0,0
46228,0,0,0
46229,0,0,0
46230,0,0,0
46231,0,0,0
46232,0,0,0
46233,0,0,0
46234,0,0,0
46235,0,0,0
46236,0,0,0
46237,0,0,0
46238,0,0,0
46239,0,0,0
46240,0,0,0
46241,0,0,0
46242,0,0,0
46243,0,0,0
46244,0,0,0
46245,0,0,0
46246,0,0,0
46247,0.004,0.004,0.004
46248,0,0,0
46249,0,0,0
46250,0,0,0
46251,0,0,0
46252,0,0,0
46253,0,0,0
46254,0,0,0
46255,0,0,0
46256,0,0,0
46257,0,0,0
46258,0,0,0
46259,0.004,0.004,0.004
46260,0.01,0.01,0.01
46261,0.014,0.014,0.014
46262,0.018,0.018,0.018
46263,0.02,0.02,0.02
46264,0.018,0.018,0.018
46265,0.018,0.018,0.018
46266,0.052,0.052,0.052
46267,0.052,0.052,0.052
46268,0.052,0.052,0.052
46269,0.046,0.046,0.046
46270,0.044,0.044,0.044
46271,0.044,0.044,0.044
46272,0.05,0.05,0.05
46273,0.046,0.046,0.046
46274,0.044,0.044,0.044
46275,0.038,0.038,0.038
46276,0.038,0.038,0.038
46277,0.038,0.038,0.038
46278,0.048,0.048,0.048
46279,0.058,0.058,0.058
46280,0.068,0.068,0.068
46281,0.058,0.058,0.058
46282,0.054,0.054,0.054
46283,0.05,0.05,0.05
46284,0.072,0.072,0.072
46285,0.088,0.088,0.088
46286,0.11,0.11,0.11
46287,0.098,0.098,0.098
46288,0.112,0.112,0.112
46289,0.104,0.104,0.104
46290,0.134,0.134,0.134
46291,0.14,0.14,0.14
46292,0.122,0.122,0.122
46293,0.118,0.118,0.118
46294,0.12,0.12,0.12
46295,0.106,0.106,0.106
46296,0.072,0.072,0.072
46297,0.054,0.054,0.054
46298,0.054,0.054,0.054
46299,0.12,0.12,0.12
46300,0.168,0.168,0.168
46301,0.15,0.15,0.15
46302,0.128,0.128,0.128
46303,0.124,0.124,0.124
46304,0.146,0.146,0.146
46305,0.146,0.146,0.146
46306,0.144,0.144,0.144
46307,0.136,0.136,0.136
46308,0.132,0.132,0.132
46309,0.118,0.118,0.118
46310,0.13,0.13,0.13
46311,0.106,0.106,0.106
46312,0.116,0.116,0.116
46313,0.126,0.126,0.126
46314,0.12,0.12,0.12
46315,0.14,0.14,0.14
46316,0.126,0.126,0.126
46317,0.122,0.122,0.122
46318,0.118,0.118,0.118
46319,0.106,0.106,0.106
46320,0.118,0.118,0.118
46321,0.12,0.12,0.12
46322,0.108,0.108,0.108
46323,0.124,0.124,0.124
46324,0.126,0.126,0.126
46325,0.106,0.106,0.106
46326,0.098,0.098,0.098
46327,0.106,0.106,0.106
46328,0.116,0.116,0.116
46329,0.116,0.116,0.116
46330,0.13,0.13,0.13
46331,0.148,0.148,0.148
46332,0.154,0.154,0.154
46333,0.134,0.134,0.134
46334,0.154,0.154,0.154
46335,0.132,0.132,0.132
46336,0.126,0.126,0.126
46337,0.122,0.122,0.122
46338,0.134,0.134,0.134
46339,0.142,0.142,0.142
46340,0.136,0.136,0.136
46341,0.122,0.122,0.122
46342,0.16,0.16,0.16
46343,0.188,0.188,0.188
46344,0.154,0.154,0.154
46345,0.188,0.188,0.188
46346,0.17,0.17,0.17
46347,0.174,0.174,0.174
46348,0.17,0.17,0.17
46349,0.162,0.162,0.162
46350,0.158,0.158,0.158
46351,0.156,0.156,0.156
46352,0.164,0.164,0.164
46353,0.16,0.16,0.16
46354,0.164,0.164,0.164
46355,0.112,0.112,0.112
46356,0.154,0.154,0.154
46357,0.154,0.154,0.154
46358,0.154,0.154,0.154
46359,0.158,0.158,0.158
46360,0.156,0.156,0.156
46361,0.156,0.156,0.156
46362,0.16,0.16,0.16
46363,0.138,0.138,0.138
46364,0.15,0.15,0.15
46365,0.154,0.154,0.154
46366,0.162,0.162,0.162
46367,0.172,0.172,0.172
46368,0.17,0.17,0.17
46369,0.19,0.19,0.19
46370,0.23,0.23,0.23
46371,0.274,0.274,0.274
46372,0.246,0.246,0.246
46373,0.24,0.24,0.24
46374,0.276,0.276,0.276
46375,0.308,0.308,0.308
46376,0.248,0.248,0.248
46377,0.264,0.264,0.264
46378,0.262,0.262,0.262
46379,0.304,0.304,0.304
46380,0.302,0.302,0.302
46381,0.29,0.29,0.29
46382,0.246,0.246,0.246
46383,0.248,0.248,0.248
46384,0.244,0.244,0.244
46385,0.222,0.222,0.222
46386,0.228,0.228,0.228
46387,0.234,0.234,0.234
46388,0.238,0.238,0.238
46389,0.246,0.246,0.246
46390,0.242,0.242,0.242
46391,0.248,0.248,0.248
46392,0.238,0.238,0.238
46393,0.25,0.25,0.25
46394,0.248,0.248,0.248
46395,0.248,0.248,0.248
46396,0.278,0.278,0.278
46397,0.268,0.268,0.268
46398,0.274,0.274,0.274
46399,0.272,0.272,0.272
46400,0.276,0.276,0.276
46401,0.28,0.28,0.28
46402,0.288,0.288,0.288
46403,0.302,0.302,0.302
46404,0.298,0.298,0.298
46405,0.31,0.31,0.31
46406,0.312,0.312,0.312
46407,0.358,0.358,0.358
46408,0.342,0.342,0.342
46409,0.338,0.338,0.338
46410,0.338,0.338,0.338
46411,0.344,0.344,0.344
46412,0.342,0.342,0.342
46413,0.33,0.33,0.33
46414,0.332,0.332,0.332
46415,0.342,0.342,0.342
46416,0.336,0.336,0.336
46417,0.382,0.382,0.382
46418,0.368,0.368,0.368
46419,0.35,0.35,0.35
46420,0.376,0.376,0.376
46421,0.406,0.406,0.406
46422,0.39,0.39,0.39
46423,0.39,0.39,0.39
46424,0.372,0.372,0.372
46425,0.368,0.368,0.368
46426,0.38,0.38,0.38
46427,0.368,0.368,0.368
46428,0.372,0.372,0.372
46429,0.358,0.358,0.358
46430,0.366,0.366,0.366
46431,0.372,0.372,0.372
46432,0.382,0.382,0.382
46433,0.388,0.388,0.388
46434,0.39,0.39,0.39
46435,0.382,0.382,0.382
46436,0.386,0.386,0.386
46437,0.416,0.416,0.416
46438,0.406,0.406,0.406
46439,0.406,0.406,0.406
46440,0.404,0.404,0.404
46441,0.404,0.296,0.296
46442,0.402,0.282,0.282
46443,0.404,0.268,0.268
46444,0.426,0.24,0.24
46445,0.422,0.224,0.224
46446,0.418,0.218,0.218
46447,0.418,0.184,0.184
46448,0.412,0.182,0.182
46449,0.414,0.17,0.17
46450,0.398,0.166,0.166
46451,0.388,0.152,0.152
46452,0.39,0.148,0.148
46453,0.378,0.12,0.12
46454,0.374,0.116,0.116
46455,0.384,0.102,0.102
46456,0.446,0.066,0.066
46457,0.432,0.042,0.042
46458,0.442,0.036,0.036
46459,0.44,0.02,0.02
46460,0.432,0.018,0.018
46461,0.436,0.016,0.016
46462,0.432,0.016,0.016
46463,0.43,0.01,0.01
46464,0.43,0.01,0.01
46465,0.41,0.004,0.004
46466,0.422,0.004,0.004
46467,0.43,0.004,0.004
46468,0.426,0.004,0.004
46469,0.42,0,0
46470,0.434,0,0
46471,0.422,0,0
46472,0.428,0,0
46473,0.44,0,0
46474,0.428,0,0
46475,0.428,0,0
46476,0.418,0,0
46477,0.41,0,0
46478,0.416,0,0
46479,0.402,0,0
46480,0.398,0,0
46481,0.394,0,0
46482,0.396,0,0
46483,0.384,0,0
46484,0.378,0,0
46485,0.37,0,0
46486,0.36,0,0
46487,0.35,0,0
46488,0.35,0,0
46489,0.346,0,0
46490,0.342,0,0
46491,0.336,0,0
46492,0.332,0,0
46493,0.326,0,0
46494,0.314,0,0
46495,0.318,0,0
46496,0.312,0,0
46497,0.294,0,0
46498,0.292,0,0
46499,0.294,0,0
46500,0.288,0,0
46501,0.284,0,0
46502,0.292,0,0
46503,0.306,0,0
46504,0.296,0,0
46505,0.282,0,0
46506,0.268,0,0
46507,0.24,0,0
46508,0.224,0,0
46509,0.218,0,0
46510,0.184,0,0
46511,0.182,0,0
46512,0.17,0,0
46513,0.166,0,0
46514,0.152,0,0
46515,0.148,0,0
46516,0.12,0,0
46517,0.116,0,0
46518,0.102,0,0
46519,0.066,0,0
46520,0.042,0,0
46521,0.036,0,0
46522,0.02,0,0
46523,0.018,0,0
46524,0.016,0,0
46525,0.016,0,0
46526,0.01,0,0
46527,0.01,0,0
46528,0.004,0,0
46529,0.004,0,0
46530,0.004,0,0
46531,0.004,0,0
46532,0,0,0
46533,0,0,0
46534,0,0,0
46535,0,0,0
46536,0,0,0
46537,0,0,0
46538,0,0,0
46539,0,0,0
46540,0,0,0
46541,0,0,0
46542,0,0,0
46543,0,0,0
46544,0,0,0
46545,0,0,0
46546,0,0,0
46547,0,0,0
46548,0,0,0
46549,0,0,0
46550,0,0,0
46551,0,0,0
46552,0,0,0
46553,0,0,0
46554,0,0,0
46555,0,0,0
46556,0,0,0
46557,0,0,0
46558,0,0,0
46559,0,0,0
46560,0,0,0
46561,0,0,0
46562,0,0,0
46563,0,0,0
46564,0,0,0
46565,0,0,0
46566,0,0,0
46567,0,0,0
46568,0,0,0
46569,0,0,0
46570,0,0,0
46571,0,0,0
46572,0,0,0
46573,0,0,0
46574,0,0,0
46575,0,0,0
46576,0,0,0
46577,0,0,0
46578,0,0,0
46579,0,0,0
46580,0,0,0
46581,0,0,0
46582,0.008,0.008,0.008
46583,0,0,0
46584,0,0,0
46585,0,0,0
46586,0,0,0
46587,0,0,0
46588,0,0,0
46589,0,0,0
46590,0,0,0
46591,0,0,0
46592,0,0,0
46593,0,0,0
46594,0,0,0
46595,0,0,0
46596,0,0,0
46597,0,0,0
46598,0,0,0
46599,0,0,0
46600,0,0,0
46601,0,0,0
46602,0,0,0
46603,0,0,0
46604,0,0,0
46605,0,0,0
46606,0,0,0
46607,0,0,0
46608,0,0,0
46609,0,0,0
46610,0,0,0
46611,0,0,0
46612,0.004,0.004,0.004
46613,0,0,0
46614,0,0,0
46615,0,0,0
46616,0,0,0
46617,0,0,0
46618,0,0,0
46619,0,0,0
46620,0,0,0
46621,0,0,0
46622,0,0,0
46623,0,0,0
46624,0.004,0.004,0.004
46625,0.01,0.01,0.01
46626,0.014,0.014,0.014
46627,0.018,0.018,0.018
46628,0.02,0.02,0.02
46629,0.018,0.018,0.018
46630,0.018,0.018,0.018
46631,0.052,0.052,0.052
46632,0.052,0.052,0.052
46633,0.052,0.052,0.052
46634,0.046,0.046,0.046
46635,0.044,0.044,0.044
46636,0.044,0.044,0.044
46637,0.05,0.05,0.05
46638,0.046,0.046,0.046
46639,0.044,0.044,0.044
46640,0.038,0.038,0.038
46641,0.038,0.038,0.038
46642,0.038,0.038,0.038
46643,0.048,0.048,0.048
46644,0.058,0.058,0.058
46645,0.068,0.068,0.068
46646,0.058,0.058,0.058
46647,0.054,0.054,0.054
46648,0.05,0.05,0.05
46649,0.072,0.072,0.072
46650,0.088,0.088,0.088
46651,0.11,0.11,0.11
46652,0.098,0.098,0.098
46653,0.112,0.112,0.112
46654,0.104,0.104,0.104
46655,0.134,0.134,0.134
46656,0.14,0.14,0.14
46657,0.122,0.122,0.122
46658,0.118,0.118,0.118
46659,0.12,0.12,0.12
46660,0.106,0.106,0.106
46661,0.072,0.072,0.072
46662,0.054,0.054,0.054
46663,0.054,0.054,0.054
46664,0.12,0.12,0.12
46665,0.168,0.168,0.168
46666,0.15,0.15,0.15
46667,0.128,0.128,0.128
46668,0.124,0.124,0.124
46669,0.146,0.146,0.146
46670,0.146,0.146,0.146
46671,0.144,0.144,0.144
46672,0.136,0.136,0.136
46673,0.132,0.132,0.132
46674,0.118,0.118,0.118
46675,0.13,0.13,0.13
46676,0.106,0.106,0.106
46677,0.116,0.116,0.116
46678,0.126,0.126,0.126
46679,0.12,0.12,0.12
46680,0.14,0.14,0.14
46681,0.126,0.126,0.126
46682,0.122,0.122,0.122
46683,0.118,0.118,0.118
46684,0.106,0.106,0.106
46685,0.118,0.118,0.118
46686,0.12,0.12,0.12
46687,0.108,0.108,0.108
46688,0.124,0.124,0.124
46689,0.126,0.126,0.126
46690,0.106,0.106,0.106
46691,0.098,0.098,0.098
46692,0.106,0.106,0.106
46693,0.116,0.116,0.116
46694,0.116,0.116,0.116
46695,0.13,0.13,0.13
46696,0.148,0.148,0.148
46697,0.154,0.154,0.154
46698,0.134,0.134,0.134
46699,0.154,0.154,0.154
46700,0.132,0.132,0.132
46701,0.126,0.126,0.126
46702,0.122,0.122,0.122
46703,0.134,0.134,0.134
46704,0.142,0.142,0.142
46705,0.136,0.136,0.136
46706,0.122,0.122,0.122
46707,0.16,0.16,0.16
46708,0.188,0.188,0.188
46709,0.154,0.154,0.154
46710,0.188,0.188,0.188
46711,0.17,0.17,0.17
46712,0.174,0.174,0.174
46713,0.17,0.17,0.17
46714,0.162,0.162,0.162
46715,0.158,0.158,0.158
46716,0.156,0.156,0.156
46717,0.164,0.164,0.164
46718,0.16,0.16,0.16
46719,0.164,0.164,0.164
46720,0.112,0.112,0.112
46721,0.154,0.154,0.154
46722,0.154,0.154,0.154
46723,0.154,0.154,0.154
46724,0.158,0.158,0.158
46725,0.156,0.156,0.156
46726,0.156,0.156,0.156
46727,0.16,0.16,0.16
46728,0.138,0.138,0.138
46729,0.15,0.15,0.15
46730,0.154,0.154,0.154
46731,0.162,0.162,0.162
46732,0.172,0.172,0.172
46733,0.17,0.17,0.17
46734,0.19,0.19,0.19
46735,0.23,0.23,0.23
46736,0.274,0.274,0.274
46737,0.246,0.246,0.246
46738,0.24,0.24,0.24
46739,0.276,0.276,0.276
46740,0.308,0.308,0.308
46741,0.248,0.248,0.248
46742,0.264,0.264,0.264
46743,0.262,0.262,0.262
46744,0.304,0.304,0.304
46745,0.302,0.302,0.302
46746,0.29,0.29,0.29
46747,0.246,0.246,0.246
46748,0.248,0.248,0.248
46749,0.244,0.244,0.244
46750,0.222,0.222,0.222
46751,0.228,0.228,0.228
46752,0.234,0.234,0.234
46753,0.238,0.238,0.238
46754,0.246,0.246,0.246
46755,0.242,0.242,0.242
46756,0.248,0.248,0.248
46757,0.238,0.238,0.238
46758,0.25,0.25,0.25
46759,0.248,0.248,0.248
46760,0.248,0.248,0.248
46761,0.278,0.278,0.278
46762,0.268,0.268,0.268
46763,0.274,0.274,0.274
46764,0.272,0.272,0.272
46765,0.276,0.276,0.276
46766,0.28,0.28,0.28
46767,0.288,0.288,0.288
46768,0.302,0.302,0.302
46769,0.298,0.298,0.298
46770,0.31,0.31,0.31
46771,0.312,0.312,0.312
46772,0.358,0.358,0.358
46773,0.342,0.342,0.342
46774,0.338,0.338,0.338
46775,0.338,0.338,0.338
46776,0.344,0.344,0.344
46777,0.342,0.342,0.342
46778,0.33,0.33,0.33
46779,0.332,0.332,0.332
46780,0.342,0.342,0.342
46781,0.336,0.336,0.336
46782,0.382,0.382,0.382
46783,0.368,0.368,0.368
46784,0.35,0.35,0.35
46785,0.376,0.376,0.376
46786,0.406,0.406,0.406
46787,0.39,0.39,0.39
46788,0.39,0.39,0.39
46789,0.372,0.372,0.372
46790,0.368,0.368,0.368
46791,0.38,0.38,0.38
46792,0.368,0.368,0.368
46793,0.372,0.372,0.372
46794,0.358,0.358,0.358
46795,0.366,0.366,0.366
46796,0.372,0.372,0.372
46797,0.382,0.382,0.382
46798,0.388,0.388,0.388
46799,0.39,0.39,0.39
46800,0.382,0.382,0.382
46801,0.386,0.386,0.386
46802,0.416,0.416,0.416
46803,0.406,0.406,0.406
46804,0.406,0.406,0.406
46805,0.404,0.296,0.296
46806,0.404,0.282,0.282
46807,0.402,0.268,0.268
46808,0.404,0.24,0.24
46809,0.426,0.224,0.224
46810,0.422,0.218,0.218
46811,0.418,0.184,0.184
46812,0.418,0.182,0.182
46813,0.412,0.17,0.17
46814,0.414,0.166,0.166
46815,0.398,0.152,0.152
46816,0.388,0.148,0.148
46817,0.39,0.12,0.12
46818,0.378,0.116,0.116
46819,0.374,0.102,0.102
46820,0.384,0.066,0.066
46821,0.446,0.042,0.042
46822,0.432,0.036,0.036
46823,0.442,0.02,0.02
46824,0.44,0.018,0.018
46825,0.432,0.016,0.016
46826,0.436,0.016,0.016
46827,0.432,0.01,0.01
46828,0.43,0.01,0.01
46829,0.43,0.004,0.004
46830,0.41,0.004,0.004
46831,0.422,0.004,0.004
46832,0.43,0.004,0.004
46833,0.426,0,0
46834,0.42,0,0
46835,0.434,0,0
46836,0.422,0,0
46837,0.428,0,0
46838,0.44,0,0
46839,0.428,0,0
46840,0.428,0,0
46841,0.418,0,0
46842,0.41,0,0
46843,0.416,0,0
46844,0.402,0,0
46845,0.398,0,0
46846,0.394,0,0
46847,0.396,0,0
46848,0.384,0,0
46849,0.378,0,0
46850,0.37,0,0
46851,0.36,0,0
46852,0.35,0,0
46853,0.35,0,0
46854,0.346,0,0
46855,0.342,0,0
46856,0.336,0,0
46857,0.332,0,0
46858,0.326,0,0
46859,0.314,0,0
46860,0.318,0,0
46861,0.312,0,0
46862,0.294,0,0
46863,0.292,0,0
46864,0.294,0,0
46865,0.288,0,0
46866,0.284,0,0
46867,0.292,0,0
46868,0.306,0,0
46869,0.296,0,0
46870,0.282,0,0
46871,0.268,0,0
46872,0.24,0,0
46873,0.224,0,0
46874,0.218,0,0
46875,0.184,0,0
46876,0.182,0,0
46877,0.17,0,0
46878,0.166,0,0
46879,0.152,0,0
46880,0.148,0,0
46881,0.12,0,0
46882,0.116,0,0
46883,0.102,0,0
46884,0.066,0,0
46885,0.042,0,0
46886,0.036,0,0
46887,0.02,0,0
46888,0.018,0,0
46889,0.016,0,0
46890,0.016,0,0
46891,0.01,0,0
46892,0.01,0,0
46893,0.004,0,0
46894,0.004,0,0
46895,0.004,0,0
46896,0.004,0,0
46897,0,0,0
46898,0,0,0
46899,0,0,0
46900,0,0,0
46901,0,0,0
46902,0,0,0
46903,0,0,0
46904,0,0,0
46905,0,0,0
46906,0,0,0
46907,0,0,0
46908,0,0,0
46909,0,0,0
46910,0,0,0
46911,0,0,0
46912,0,0,0
46913,0,0,0
46914,0,0,0
46915,0,0,0
46916,0,0,0
46917,0,0,0
46918,0,0,0
46919,0,0,0
46920,0,0,0
46921,0,0,0
46922,0,0,0
46923,0,0,0
46924,0,0,0
46925,0,0,0
46926,0,0,0
46927,0,0,0
46928,0,0,0
46929,0,0,0
46930,0,0,0
46931,0,0,0
46932,0,0,0
46933,0,0,0
46934,0,0,0
46935,0,0,0
46936,0,0,0
46937,0,0,0
46938,0,0,0
46939,0,0,0
46940,0,0,0
46941,0,0,0
46942,0,0,0
46943,0,0,0
46944,0,0,0
46945,0,0,0
46946,0,0,0
46947,0.008,0.008,0.008
46948,0,0,0
46949,0,0,0
46950,0,0,0
46951,0,0,0
46952,0,0,0
46953,0,0,0
46954,0,0,0
46955,0,0,0
46956,0,0,0
46957,0,0,0
46958,0,0,0
46959,0,0,0
46960,0,0,0
46961,0,0,0
46962,0,0,0
46963,0,0,0
46964,0,0,0
46965,0,0,0
46966,0,0,0
46967,0,0,0
46968,0,0,0
46969,0,0,0
46970,0,0,0
46971,0,0,0
46972,0,0,0
46973,0,0,0
46974,0,0,0
46975,0,0,0
46976,0,0,0
46977,0.004,0.004,0.004
46978,0,0,0
46979,0,0,0
46980,0,0,0
46981,0,0,0
46982,0,0,0
46983,0,0,0
46984,0,0,0
46985,0,0,0
46986,0,0,0
46987,0,0,0
46988,0,0,0
46989,0.004,0.004,0.004
46990,0.01,0.01,0.01
46991,0.014,0.014,0.014
46992,0.018,0.018,0.018
46993,0.02,0.02,0.02
46994,0.018,0.018,0.018
46995,0.018,0.018,0.018
46996,0.052,0.052,0.052
46997,0.052,0.052,0.052
46998,0.052,0.052,0.052
46999,0.046,0.046,0.046
47000,0.044,0.044,0.044
47001,0.044,0.044,0.044
47002,0.05,0.05,0.05
47003,0.046,0.046,0.046
47004,0.044,0.044,0.044
47005,0.038,0.038,0.038
47006,0.038,0.038,0.038
47007,0.038,0.038,0.038
47008,0.048,0.048,0.048
47009,0.058,0.058,0.058
47010,0.068,0.068,0.068
47011,0.058,0.058,0.058
47012,0.054,0.054,0.054
47013,0.05,0.05,0.05
47014,0.072,0.072,0.072
47015,0.088,0.088,0.088
47016,0.11,0.11,0.11
47017,0.098,0.098,0.098
47018,0.112,0.112,0.112
47019,0.104,0.104,0.104
47020,0.134,0.134,0.134
47021,0.14,0.14,0.14
47022,0.122,0.122,0.122
47023,0.118,0.118,0.118
47024,0.12,0.12,0.12
47025,0.106,0.106,0.106
47026,0.072,0.072,0.072
47027,0.054,0.054,0.054
47028,0.054,0.054,0.054
47029,0.12,0.12,0.12
47030,0.168,0.168,0.168
47031,0.15,0.15,0.15
47032,0.128,0.128,0.128
47033,0.124,0.124,0.124
47034,0.146,0.146,0.146
47035,0.146,0.146,0.146
47036,0.144,0.144,0.144
47037,0.136,0.136,0.136
47038,0.132,0.132,0.132
47039,0.118,0.118,0.118
47040,0.13,0.13,0.13
47041,0.106,0.106,0.106
47042,0.116,0.116,0.116
47043,0.126,0.126,0.126
47044,0.12,0.12,0.12
47045,0.14,0.14,0.14
47046,0.126,0.126,0.126
47047,0.122,0.122,0.122
47048,0.118,0.118,0.118
47049,0.106,0.106,0.106
47050,0.118,0.118,0.118
47051,0.12,0.12,0.12
47052,0.108,0.108,0.108
47053,0.124,0.124,0.124
47054,0.126,0.126,0.126
47055,0.106,0.106,0.106
47056,0.098,0.098,0.098
47057,0.106,0.106,0.106
47058,0.116,0.116,0.116
47059,0.116,0.116,0.116
47060,0.13,0.13,0.13
47061,0.148,0.148,0.148
47062,0.154,0.154,0.154
47063,0.134,0.134,0.134
47064,0.154,0.154,0.154
47065,0.132,0.132,0.132
47066,0.126,0.126,0.126
47067,0.122,0.122,0.122
47068,0.134,0.134,0.134
47069,0.142,0.142,0.142
47070,0.136,0.136,0.136
47071,0.122,0.122,0.122
47072,0.16,0.16,0.16
47073,0.188,0.188,0.188
47074,0.154,0.154,0.154
47075,0.188,0.188,0.188
47076,0.17,0.17,0.17
47077,0.174,0.174,0.174
47078,0.17,0.17,0.17
47079,0.162,0.162,0.162
47080,0.158,0.158,0.158
47081,0.156,0.156,0.156
47082,0.164,0.164,0.164
47083,0.16,0.16,0.16
47084,0.164,0.164,0.164
47085,0.112,0.112,0.112
47086,0.154,0.154,0.154
47087,0.154,0.154,0.154
47088,0.154,0.154,0.154
47089,0.158,0.158,0.158
47090,0.156,0.156,0.156
47091,0.156,0.156,0.156
47092,0.16,0.16,0.16
47093,0.138,0.138,0.138
47094,0.15,0.15,0.15
47095,0.154,0.154,0.154
47096,0.162,0.162,0.162
47097,0.172,0.172,0.172
47098,0.17,0.17,0.17
47099,0.19,0.19,0.19
47100,0.23,0.23,0.23
47101,0.274,0.274,0.274
47102,0.246,0.246,0.246
47103,0.24,0.24,0.24
47104,0.276,0.276,0.276
47105,0.308,0.308,0.308
47106,0.248,0.248,0.248
47107,0.264,0.264,0.264
47108,0.262,0.262,0.262
47109,0.304,0.304,0.304
47110,0.302,0.302,0.302
47111,0.29,0.29,0.29
47112,0.246,0.246,0.246
47113,0.248,0.248,0.248
47114,0.244,0.244,0.244
47115,0.222,0.222,0.222
47116,0.228,0.228,0.228
47117,0.234,0.234,0.234
47118,0.238,0.238,0.238
47119,0.246,0.246,0.246
47120,0.242,0.242,0.242
47121,0.248,0.248,0.248
47122,0.238,0.238,0.238
47123,0.25,0.25,0.25
47124,0.248,0.248,0.248
47125,0.248,0.248,0.248
47126,0.278,0.278,0.278
47127,0.268,0.268,0.268
47128,0.274,0.274,0.274
47129,0.272,0.272,0.272
47130,0.276,0.276,0.276
47131,0.28,0.28,0.28
47132,0.288,0.288,0.288
47133,0.302,0.302,0.302
47134,0.298,0.298,0.298
47135,0.31,0.31,0.31
47136,0.312,0.312,0.312
47137,0.358,0.358,0.358
47138,0.342,0.342,0.342
47139,0.338,0.338,0.338
47140,0.338,0.338,0.338
47141,0.344,0.344,0.344
47142,0.342,0.342,0.342
47143,0.33,0.33,0.33
47144,0.332,0.332,0.332
47145,0.342,0.342,0.342
47146,0.336,0.336,0.336
47147,0.382,0.382,0.382
47148,0.368,0.368,0.368
47149,0.35,0.35,0.35
47150,0.376,0.376,0.376
47151,0.406,0.406,0.406
47152,0.39,0.39,0.39
47153,0.39,0.39,0.39
47154,0.372,0.372,0.372
47155,0.368,0.368,0.368
47156,0.38,0.38,0.38
47157,0.368,0.368,0.368
47158,0.372,0.372,0.372
47159,0.358,0.358,0.358
47160,0.366,0.366,0.366
47161,0.372,0.372,0.372
47162,0.382,0.382,0.382
47163,0.388,0.388,0.388
47164,0.39,0.39,0.39
47165,0.382,0.382,0.382
47166,0.386,0.386,0.386
47167,0.416,0.416,0.416
47168,0.406,0.406,0.406
47169,0.406,0.406,0.406
47170,0.404,0.296,0.296
47171,0.404,0.282,0.282
47172,0.402,0.268,0.268
47173,0.404,0.24,0.24
47174,0.426,0.224,0.224
47175,0.422,0.218,0.218
47176,0.418,0.184,0.184
47177,0.418,0.182,0.182
47178,0.412,0.17,0.17
47179,0.414,0.166,0.166
47180,0.398,0.152,0.152
47181,0.388,0.148,0.148
47182,0.39,0.12,0.12
47183,0.378,0.116,0.116
47184,0.374,0.102,0.102
47185,0.384,0.066,0.066
47186,0.446,0.042,0.042
47187,0.432,0.036,0.036
47188,0.442,0.02,0.02
47189,0.44,0.018,0.018
47190,0.432,0.016,0.016
47191,0.436,0.016,0.016
47192,0.432,0.01,0.01
47193,0.43,0.01,0.01
47194,0.43,0.004,0.004
47195,0.41,0.004,0.004
47196,0.422,0.004,0.004
47197,0.43,0.004,0.004
47198,0.426,0,0
47199,0.42,0,0
47200,0.434,0,0
47201,0.422,0,0
47202,0.428,0,0
47203,0.44,0,0
47204,0.428,0,0
47205,0.428,0,0
47206,0.418,0,0
47207,0.41,0,0
47208,0.416,0,0
47209,0.402,0,0
47210,0.398,0,0
47211,0.394,0,0
47212,0.396,0,0
47213,0.384,0,0
47214,0.378,0,0
47215,0.37,0,0
47216,0.36,0,0
47217,0.35,0,0
47218,0.35,0,0
47219,0.346,0,0
47220,0.342,0,0
47221,0.336,0,0
47222,0.332,0,0
47223,0.326,0,0
47224,0.314,0,0
47225,0.318,0,0
47226,0.312,0,0
47227,0.294,0,0
47228,0.292,0,0
47229,0.294,0,0
47230,0.288,0,0
47231,0.284,0,0
47232,0.292,0,0
47233,0.306,0,0
47234,0.296,0,0
47235,0.282,0,0
47236,0.268,0,0
47237,0.24,0,0
47238,0.224,0,0
47239,0.218,0,0
47240,0.184,0,0
47241,0.182,0,0
47242,0.17,0,0
47243,0.166,0,0
47244,0.152,0,0
47245,0.148,0,0
47246,0.12,0,0
47247,0.116,0,0
47248,0.102,0,0
47249,0.066,0,0
47250,0.042,0,0
47251,0.036,0,0
47252,0.02,0,0
47253,0.018,0,0
47254,0.016,0,0
47255,0.016,0,0
47256,0.01,0,0
47257,0.01,0,0
47258,0.004,0,0
47259,0.004,0,0
47260,0.004,0,0
47261,0.004,0,0
47262,0,0,0
47263,0,0,0
47264,0,0,0
47265,0,0,0
47266,0,0,0
47267,0,0,0
47268,0,0,0
47269,0,0,0
47270,0,0,0
47271,0,0,0
47272,0,0,0
47273,0,0,0
47274,0,0,0
47275,0,0,0
47276,0,0,0
47277,0,0,0
47278,0,0,0
47279,0,0,0
47280,0,0,0
47281,0,0,0
47282,0,0,0
47283,0,0,0
47284,0,0,0
47285,0,0,0
47286,0,0,0
47287,0,0,0
47288,0,0,0
47289,0,0,0
47290,0,0,0
47291,0,0,0
47292,0,0,0
47293,0,0,0
47294,0,0,0
47295,0,0,0
47296,0,0,0
47297,0,0,0
47298,0,0,0
47299,0,0,0
47300,0,0,0
47301,0,0,0
47302,0,0,0
47303,0,0,0
47304,0,0,0
47305,0,0,0
47306,0,0,0
47307,0,0,0
47308,0,0,0
47309,0,0,0
47310,0,0,0
47311,0,0,0
47312,0.008,0.008,0.008
47313,0,0,0
47314,0,0,0
47315,0,0,0
47316,0,0,0
47317,0,0,0
47318,0,0,0
47319,0,0,0
47320,0,0,0
47321,0,0,0
47322,0,0,0
47323,0,0,0
47324,0,0,0
47325,0,0,0
47326,0,0,0
47327,0,0,0
47328,0,0,0
47329,0,0,0
47330,0,0,0
47331,0,0,0
47332,0,0,0
47333,0,0,0
47334,0,0,0
47335,0,0,0
47336,0,0,0
47337,0,0,0
47338,0,0,0
47339,0,0,0
47340,0,0,0
47341,0,0,0
47342,0.004,0.004,0.004
47343,0,0,0
47344,0,0,0
47345,0,0,0
47346,0,0,0
47347,0,0,0
47348,0,0,0
47349,0,0,0
47350,0,0,0
47351,0,0,0
47352,0,0,0
47353,0,0,0
47354,0.004,0.004,0.004
47355,0.01,0.01,0.01
47356,0.014,0.014,0.014
47357,0.018,0.018,0.018
47358,0.02,0.02,0.02
47359,0.018,0.018,0.018
47360,0.018,0.018,0.018
47361,0.052,0.052,0.052
47362,0.052,0.052,0.052
47363,0.052,0.052,0.052
47364,0.046,0.046,0.046
47365,0.044,0.044,0.044
47366,0.044,0.044,0.044
47367,0.05,0.05,0.05
47368,0.046,0.046,0.046
47369,0.044,0.044,0.044
47370,0.038,0.038,0.038
47371,0.038,0.038,0.038
47372,0.038,0.038,0.038
47373,0.048,0.048,0.048
47374,0.058,0.058,0.058
47375,0.068,0.068,0.068
47376,0.058,0.058,0.058
47377,0.054,0.054,0.054
47378,0.05,0.05,0.05
47379,0.072,0.072,0.072
47380,0.088,0.088,0.088
47381,0.11,0.11,0.11
47382,0.098,0.098,0.098
47383,0.112,0.112,0.112
47384,0.104,0.104,0.104
47385,0.134,0.134,0.134
47386,0.14,0.14,0.14
47387,0.122,0.122,0.122
47388,0.118,0.118,0.118
47389,0.12,0.12,0.12
47390,0.106,0.106,0.106
47391,0.072,0.072,0.072
47392,0.054,0.054,0.054
47393,0.054,0.054,0.054
47394,0.12,0.12,0.12
47395,0.168,0.168,0.168
47396,0.15,0.15,0.15
47397,0.128,0.128,0.128
47398,0.124,0.124,0.124
47399,0.146,0.146,0.146
47400,0.146,0.146,0.146
47401,0.144,0.144,0.144
47402,0.136,0.136,0.136
47403,0.132,0.132,0.132
47404,0.118,0.118,0.118
47405,0.13,0.13,0.13
47406,0.106,0.106,0.106
47407,0.116,0.116,0.116
47408,0.126,0.126,0.126
47409,0.12,0.12,0.12
47410,0.14,0.14,0.14
47411,0.126,0.126,0.126
47412,0.122,0.122,0.122
47413,0.118,0.118,0.118
47414,0.106,0.106,0.106
47415,0.118,0.118,0.118
47416,0.12,0.12,0.12
47417,0.108,0.108,0.108
47418,0.124,0.124,0.124
47419,0.126,0.126,0.126
47420,0.106,0.106,0.106
47421,0.098,0.098,0.098
47422,0.106,0.106,0.106
47423,0.116,0.116,0.116
47424,0.116,0.116,0.116
47425,0.13,0.13,0.13
47426,0.148,0.148,0.148
47427,0.154,0.154,0.154
47428,0.134,0.134,0.134
47429,0.154,0.154,0.154
47430,0.132,0.132,0.132
47431,0.126,0.126,0.126
47432,0.122,0.122,0.122
47433,0.134,0.134,0.134
47434,0.142,0.142,0.142
47435,0.136,0.136,0.136
47436,0.122,0.122,0.122
47437,0.16,0.16,0.16
47438,0.188,0.188,0.188
47439,0.154,0.154,0.154
47440,0.188,0.188,0.188
47441,0.17,0.17,0.17
47442,0.174,0.174,0.174
47443,0.17,0.17,0.17
47444,0.162,0.162,0.162
47445,0.158,0.158,0.158
47446,0.156,0.156,0.156
47447,0.164,0.164,0.164
47448,0.16,0.16,0.16
47449,0.164,0.164,0.164
47450,0.112,0.112,0.112
47451,0.154,0.154,0.154
47452,0.154,0.154,0.154
47453,0.154,0.154,0.154
47454,0.158,0.158,0.158
47455,0.156,0.156,0.156
47456,0.156,0.156,0.156
47457,0.16,0.16,0.16
47458,0.138,0.138,0.138
47459,0.15,0.15,0.15
47460,0.154,0.154,0.154
47461,0.162,0.162,0.162
47462,0.172,0.172,0.172
47463,0.17,0.17,0.17
47464,0.19,0.19,0.19
47465,0.23,0.23,0.23
47466,0.274,0.274,0.274
47467,0.246,0.246,0.246
47468,0.24,0.24,0.24
47469,0.276,0.276,0.276
47470,0.308,0.308,0.308
47471,0.248,0.248,0.248
47472,0.264,0.264,0.264
47473,0.262,0.262,0.262
47474,0.304,0.304,0.304
47475,0.302,0.302,0.302
47476,0.29,0.29,0.29
47477,0.246,0.246,0.246
47478,0.248,0.248,0.248
47479,0.244,0.244,0.244
47480,0.222,0.222,0.222
47481,0.228,0.228,0.228
47482,0.234,0.234,0.234
47483,0.238,0.238,0.238
47484,0.246,0.246,0.246
47485,0.242,0.242,0.242
47486,0.248,0.248,0.248
47487,0.238,0.238,0.238
47488,0.25,0.25,0.25
47489,0.248,0.248,0.248
47490,0.248,0.248,0.248
47491,0.278,0.278,0.278
47492,0.268,0.268,0.268
47493,0.274,0.274,0.274
47494,0.272,0.272,0.272
47495,0.276,0.276,0.276
47496,0.28,0.28,0.28
47497,0.288,0.288,0.288
47498,0.302,0.302,0.302
47499,0.298,0.298,0.298
47500,0.31,0.31,0.31
47501,0.312,0.312,0.312
47502,0.358,0.358,0.358
47503,0.342,0.342,0.342
47504,0.338,0.338,0.338
47505,0.338,0.338,0.338
47506,0.344,0.344,0.344
47507,0.342,0.342,0.342
47508,0.33,0.33,0.33
47509,0.332,0.332,0.332
47510,0.342,0.342,0.342
47511,0.336,0.336,0.336
47512,0.382,0.382,0.382
47513,0.368,0.368,0.368
47514,0.35,0.35,0.35
47515,0.376,0.376,0.376
47516,0.406,0.406,0.406
47517,0.39,0.39,0.39
47518,0.39,0.39,0.39
47519,0.372,0.372,0.372
47520,0.368,0.368,0.368
47521,0.38,0.38,0.38
47522,0.368,0.368,0.368
47523,0.372,0.372,0.372
47524,0.358,0.358,0.358
47525,0.366,0.366,0.366
47526,0.372,0.372,0.372
47527,0.382,0.382,0.382
47528,0.388,0.388,0.388
47529,0.39,0.39,0.39
47530,0.382,0.382,0.382
47531,0.386,0.386,0.386
47532,0.416,0.416,0.416
47533,0.406,0.406,0.406
47534,0.406,0.296,0.296
47535,0.404,0.282,0.282
47536,0.404,0.268,0.268
47537,0.402,0.24,0.24
47538,0.404,0.224,0.224
47539,0.426,0.218,0.218
47540,0.422,0.184,0.184
47541,0.418,0.182,0.182
47542,0.418,0.17,0.17
47543,0.412,0.166,0.166
47544,0.414,0.152,0.152
47545,0.398,0.148,0.148
47546,0.388,0.12,0.12
47547,0.39,0.116,0.116
47548,0.378,0.102,0.102
47549,0.374,0.066,0.066
47550,0.384,0.042,0.042
47551,0.446,0.036,0.036
47552,0.432,0.02,0.02
47553,0.442,0.018,0.018
47554,0.44,0.016,0.016
47555,0.432,0.016,0.016
47556,0.436,0.01,0.01
47557,0.432,0.01,0.01
47558,0.43,0.004,0.004
47559,0.43,0.004,0.004
47560,0.41,0.004,0.004
47561,0.422,0.004,0.004
47562,0.43,0,0
47563,0.426,0,0
47564,0.42,0,0
47565,0.434,0,0
47566,0.422,0,0
47567,0.428,0,0
47568,0.44,0,0
47569,0.428,0,0
47570,0.428,0,0
47571,0.418,0,0
47572,0.41,0,0
47573,0.416,0,0
47574,0.402,0,0
47575,0.398,0,0
47576,0.394,0,0
47577,0.396,0,0
47578,0.384,0,0
47579,0.378,0,0
47580,0.37,0,0
47581,0.36,0,0
47582,0.35,0,0
47583,0.35,0,0
47584,0.346,0,0
47585,0.342,0,0
47586,0.336,0,0
47587,0.332,0,0
47588,0.326,0,0
47589,0.314,0,0
47590,0.318,0,0
47591,0.312,0,0
47592,0.294,0,0
47593,0.292,0,0
47594,0.294,0,0
47595,0.288,0,0
47596,0.284,0,0
47597,0.292,0,0
47598,0.306,0,0
47599,0.296,0,0
47600,0.282,0,0
47601,0.268,0,0
47602,0.24,0,0
47603,0.224,0,0
47604,0.218,0,0
47605,0.184,0,0
47606,0.182,0,0
47607,0.17,0,0
47608,0.166,0,0
47609,0.152,0,0
47610,0.148,0,0
47611,0.12,0,0
47612,0.116,0,0
47613,0.102,0,0
47614,0.066,0,0
47615,0.042,0,0
47616,0.036,0,0
47617,0.02,0,0
47618,0.018,0,0
47619,0.016,0,0
47620,0.016,0,0
47621,0.01,0,0
47622,0.01,0,0
47623,0.004,0,0
47624,0.004,0,0
47625,0.004,0,0
47626,0.004,0,0
47627,0,0,0
47628,0,0,0
47629,0,0,0
47630,0,0,0
47631,0,0,0
47632,0,0,0
47633,0,0,0
47634,0,0,0
47635,0,0,0
47636,0,0,0
47637,0,0,0
47638,0,0,0
47639,0,0,0
47640,0,0,0
47641,0,0,0
47642,0,0,0
47643,0,0,0
47644,0,0,0
47645,0,0,0
47646,0,0,0
47647,0,0,0
47648,0,0,0
47649,0,0,0
47650,0,0,0
47651,0,0,0
47652,0,0,0
47653,0,0,0
47654,0,0,0
47655,0,0,0
47656,0,0,0
47657,0,0,0
47658,0,0,0
47659,0,0,0
47660,0,0,0
47661,0,0,0
47662,0,0,0
47663,0,0,0
47664,0,0,0
47665,0,0,0
47666,0,0,0
47667,0,0,0
47668,0,0,0
47669,0,0,0
47670,0,0,0
47671,0,0,0
47672,0,0,0
47673,0,0,0
47674,0,0,0
47675,0,0,0
47676,0,0,0
47677,0.008,0.008,0.008
47678,0,0,0
47679,0,0,0
47680,0,0,0
47681,0,0,0
47682,0,0,0
47683,0,0,0
47684,0,0,0
47685,0,0,0
47686,0,0,0
47687,0,0,0
47688,0,0,0
47689,0,0,0
47690,0,0,0
47691,0,0,0
47692,0,0,0
47693,0,0,0
47694,0,0,0
47695,0,0,0
47696,0,0,0
47697,0,0,0
47698,0,0,0
47699,0,0,0
47700,0,0,0
47701,0,0,0
47702,0,0,0
47703,0,0,0
47704,0,0,0
47705,0,0,0
47706,0,0,0
47707,0.004,0.004,0.004
47708,0,0,0
47709,0,0,0
47710,0,0,0
47711,0,0,0
47712,0,0,0
47713,0,0,0
47714,0,0,0
47715,0,0,0
47716,0,0,0
47717,0,0,0
47718,0,0,0
47719,0.004,0.004,0.004
47720,0.01,0.01,0.01
47721,0.014,0.014,0.014
47722,0.018,0.018,0.018
47723,0.02,0.02,0.02
47724,0.018,0.018,0.018
47725,0.018,0.018,0.018
47726,0.052,0.052,0.052
47727,0.052,0.052,0.052
47728,0.052,0.052,0.052
47729,0.046,0.046,0.046
47730,0.044,0.044,0.044
47731,0.044,0.044,0.044
47732,0.05,0.05,0.05
47733,0.046,0.046,0.046
47734,0.044,0.044,0.044
47735,0.038,0.038,0.038
47736,0.038,0.038,0.038
47737,0.038,0.038,0.038
47738,0.048,0.048,0.048
47739,0.058,0.058,0.058
47740,0.068,0.068,0.068
47741,0.058,0.058,0.058
47742,0.054,0.054,0.054
47743,0.05,0.05,0.05
47744,0.072,0.072,0.072
47745,0.088,0.088,0.088
47746,0.11,0.11,0.11
47747,0.098,0.098,0.098
47748,0.112,0.112,0.112
47749,0.104,0.104,0.104
47750,0.134,0.134,0.134
47751,0.14,0.14,0.14
47752,0.122,0.122,0.122
47753,0.118,0.118,0.118
47754,0.12,0.12,0.12
47755,0.106,0.106,0.106
47756,0.072,0.072,0.072
47757,0.054,0.054,0.054
47758,0.054,0.054,0.054
47759,0.12,0.12,0.12
47760,0.168,0.168,0.168
47761,0.15,0.15,0.15
47762,0.128,0.128,0.128
47763,0.124,0.124,0.124
47764,0.146,0.146,0.146
47765,0.146,0.146,0.146
47766,0.144,0.144,0.144
47767,0.136,0.136,0.136
47768,0.132,0.132,0.132
47769,0.118,0.118,0.118
47770,0.13,0.13,0.13
47771,0.106,0.106,0.106
47772,0.116,0.116,0.116
47773,0.126,0.126,0.126
47774,0.12,0.12,0.12
47775,0.14,0.14,0.14
47776,0.126,0.126,0.126
47777,0.122,0.122,0.122
47778,0.118,0.118,0.118
47779,0.106,0.106,0.106
47780,0.118,0.118,0.118
47781,0.12,0.12,0.12
47782,0.108,0.108,0.108
47783,0.124,0.124,0.124
47784,0.126,0.126,0.126
47785,0.106,0.106,0.106
47786,0.098,0.098,0.098
47787,0.106,0.106,0.106
47788,0.116,0.116,0.116
47789,0.116,0.116,0.116
47790,0.13,0.13,0.13
47791,0.148,0.148,0.148
47792,0.154,0.154,0.154
47793,0.134,0.134,0.134
47794,0.154,0.154,0.154
47795,0.132,0.132,0.132
47796,0.126,0.126,0.126
47797,0.122,0.122,0.122
47798,0.134,0.134,0.134
47799,0.142,0.142,0.142
47800,0.136,0.136,0.136
47801,0.122,0.122,0.122
47802,0.16,0.16,0.16
47803,0.188,0.188,0.188
47804,0.154,0.154,0.154
47805,0.188,0.188,0.188
47806,0.17,0.17,0.17
47807,0.174,0.174,0.174
47808,0.17,0.17,0.17
47809,0.162,0.162,0.162
47810,0.158,0.158,0.158
47811,0.156,0.156,0.156
47812,0.164,0.164,0.164
47813,0.16,0.16,0.16
47814,0.164,0.164,0.164
47815,0.112,0.112,0.112
47816,0.154,0.154,0.154
47817,0.154,0.154,0.154
47818,0.154,0.154,0.154
47819,0.158,0.158,0.158
47820,0.156,0.156,0.156
47821,0.156,0.156,0.156
47822,0.16,0.16,0.16
47823,0.138,0.138,0.138
47824,0.15,0.15,0.15
47825,0.154,0.154,0.154
47826,0.162,0.162,0.162
47827,0.172,0.172,0.172
47828,0.17,0.17,0.17
47829,0.19,0.19,0.19
47830,0.23,0.23,0.23
47831,0.274,0.274,0.274
47832,0.246,0.246,0.246
47833,0.24,0.24,0.24
47834,0.276,0.276,0.276
47835,0.308,0.308,0.308
47836,0.248,0.248,0.248
47837,0.264,0.264,0.264
47838,0.262,0.262,0.262
47839,0.304,0.304,0.304
47840,0.302,0.302,0.302
47841,0.29,0.29,0.29
47842,0.246,0.246,0.246
47843,0.248,0.248,0.248
47844,0.244,0.244,0.244
47845,0.222,0.222,0.222
47846,0.228,0.228,0.228
47847,0.234,0.234,0.234
47848,0.238,0.238,0.238
47849,0.246,0.246,0.246
47850,0.242,0.242,0.242
47851,0.248,0.248,0.248
47852,0.238,0.238,0.238
47853,0.25,0.25,0.25
47854,0.248,0.248,0.248
47855,0.248,0.248,0.248
47856,0.278,0.278,0.278
47857,0.268,0.268,0.268
47858,0.274,0.274,0.274
47859,0.272,0.272,0.272
47860,0.276,0.276,0.276
47861,0.28,0.28,0.28
47862,0.288,0.288,0.288
47863,0.302,0.302,0.302
47864,0.298,0.298,0.298
47865,0.31,0.31,0.31
47866,0.312,0.312,0.312
47867,0.358,0.358,0.358
47868,0.342,0.342,0.342
47869,0.338,0.338,0.338
47870,0.338,0.338,0.338
47871,0.344,0.344,0.344
47872,0.342,0.342,0.342
47873,0.33,0.33,0.33
47874,0.332,0.332,0.332
47875,0.342,0.342,0.342
47876,0.336,0.336,0.336
47877,0.382,0.382,0.382
47878,0.368,0.368,0.368
47879,0.35,0.35,0.35
47880,0.376,0.376,0.376
47881,0.406,0.406,0.406
47882,0.39,0.39,0.39
47883,0.39,0.39,0.39
47884,0.372,0.372,0.372
47885,0.368,0.368,0.368
47886,0.38,0.38,0.38
47887,0.368,0.368,0.368
47888,0.372,0.372,0.372
47889,0.358,0.358,0.358
47890,0.366,0.366,0.366
47891,0.372,0.372,0.372
47892,0.382,0.382,0.382
47893,0.388,0.388,0.388
47894,0.39,0.39,0.39
47895,0.382,0.382,0.382
47896,0.386,0.386,0.386
47897,0.416,0.416,0.416
47898,0.406,0.406,0.406
47899,0.406,0.296,0.296
47900,0.404,0.282,0.282
47901,0.404,0.268,0.268
47902,0.402,0.24,0.24
47903,0.404,0.224,0.224
47904,0.426,0.218,0.218
47905,0.422,0.184,0.184
47906,0.418,0.182,0.182
47907,0.418,0.17,0.17
47908,0.412,0.166,0.166
47909,0.414,0.152,0.152
47910,0.398,0.148,0.148
47911,0.388,0.12,0.12
47912,0.39,0.116,0.116
47913,0.378,0.102,0.102
47914,0.374,0.066,0.066
47915,0.384,0.042,0.042
47916,0.446,0.036,0.036
47917,0.432,0.02,0.02
47918,0.442,0.018,0.018
47919,0.44,0.016,0.016
47920,0.432,0.016,0.016
47921,0.436,0.01,0.01
47922,0.432,0.01,0.01
47923,0.43,0.004,0.004
47924,0.43,0.004,0.004
47925,0.41,0.004,0.004
47926,0.422,0.004,0.004
47927,0.43,0,0
47928,0.426,0,0
47929,0.42,0,0
47930,0.434,0,0
47931,0.422,0,0
47932,0.428,0,0
47933,0.44,0,0
47934,0.428,0,0
47935,0.428,0,0
47936,0.418,0,0
47937,0.41,0,0
47938,0.416,0,0
47939,0.402,0,0
47940,0.398,0,0
47941,0.394,0,0
47942,0.396,0,0
47943,0.384,0,0
47944,0.378,0,0
47945,0.37,0,0
47946,0.36,0,0
47947,0.35,0,0
47948,0.35,0,0
47949,0.346,0,0
47950,0.342,0,0
47951,0.336,0,0
47952,0.332,0,0
47953,0.326,0,0
47954,0.314,0,0
47955,0.318,0,0
47956,0.312,0,0
47957,0.294,0,0
47958,0.292,0,0
47959,0.294,0,0
47960,0.288,0,0
47961,0.284,0,0
47962,0.292,0,0
47963,0.306,0,0
47964,0.296,0,0
47965,0.282,0,0
47966,0.268,0,0
47967,0.24,0,0
47968,0.224,0,0
47969,0.218,0,0
47970,0.184,0,0
47971,0.182,0,0
47972,0.17,0,0
47973,0.166,0,0
47974,0.152,0,0
47975,0.148,0,0
47976,0.12,0,0
47977,0.116,0,0
47978,0.102,0,0
47979,0.066,0,0
47980,0.042,0,0
47981,0.036,0,0
47982,0.02,0,0
47983,0.018,0,0
47984,0.016,0,0
47985,0.016,0,0
47986,0.01,0,0
47987,0.01,0,0
47988,0.004,0,0
47989,0.004,0,0
47990,0.004,0,0
47991,0.004,0,0
47992,0,0,0
47993,0,0,0
47994,0,0,0
47995,0,0,0
47996,0,0,0
47997,0,0,0
47998,0,0,0
47999,0,0,0
48000,0,0,0
48001,0,0,0
48002,0,0,0
48003,0,0,0
48004,0,0,0
48005,0,0,0
48006,0,0,0
48007,0,0,0
48008,0,0,0
48009,0,0,0
48010,0,0,0
48011,0,0,0
48012,0,0,0
48013,0,0,0
48014,0,0,0
48015,0,0,0
48016,0,0,0
48017,0,0,0
48018,0,0,0
48019,0,0,0
48020,0,0,0
48021,0,0,0
48022,0,0,0
48023,0,0,0
48024,0,0,0
48025,0,0,0
48026,0,0,0
48027,0,0,0
48028,0,0,0
48029,0,0,0
48030,0,0,0
48031,0,0,0
48032,0,0,0
48033,0,0,0
48034,0,0,0
48035,0,0,0
48036,0,0,0
48037,0,0,0
48038,0,0,0
48039,0,0,0
48040,0,0,0
48041,0,0,0
48042,0.008,0.008,0.008
48043,0,0,0
48044,0,0,0
48045,0,0,0
48046,0,0,0
48047,0,0,0
48048,0,0,0
48049,0,0,0
48050,0,0,0
48051,0,0,0
48052,0,0,0
48053,0,0,0
48054,0,0,0
48055,0,0,0
48056,0,0,0
48057,0,0,0
48058,0,0,0
48059,0,0,0
48060,0,0,0
48061,0,0,0
48062,0,0,0
48063,0,0,0
48064,0,0,0
48065,0,0,0
48066,0,0,0
48067,0,0,0
48068,0,0,0
48069,0,0,0
48070,0,0,0
48071,0,0,0
48072,0.004,0.004,0.004
48073,0,0,0
48074,0,0,0
48075,0,0,0
48076,0,0,0
48077,0,0,0
48078,0,0,0
48079,0,0,0
48080,0,0,0
48081,0,0,0
48082,0,0,0
48083,0,0,0
48084,0.004,0.004,0.004
48085,0.01,0.01,0.01
48086,0.014,0.014,0.014
48087,0.018,0.018,0.018
48088,0.02,0.02,0.02
48089,0.018,0.018,0.018
48090,0.018,0.018,0.018
48091,0.052,0.052,0.052
48092,0.052,0.052,0.052
48093,0.052,0.052,0.052
48094,0.046,0.046,0.046
48095,0.044,0.044,0.044
48096,0.044,0.044,0.044
48097,0.05,0.05,0.05
48098,0.046,0.046,0.046
48099,0.044,0.044,0.044
48100,0.038,0.038,0.038
48101,0.038,0.038,0.038
48102,0.038,0.038,0.038
48103,0.048,0.048,0.048
48104,0.058,0.058,0.058
48105,0.068,0.068,0.068
48106,0.058,0.058,0.058
48107,0.054,0.054,0.054
48108,0.05,0.05,0.05
48109,0.072,0.072,0.072
48110,0.088,0.088,0.088
48111,0.11,0.11,0.11
48112,0.098,0.098,0.098
48113,0.112,0.112,0.112
48114,0.104,0.104,0.104
48115,0.134,0.134,0.134
48116,0.14,0.14,0.14
48117,0.122,0.122,0.122
48118,0.118,0.118,0.118
48119,0.12,0.12,0.12
48120,0.106,0.106,0.106
48121,0.072,0.072,0.072
48122,0.054,0.054,0.054
48123,0.054,0.054,0.054
48124,0.12,0.12,0.12
48125,0.168,0.168,0.168
48126,0.15,0.15,0.15
48127,0.128,0.128,0.128
48128,0.124,0.124,0.124
48129,0.146,0.146,0.146
48130,0.146,0.146,0.146
48131,0.144,0.144,0.144
48132,0.136,0.136,0.136
48133,0.132,0.132,0.132
48134,0.118,0.118,0.118
48135,0.13,0.13,0.13
48136,0.106,0.106,0.106
48137,0.116,0.116,0.116
48138,0.126,0.126,0.126
48139,0.12,0.12,0.12
48140,0.14,0.14,0.14
48141,0.126,0.126,0.126
48142,0.122,0.122,0.122
48143,0.118,0.118,0.118
48144,0.106,0.106,0.106
48145,0.118,0.118,0.118
48146,0.12,0.12,0.12
48147,0.108,0.108,0.108
48148,0.124,0.124,0.124
48149,0.126,0.126,0.126
48150,0.106,0.106,0.106
48151,0.098,0.098,0.098
48152,0.106,0.106,0.106
48153,0.116,0.116,0.116
48154,0.116,0.116,0.116
48155,0.13,0.13,0.13
48156,0.148,0.148,0.148
48157,0.154,0.154,0.154
48158,0.134,0.134,0.134
48159,0.154,0.154,0.154
48160,0.132,0.132,0.132
48161,0.126,0.126,0.126
48162,0.122,0.122,0.122
48163,0.134,0.134,0.134
48164,0.142,0.142,0.142
48165,0.136,0.136,0.136
48166,0.122,0.122,0.122
48167,0.16,0.16,0.16
48168,0.188,0.188,0.188
48169,0.154,0.154,0.154
48170,0.188,0.188,0.188
48171,0.17,0.17,0.17
48172,0.174,0.174,0.174
48173,0.17,0.17,0.17
48174,0.162,0.162,0.162
48175,0.158,0.158,0.158
48176,0.156,0.156,0.156
48177,0.164,0.164,0.164
48178,0.16,0.16,0.16
48179,0.164,0.164,0.164
48180,0.112,0.112,0.112
48181,0.154,0.154,0.154
48182,0.154,0.154,0.154
48183,0.154,0.154,0.154
48184,0.158,0.158,0.158
48185,0.156,0.156,0.156
48186,0.156,0.156,0.156
48187,0.16,0.16,0.16
48188,0.138,0.138,0.138
48189,0.15,0.15,0.15
48190,0.154,0.154,0.154
48191,0.162,0.162,0.162
48192,0.172,0.172,0.172
48193,0.17,0.17,0.17
48194,0.19,0.19,0.19
48195,0.23,0.23,0.23
48196,0.274,0.274,0.274
48197,0.246,0.246,0.246
48198,0.24,0.24,0.24
48199,0.276,0.276,0.276
48200,0.308,0.308,0.308
48201,0.248,0.248,0.248
48202,0.264,0.264,0.264
48203,0.262,0.262,0.262
48204,0.304,0.304,0.304
48205,0.302,0.302,0.302
48206,0.29,0.29,0.29
48207,0.246,0.246,0.246
48208,0.248,0.248,0.248
48209,0.244,0.244,0.244
48210,0.222,0.222,0.222
48211,0.228,0.228,0.228
48212,0.234,0.234,0.234
48213,0.238,0.238,0.238
48214,0.246,0.246,0.246
48215,0.242,0.242,0.242
48216,0.248,0.248,0.248
48217,0.238,0.238,0.238
48218,0.25,0.25,0.25
48219,0.248,0.248,0.248
48220,0.248,0.248,0.248
48221,0.278,0.278,0.278
48222,0.268,0.268,0.268
48223,0.274,0.274,0.274
48224,0.272,0.272,0.272
48225,0.276,0.276,0.276
48226,0.28,0.28,0.28
48227,0.288,0.288,0.288
48228,0.302,0.302,0.302
48229,0.298,0.298,0.298
48230,0.31,0.31,0.31
48231,0.312,0.312,0.312
48232,0.358,0.358,0.358
48233,0.342,0.342,0.342
48234,0.338,0.338,0.338
48235,0.338,0.338,0.338
48236,0.344,0.344,0.344
48237,0.342,0.342,0.342
48238,0.33,0.33,0.33
48239,0.332,0.332,0.332
48240,0.342,0.342,0.342
48241,0.336,0.336,0.336
48242,0.382,0.382,0.382
48243,0.368,0.368,0.368
48244,0.35,0.35,0.35
48245,0.376,0.376,0.376
48246,0.406,0.406,0.406
48247,0.39,0.39,0.39
48248,0.39,0.39,0.39
48249,0.372,0.372,0.372
48250,0.368,0.368,0.368
48251,0.38,0.38,0.38
48252,0.368,0.368,0.368
48253,0.372,0.372,0.372
48254,0.358,0.358,0.358
48255,0.366,0.366,0.366
48256,0.372,0.372,0.372
48257,0.382,0.382,0.382
48258,0.388,0.388,0.388
48259,0.39,0.39,0.39
48260,0.382,0.382,0.382
48261,0.386,0.386,0.386
48262,0.416,0.416,0.416
48263,0.406,0.296,0.296
48264,0.406,0.282,0.282
48265,0.404,0.268,0.268
48266,0.404,0.24,0.24
48267,0.402,0.224,0.224
48268,0.404,0.218,0.218
48269,0.426,0.184,0.184
48270,0.422,0.182,0.182
48271,0.418,0.17,0.17
48272,0.418,0.166,0.166
48273,0.412,0.152,0.152
48274,0.414,0.148,0.148
48275,0.398,0.12,0.12
48276,0.388,0.116,0.116
48277,0.39,0.102,0.102
48278,0.378,0.066,0.066
48279,0.374,0.042,0.042
48280,0.384,0.036,0.036
48281,0.446,0.02,0.02
48282,0.432,0.018,0.018
48283,0.442,0.016,0.016
48284,0.44,0.016,0.016
48285,0.432,0.01,0.01
48286,0.436,0.01,0.01
48287,0.432,0.004,0.004
48288,0.43,0.004,0.004
48289,0.43,0.004,0.004
48290,0.41,0.004,0.004
48291,0.422,0,0
48292,0.43,0,0
48293,0.426,0,0
48294,0.42,0,0
48295,0.434,0,0
48296,0.422,0,0
48297,0.428,0,0
48298,0.44,0,0
48299,0.428,0,0
48300,0.428,0,0
48301,0.418,0,0
48302,0.41,0,0
48303,0.416,0,0
48304,0.402,0,0
48305,0.398,0,0
48306,0.394,0,0
48307,0.396,0,0
48308,0.384,0,0
48309,0.378,0,0
48310,0.37,0,0
48311,0.36,0,0
48312,0.35,0,0
48313,0.35,0,0
48314,0.346,0,0
48315,0.342,0,0
48316,0.336,0,0
48317,0.332,0,0
48318,0.326,0,0
48319,0.314,0,0
48320,0.318,0,0
48321,0.312,0,0
48322,0.294,0,0
48323,0.292,0,0
48324,0.294,0,0
48325,0.288,0,0
48326,0.284,0,0
48327,0.292,0,0
48328,0.306,0,0
48329,0.296,0,0
48330,0.282,0,0
48331,0.268,0,0
48332,0.24,0,0
48333,0.224,0,0
48334,0.218,0,0
48335,0.184,0,0
48336,0.182,0,0
48337,0.17,0,0
48338,0.166,0,0
48339,0.152,0,0
48340,0.148,0,0
48341,0.12,0,0
48342,0.116,0,0
48343,0.102,0,0
48344,0.066,0,0
48345,0.042,0,0
48346,0.036,0,0
48347,0.02,0,0
48348,0.018,0,0
48349,0.016,0,0
48350,0.016,0,0
48351,0.01,0,0
48352,0.01,0,0
48353,0.004,0,0
48354,0.004,0,0
48355,0.004,0,0
48356,0.004,0,0
48357,0,0,0
48358,0,0,0
48359,0,0,0
48360,0,0,0
48361,0,0,0
48362,0,0,0
48363,0,0,0
48364,0,0,0
48365,0,0,0
48366,0,0,0
48367,0,0,0
48368,0,0,0
48369,0,0,0
48370,0,0,0
48371,0,0,0
48372,0,0,0
48373,0,0,0
48374,0,0,0
48375,0,0,0
48376,0,0,0
48377,0,0,0
48378,0,0,0
48379,0,0,0
48380,0,0,0
48381,0,0,0
48382,0,0,0
48383,0,0,0
48384,0,0,0
48385,0,0,0
48386,0,0,0
48387,0,0,0
48388,0,0,0
48389,0,0,0
48390,0,0,0
48391,0,0,0
48392,0,0,0
48393,0,0,0
48394,0,0,0
48395,0,0,0
48396,0,0,0
48397,0,0,0
48398,0,0,0
48399,0,0,0
48400,0,0,0
48401,0,0,0
48402,0,0,0
48403,0,0,0
48404,0,0,0
48405,0,0,0
48406,0,0,0
48407,0.008,0.008,0.008
48408,0,0,0
48409,0,0,0
48410,0,0,0
48411,0,0,0
48412,0,0,0
48413,0,0,0
48414,0,0,0
48415,0,0,0
48416,0,0,0
48417,0,0,0
48418,0,0,0
48419,0,0,0
48420,0,0,0
48421,0,0,0
48422,0,0,0
48423,0,0,0
48424,0,0,0
48425,0,0,0
48426,0,0,0
48427,0,0,0
48428,0,0,0
48429,0,0,0
48430,0,0,0
48431,0,0,0
48432,0,0,0
48433,0,0,0
48434,0,0,0
48435,0,0,0
48436,0,0,0
48437,0.004,0.004,0.004
48438,0,0,0
48439,0,0,0
48440,0,0,0
48441,0,0,0
48442,0,0,0
48443,0,0,0
48444,0,0,0
48445,0,0,0
48446,0,0,0
48447,0,0,0
48448,0,0,0
48449,0.004,0.004,0.004
48450,0.01,0.01,0.01
48451,0.014,0.014,0.014
48452,0.018,0.018,0.018
48453,0.02,0.02,0.02
48454,0.018,0.018,0.018
48455,0.018,0.018,0.018
48456,0.052,0.052,0.052
48457,0.052,0.052,0.052
48458,0.052,0.052,0.052
48459,0.046,0.046,0.046
48460,0.044,0.044,0.044
48461,0.044,0.044,0.044
48462,0.05,0.05,0.05
48463,0.046,0.046,0.046
48464,0.044,0.044,0.044
48465,0.038,0.038,0.038
48466,0.038,0.038,0.038
48467,0.038,0.038,0.038
48468,0.048,0.048,0.048
48469,0.058,0.058,0.058
48470,0.068,0.068,0.068
48471,0.058,0.058,0.058
48472,0.054,0.054,0.054
48473,0.05,0.05,0.05
48474,0.072,0.072,0.072
48475,0.088,0.088,0.088
48476,0.11,0.11,0.11
48477,0.098,0.098,0.098
48478,0.112,0.112,0.112
48479,0.104,0.104,0.104
48480,0.134,0.134,0.134
48481,0.14,0.14,0.14
48482,0.122,0.122,0.122
48483,0.118,0.118,0.118
48484,0.12,0.12,0.12
48485,0.106,0.106,0.106
48486,0.072,0.072,0.072
48487,0.054,0.054,0.054
48488,0.054,0.054,0.054
48489,0.12,0.12,0.12
48490,0.168,0.168,0.168
48491,0.15,0.15,0.15
48492,0.128,0.128,0.128
48493,0.124,0.124,0.124
48494,0.146,0.146,0.146
48495,0.146,0.146,0.146
48496,0.144,0.144,0.144
48497,0.136,0.136,0.136
48498,0.132,0.132,0.132
48499,0.118,0.118,0.118
48500,0.13,0.13,0.13
48501,0.106,0.106,0.106
48502,0.116,0.116,0.116
48503,0.126,0.126,0.126
48504,0.12,0.12,0.12
48505,0.14,0.14,0.14
48506,0.126,0.126,0.126
48507,0.122,0.122,0.122
48508,0.118,0.118,0.118
48509,0.106,0.106,0.106
48510,0.118,0.118,0.118
48511,0.12,0.12,0.12
48512,0.108,0.108,0.108
48513,0.124,0.124,0.124
48514,0.126,0.126,0.126
48515,0.106,0.106,0.106
48516,0.098,0.098,0.098
48517,0.106,0.106,0.106
48518,0.116,0.116,0.116
48519,0.116,0.116,0.116
48520,0.13,0.13,0.13
48521,0.148,0.148,0.148
48522,0.154,0.154,0.154
48523,0.134,0.134,0.134
48524,0.154,0.154,0.154
48525,0.132,0.132,0.132
48526,0.126,0.126,0.126
48527,0.122,0.122,0.122
48528,0.134,0.134,0.134
48529,0.142,0.142,0.142
48530,0.136,0.136,0.136
48531,0.122,0.122,0.122
48532,0.16,0.16,0.16
48533,0.188,0.188,0.188
48534,0.154,0.154,0.154
48535,0.188,0.188,0.188
48536,0.17,0.17,0.17
48537,0.174,0.174,0.174
48538,0.17,0.17,0.17
48539,0.162,0.162,0.162
48540,0.158,0.158,0.158
48541,0.156,0.156,0.156
48542,0.164,0.164,0.164
48543,0.16,0.16,0.16
48544,0.164,0.164,0.164
48545,0.112,0.112,0.112
48546,0.154,0.154,0.154
48547,0.154,0.154,0.154
48548,0.154,0.154,0.154
48549,0.158,0.158,0.158
48550,0.156,0.156,0.156
48551,0.156,0.156,0.156
48552,0.16,0.16,0.16
48553,0.138,0.138,0.138
48554,0.15,0.15,0.15
48555,0.154,0.154,0.154
48556,0.162,0.162,0.162
48557,0.172,0.172,0.172
48558,0.17,0.17,0.17
48559,0.19,0.19,0.19
48560,0.23,0.23,0.23
48561,0.274,0.274,0.274
48562,0.246,0.246,0.246
48563,0.24,0.24,0.24
48564,0.276,0.276,0.276
48565,0.308,0.308,0.308
48566,0.248,0.248,0.248
48567,0.264,0.264,0.264
48568,0.262,0.262,0.262
48569,0.304,0.304,0.304
48570,0.302,0.302,0.302
48571,0.29,0.29,0.29
48572,0.246,0.246,0.246
48573,0.248,0.248,0.248
48574,0.244,0.244,0.244
48575,0.222,0.222,0.222
48576,0.228,0.228,0.228
48577,0.234,0.234,0.234
48578,0.238,0.238,0.238
48579,0.246,0.246,0.246
48580,0.242,0.242,0.242
48581,0.248,0.248,0.248
48582,0.238,0.238,0.238
48583,0.25,0.25,0.25
48584,0.248,0.248,0.248
48585,0.248,0.248,0.248
48586,0.278,0.278,0.278
48587,0.268,0.268,0.268
48588,0.274,0.274,0.274
48589,0.272,0.272,0.272
48590,0.276,0.276,0.276
48591,0.28,0.28,0.28
48592,0.288,0.288,0.288
48593,0.302,0.302,0.302
48594,0.298,0.298,0.298
48595,0.31,0.31,0.31
48596,0.312,0.312,0.312
48597,0.358,0.358,0.358
48598,0.342,0.342,0.342
48599,0.338,0.338,0.338
48600,0.338,0.338,0.338
48601,0.344,0.344,0.344
48602,0.342,0.342,0.342
48603,0.33,0.33,0.33
48604,0.332,0.332,0.332
48605,0.342,0.342,0.342
48606,0.336,0.336,0.336
48607,0.382,0.382,0.382
48608,0.368,0.368,0.368
48609,0.35,0.35,0.35
48610,0.376,0.376,0.376
48611,0.406,0.406,0.406
48612,0.39,0.39,0.39
48613,0.39,0.39,0.39
48614,0.372,0.372,0.372
48615,0.368,0.368,0.368
48616,0.38,0.38,0.38
48617,0.368,0.368,0.368
48618,0.372,0.372,0.372
48619,0.358,0.358,0.358
48620,0.366,0.366,0.366
48621,0.372,0.372,0.372
48622,0.382,0.382,0.382
48623,0.388,0.388,0.388
48624,0.39,0.39,0.39
48625,0.382,0.382,0.382
48626,0.386,0.386,0.386
48627,0.416,0.416,0.416
48628,0.406,0.296,0.296
48629,0.406,0.282,0.282
48630,0.404,0.268,0.268
48631,0.404,0.24,0.24
48632,0.402,0.224,0.224
48633,0.404,0.218,0.218
48634,0.426,0.184,0.184
48635,0.422,0.182,0.182
48636,0.418,0.17,0.17
48637,0.418,0.166,0.166
48638,0.412,0.152,0.152
48639,0.414,0.148,0.148
48640,0.398,0.12,0.12
48641,0.388,0.116,0.116
48642,0.39,0.102,0.102
48643,0.378,0.066,0.066
48644,0.374,0.042,0.042
48645,0.384,0.036,0.036
48646,0.446,0.02,0.02
48647,0.432,0.018,0.018
48648,0.442,0.016,0.016
48649,0.44,0.016,0.016
48650,0.432,0.01,0.01
48651,0.436,0.01,0.01
48652,0.432,0.004,0.004
48653,0.43,0.004,0.004
48654,0.43,0.004,0.004
48655,0.41,0.004,0.004
48656,0.422,0,0
48657,0.43,0,0
48658,0.426,0,0
48659,0.42,0,0
48660,0.434,0,0
48661,0.422,0,0
48662,0.428,0,0
48663,0.44,0,0
48664,0.428,0,0
48665,0.428,0,0
48666,0.418,0,0
48667,0.41,0,0
48668,0.416,0,0
48669,0.402,0,0
48670,0.398,0,0
48671,0.394,0,0
48672,0.396,0,0
48673,0.384,0,0
48674,0.378,0,0
48675,0.37,0,0
48676,0.36,0,0
48677,0.35,0,0
48678,0.35,0,0
48679,0.346,0,0
48680,0.342,0,0
48681,0.336,0,0
48682,0.332,0,0
48683,0.326,0,0
48684,0.314,0,0
48685,0.318,0,0
48686,0.312,0,0
48687,0.294,0,0
48688,0.292,0,0
48689,0.294,0,0
48690,0.288,0,0
48691,0.284,0,0
48692,0.292,0,0
48693,0.306,0,0
48694,0.296,0,0
48695,0.282,0,0
48696,0.268,0,0
48697,0.24,0,0
48698,0.224,0,0
48699,0.218,0,0
48700,0.184,0,0
48701,0.182,0,0
48702,0.17,0,0
48703,0.166,0,0
48704,0.152,0,0
48705,0.148,0,0
48706,0.12,0,0
48707,0.116,0,0
48708,0.102,0,0
48709,0.066,0,0
48710,0.042,0,0
48711,0.036,0,0
48712,0.02,0,0
48713,0.018,0,0
48714,0.016,0,0
48715,0.016,0,0
48716,0.01,0,0
48717,0.01,0,0
48718,0.004,0,0
48719,0.004,0,0
48720,0.004,0,0
48721,0.004,0,0
48722,0,0,0
48723,0,0,0
48724,0,0,0
48725,0,0,0
48726,0,0,0
48727,0,0,0
48728,0,0,0
48729,0,0,0
48730,0,0,0
48731,0,0,0
48732,0,0,0
48733,0,0,0
48734,0,0,0
48735,0,0,0
48736,0,0,0
48737,0,0,0
48738,0,0,0
48739,0,0,0
48740,0,0,0
48741,0,0,0
48742,0,0,0
48743,0,0,0
48744,0,0,0
48745,0,0,0
48746,0,0,0
48747,0,0,0
48748,0,0,0
48749,0,0,0
48750,0,0,0
48751,0,0,0
48752,0,0,0
48753,0,0,0
48754,0,0,0
48755,0,0,0
48756,0,0,0
48757,0,0,0
48758,0,0,0
48759,0,0,0
48760,0,0,0
48761,0,0,0
48762,0,0,0
48763,0,0,0
48764,0,0,0
48765,0,0,0
48766,0,0,0
48767,0,0,0
48768,0,0,0
48769,0,0,0
48770,0,0,0
48771,0,0,0
48772,0.008,0.008,0.008
48773,0,0,0
48774,0,0,0
48775,0,0,0
48776,0,0,0
48777,0,0,0
48778,0,0,0
48779,0,0,0
48780,0,0,0
48781,0,0,0
48782,0,0,0
48783,0,0,0
48784,0,0,0
48785,0,0,0
48786,0,0,0
48787,0,0,0
48788,0,0,0
48789,0,0,0
48790,0,0,0
48791,0,0,0
48792,0,0,0
48793,0,0,0
48794,0,0,0
48795,0,0,0
48796,0,0,0
48797,0,0,0
48798,0,0,0
48799,0,0,0
48800,0,0,0
48801,0,0,0
48802,0.004,0.004,0.004
48803,0,0,0
48804,0,0,0
48805,0,0,0
48806,0,0,0
48807,0,0,0
48808,0,0,0
48809,0,0,0
48810,0,0,0
48811,0,0,0
48812,0,0,0
48813,0,0,0
48814,0.004,0.004,0.004
48815,0.01,0.01,0.01
48816,0.014,0.014,0.014
48817,0.018,0.018,0.018
48818,0.02,0.02,0.02
48819,0.018,0.018,0.018
48820,0.018,0.018,0.018
48821,0.052,0.052,0.052
48822,0.052,0.052,0.052
48823,0.052,0.052,0.052
48824,0.046,0.046,0.046
48825,0.044,0.044,0.044
48826,0.044,0.044,0.044
48827,0.05,0.05,0.05
48828,0.046,0.046,0.046
48829,0.044,0.044,0.044
48830,0.038,0.038,0.038
48831,0.038,0.038,0.038
48832,0.038,0.038,0.038
48833,0.048,0.048,0.048
48834,0.058,0.058,0.058
48835,0.068,0.068,0.068
48836,0.058,0.058,0.058
48837,0.054,0.054,0.054
48838,0.05,0.05,0.05
48839,0.072,0.072,0.072
48840,0.088,0.088,0.088
48841,0.11,0.11,0.11
48842,0.098,0.098,0.098
48843,0.112,0.112,0.112
48844,0.104,0.104,0.104
48845,0.134,0.134,0.134
48846,0.14,0.14,0.14
48847,0.122,0.122,0.122
48848,0.118,0.118,0.118
48849,0.12,0.12,0.12
48850,0.106,0.106,0.106
48851,0.072,0.072,0.072
48852,0.054,0.054,0.054
48853,0.054,0.054,0.054
48854,0.12,0.12,0.12
48855,0.168,0.168,0.168
48856,0.15,0.15,0.15
48857,0.128,0.128,0.128
48858,0.124,0.124,0.124
48859,0.146,0.146,0.146
48860,0.146,0.146,0.146
48861,0.144,0.144,0.144
48862,0.136,0.136,0.136
48863,0.132,0.132,0.132
48864,0.118,0.118,0.118
48865,0.13,0.13,0.13
48866,0.106,0.106,0.106
48867,0.116,0.116,0.116
48868,0.126,0.126,0.126
48869,0.12,0.12,0.12
48870,0.14,0.14,0.14
48871,0.126,0.126,0.126
48872,0.122,0.122,0.122
48873,0.118,0.118,0.118
48874,0.106,0.106,0.106
48875,0.118,0.118,0.118
48876,0.12,0.12,0.12
48877,0.108,0.108,0.108
48878,0.124,0.124,0.124
48879,0.126,0.126,0.126
48880,0.106,0.106,0.106
48881,0.098,0.098,0.098
48882,0.106,0.106,0.106
48883,0.116,0.116,0.116
48884,0.116,0.116,0.116
48885,0.13,0.13,0.13
48886,0.148,0.148,0.148
48887,0.154,0.154,0.154
48888,0.134,0.134,0.134
48889,0.154,0.154,0.154
48890,0.132,0.132,0.132
48891,0.126,0.126,0.126
48892,0.122,0.122,0.122
48893,0.134,0.134,0.134
48894,0.142,0.142,0.142
48895,0.136,0.136,0.136
48896,0.122,0.122,0.122
48897,0.16,0.16,0.16
48898,0.188,0.188,0.188
48899,0.154,0.154,0.154
48900,0.188,0.188,0.188
48901,0.17,0.17,0.17
48902,0.174,0.174,0.174
48903,0.17,0.17,0.17
48904,0.162,0.162,0.162
48905,0.158,0.158,0.158
48906,0.156,0.156,0.156
48907,0.164,0.164,0.164
48908,0.16,0.16,0.16
48909,0.164,0.164,0.164
48910,0.112,0.112,0.112
48911,0.154,0.154,0.154
48912,0.154,0.154,0.154
48913,0.154,0.154,0.154
48914,0.158,0.158,0.158
48915,0.156,0.156,0.156
48916,0.156,0.156,0.156
48917,0.16,0.16,0.16
48918,0.138,0.138,0.138
48919,0.15,0.15,0.15
48920,0.154,0.154,0.154
48921,0.162,0.162,0.162
48922,0.172,0.172,0.172
48923,0.17,0.17,0.17
48924,0.19,0.19,0.19
48925,0.23,0.23,0.23
48926,0.274,0.274,0.274
48927,0.246,0.246,0.246
48928,0.24,0.24,0.24
48929,0.276,0.276,0.276
48930,0.308,0.308,0.308
48931,0.248,0.248,0.248
48932,0.264,0.264,0.264
48933,0.262,0.262,0.262
48934,0.304,0.304,0.304
48935,0.302,0.302,0.302
48936,0.29,0.29,0.29
48937,0.246,0.246,0.246
48938,0.248,0.248,0.248
48939,0.244,0.244,0.244
48940,0.222,0.222,0.222
48941,0.228,0.228,0.228
48942,0.234,0.234,0.234
48943,0.238,0.238,0.238
48944,0.246,0.246,0.246
48945,0.242,0.242,0.242
48946,0.248,0.248,0.248
48947,0.238,0.238,0.238
48948,0.25,0.25,0.25
48949,0.248,0.248,0.248
48950,0.248,0.248,0.248
48951,0.278,0.278,0.278
48952,0.268,0.268,0.268
48953,0.274,0.274,0.274
48954,0.272,0.272,0.272
48955,0.276,0.276,0.276
48956,0.28,0.28,0.28
48957,0.288,0.288,0.288
48958,0.302,0.302,0.302
48959,0.298,0.298,0.298
48960,0.31,0.31,0.31
48961,0.312,0.312,0.312
48962,0.358,0.358,0.358
48963,0.342,0.342,0.342
48964,0.338,0.338,0.338
48965,0.338,0.338,0.338
48966,0.344,0.344,0.344
48967,0.342,0.342,0.342
48968,0.33,0.33,0.33
48969,0.332,0.332,0.332
48970,0.342,0.342,0.342
48971,0.336,0.336,0.336
48972,0.382,0.382,0.382
48973,0.368,0.368,0.368
48974,0.35,0.35,0.35
48975,0.376,0.376,0.376
48976,0.406,0.406,0.406
48977,0.39,0.39,0.39
48978,0.39,0.39,0.39
48979,0.372,0.372,0.372
48980,0.368,0.368,0.368
48981,0.38,0.38,0.38
48982,0.368,0.368,0.368
48983,0.372,0.372,0.372
48984,0.358,0.358,0.358
48985,0.366,0.366,0.366
48986,0.372,0.372,0.372
48987,0.382,0.382,0.382
48988,0.388,0.388,0.388
48989,0.39,0.39,0.39
48990,0.382,0.382,0.382
48991,0.386,0.386,0.386
48992,0.416,0.296,0.296
48993,0.406,0.282,0.282
48994,0.406,0.268,0.268
48995,0.404,0.24,0.24
48996,0.404,0.224,0.224
48997,0.402,0.218,0.218
48998,0.404,0.184,0.184
48999,0.426,0.182,0.182
49000,0.422,0.17,0.17
49001,0.418,0.166,0.166
49002,0.418,0.152,0.152
49003,0.412,0.148,0.148
49004,0.414,0.12,0.12
49005,0.398,0.116,0.116
49006,0.388,0.102,0.102
49007,0.39,0.066,0.066
49008,0.378,0.042,0.042
49009,0.374,0.036,0.036
49010,0.384,0.02,0.02
49011,0.446,0.018,0.018
49012,0.432,0.016,0.016
49013,0.442,0.016,0.016
49014,0.44,0.01,0.01
49015,0.432,0.01,0.01
49016,0.436,0.004,0.004
49017,0.432,0.004,0.004
49018,0.43,0.004,0.004
49019,0.43,0.004,0.004
49020,0.41,0,0
49021,0.422,0,0
49022,0.43,0,0
49023,0.426,0,0
49024,0.42,0,0
49025,0.434,0,0
49026,0.422,0,0
49027,0.428,0,0
49028,0.44,0,0
49029,0.428,0,0
49030,0.428,0,0
49031,0.418,0,0
49032,0.41,0,0
49033,0.416,0,0
49034,0.402,0,0
49035,0.398,0,0
49036,0.394,0,0
49037,0.396,0,0
49038,0.384,0,0
49039,0.378,0,0
49040,0.37,0,0
49041,0.36,0,0
49042,0.35,0,0
49043,0.35,0,0
49044,0.346,0,0
49045,0.342,0,0
49046,0.336,0,0
49047,0.332,0,0
49048,0.326,0,0
49049,0.314,0,0
49050,0.318,0,0
49051,0.312,0,0
49052,0.294,0,0
49053,0.292,0,0
49054,0.294,0,0
49055,0.288,0,0
49056,0.284,0,0
49057,0.292,0,0
49058,0.306,0,0
49059,0.296,0,0
49060,0.282,0,0
49061,0.268,0,0
49062,0.24,0,0
49063,0.224,0,0
49064,0.218,0,0
49065,0.184,0,0
49066,0.182,0,0
49067,0.17,0,0
49068,0.166,0,0
49069,0.152,0,0
49070,0.148,0,0
49071,0.12,0,0
49072,0.116,0,0
49073,0.102,0,0
49074,0.066,0,0
49075,0.042,0,0
49076,0.036,0,0
49077,0.02,0,0
49078,0.018,0,0
49079,0.016,0,0
49080,0.016,0,0
49081,0.01,0,0
49082,0.01,0,0
49083,0.004,0,0
49084,0.004,0,0
49085,0.004,0,0
49086,0.004,0,0
49087,0,0,0
49088,0,0,0
49089,0,0,0
49090,0,0,0
49091,0,0,0
49092,0,0,0
49093,0,0,0
49094,0,0,0
49095,0,0,0
49096,0,0,0
49097,0,0,0
49098,0,0,0
49099,0,0,0
49100,0,0,0
49101,0,0,0
49102,0,0,0
49103,0,0,0
49104,0,0,0
49105,0,0,0
49106,0,0,0
49107,0,0,0
49108,0,0,0
49109,0,0,0
49110,0,0,0
49111,0,0,0
49112,0,0,0
49113,0,0,0
49114,0,0,0
49115,0,0,0
49116,0,0,0
49117,0,0,0
49118,0,0,0
49119,0,0,0
49120,0,0,0
49121,0,0,0
49122,0,0,0
49123,0,0,0
49124,0,0,0
49125,0,0,0
49126,0,0,0
49127,0,0,0
49128,0,0,0
49129,0,0,0
49130,0,0,0
49131,0,0,0
49132,0,0,0
49133,0,0,0
49134,0,0,0
49135,0,0,0
49136,0,0,0
49137,0.008,0.008,0.008
49138,0,0,0
49139,0,0,0
49140,0,0,0
49141,0,0,0
49142,0,0,0
49143,0,0,0
49144,0,0,0
49145,0,0,0
49146,0,0,0
49147,0,0,0
49148,0,0,0
49149,0,0,0
49150,0,0,0
49151,0,0,0
49152,0,0,0
49153,0,0,0
49154,0,0,0
49155,0,0,0
49156,0,0,0
49157,0,0,0
49158,0,0,0
49159,0,0,0
49160,0,0,0
49161,0,0,0
49162,0,0,0
49163,0,0,0
49164,0,0,0
49165,0,0,0
49166,0,0,0
49167,0.004,0.004,0.004
49168,0,0,0
49169,0,0,0
49170,0,0,0
49171,0,0,0
49172,0,0,0
49173,0,0,0
49174,0,0,0
49175,0,0,0
49176,0,0,0
49177,0,0,0
49178,0,0,0
49179,0.004,0.004,0.004
49180,0.01,0.01,0.01
49181,0.014,0.014,0.014
49182,0.018,0.018,0.018
49183,0.02,0.02,0.02
49184,0.018,0.018,0.018
49185,0.018,0.018,0.018
49186,0.052,0.052,0.052
49187,0.052,0.052,0.052
49188,0.052,0.052,0.052
49189,0.046,0.046,0.046
49190,0.044,0.044,0.044
49191,0.044,0.044,0.044
49192,0.05,0.05,0.05
49193,0.046,0.046,0.046
49194,0.044,0.044,0.044
49195,0.038,0.038,0.038
49196,0.038,0.038,0.038
49197,0.038,0.038,0.038
49198,0.048,0.048,0.048
49199,0.058,0.058,0.058
49200,0.068,0.068,0.068
49201,0.058,0.058,0.058
49202,0.054,0.054,0.054
49203,0.05,0.05,0.05
49204,0.072,0.072,0.072
49205,0.088,0.088,0.088
49206,0.11,0.11,0.11
49207,0.098,0.098,0.098
49208,0.112,0.112,0.112
49209,0.104,0.104,0.104
49210,0.134,0.134,0.134
49211,0.14,0.14,0.14
49212,0.122,0.122,0.122
49213,0.118,0.118,0.118
49214,0.12,0.12,0.12
49215,0.106,0.106,0.106
49216,0.072,0.072,0.072
49217,0.054,0.054,0.054
49218,0.054,0.054,0.054
49219,0.12,0.12,0.12
49220,0.168,0.168,0.168
49221,0.15,0.15,0.15
49222,0.128,0.128,0.128
49223,0.124,0.124,0.124
49224,0.146,0.146,0.146
49225,0.146,0.146,0.146
49226,0.144,0.144,0.144
49227,0.136,0.136,0.136
49228,0.132,0.132,0.132
49229,0.118,0.118,0.118
49230,0.13,0.13,0.13
49231,0.106,0.106,0.106
49232,0.116,0.116,0.116
49233,0.126,0.126,0.126
49234,0.12,0.12,0.12
49235,0.14,0.14,0.14
49236,0.126,0.126,0.126
49237,0.122,0.122,0.122
49238,0.118,0.118,0.118
49239,0.106,0.106,0.106
49240,0.118,0.118,0.118
49241,0.12,0.12,0.12
49242,0.108,0.108,0.108
49243,0.124,0.124,0.124
49244,0.126,0.126,0.126
49245,0.106,0.106,0.106
49246,0.098,0.098,0.098
49247,0.106,0.106,0.106
49248,0.116,0.116,0.116
49249,0.116,0.116,0.116
49250,0.13,0.13,0.13
49251,0.148,0.148,0.148
49252,0.154,0.154,0.154
49253,0.134,0.134,0.134
49254,0.154,0.154,0.154
49255,0.132,0.132,0.132
49256,0.126,0.126,0.126
49257,0.122,0.122,0.122
49258,0.134,0.134,0.134
49259,0.142,0.142,0.142
49260,0.136,0.136,0.136
49261,0.122,0.122,0.122
49262,0.16,0.16,0.16
49263,0.188,0.188,0.188
49264,0.154,0.154,0.154
49265,0.188,0.188,0.188
49266,0.17,0.17,0.17
49267,0.174,0.174,0.174
49268,0.17,0.17,0.17
49269,0.162,0.162,0.162
49270,0.158,0.158,0.158
49271,0.156,0.156,0.156
49272,0.164,0.164,0.164
49273,0.16,0.16,0.16
49274,0.164,0.164,0.164
49275,0.112,0.112,0.112
49276,0.154,0.154,0.154
49277,0.154,0.154,0.154
49278,0.154,0.154,0.154
49279,0.158,0.158,0.158
49280,0.156,0.156,0.156
49281,0.156,0.156,0.156
49282,0.16,0.16,0.16
49283,0.138,0.138,0.138
49284,0.15,0.15,0.15
49285,0.154,0.154,0.154
49286,0.162,0.162,0.162
49287,0.172,0.172,0.172
49288,0.17,0.17,0.17
49289,0.19,0.19,0.19
49290,0.23,0.23,0.23
49291,0.274,0.274,0.274
49292,0.246,0.246,0.246
49293,0.24,0.24,0.24
49294,0.276,0.276,0.276
49295,0.308,0.308,0.308
49296,0.248,0.248,0.248
49297,0.264,0.264,0.264
49298,0.262,0.262,0.262
49299,0.304,0.304,0.304
49300,0.302,0.302,0.302
49301,0.29,0.29,0.29
49302,0.246,0.246,0.246
49303,0.248,0.248,0.248
49304,0.244,0.244,0.244
49305,0.222,0.222,0.222
49306,0.228,0.228,0.228
49307,0.234,0.234,0.234
49308,0.238,0.238,0.238
49309,0.246,0.246,0.246
49310,0.242,0.242,0.242
49311,0.248,0.248,0.248
49312,0.238,0.238,0.238
49313,0.25,0.25,0.25
49314,0.248,0.248,0.248
49315,0.248,0.248,0.248
49316,0.278,0.278,0.278
49317,0.268,0.268,0.268
49318,0.274,0.274,0.274
49319,0.272,0.272,0.272
49320,0.276,0.276,0.276
49321,0.28,0.28,0.28
49322,0.288,0.288,0.288
49323,0.302,0.302,0.302
49324,0.298,0.298,0.298
49325,0.31,0.31,0.31
49326,0.312,0.312,0.312
49327,0.358,0.358,0.358
49328,0.342,0.342,0.342
49329,0.338,0.338,0.338
49330,0.338,0.338,0.338
49331,0.344,0.344,0.344
49332,0.342,0.342,0.342
49333,0.33,0.33,0.33
49334,0.332,0.332,0.332
49335,0.342,0.342,0.342
49336,0.336,0.336,0.336
49337,0.382,0.382,0.382
49338,0.368,0.368,0.368
49339,0.35,0.35,0.35
49340,0.376,0.376,0.376
49341,0.406,0.406,0.406
49342,0.39,0.39,0.39
49343,0.39,0.39,0.39
49344,0.372,0.372,0.372
49345,0.368,0.368,0.368
49346,0.38,0.38,0.38
49347,0.368,0.368,0.368
49348,0.372,0.372,0.372
49349,0.358,0.358,0.358
49350,0.366,0.366,0.366
49351,0.372,0.372,0.372
49352,0.382,0.382,0.382
49353,0.388,0.388,0.388
49354,0.39,0.39,0.39
49355,0.382,0.382,0.382
49356,0.386,0.386,0.386
49357,0.416,0.296,0.296
49358,0.406,0.282,0.282
49359,0.406,0.268,0.268
49360,0.404,0.24,0.24
49361,0.404,0.224,0.224
49362,0.402,0.218,0.218
49363,0.404,0.184,0.184
49364,0.426,0.182,0.182
49365,0.422,0.17,0.17
49366,0.418,0.166,0.166
49367,0.418,0.152,0.152
49368,0.412,0.148,0.148
49369,0.414,0.12,0.12
49370,0.398,0.116,0.116
49371,0.388,0.102,0.102
49372,0.39,0.066,0.066
49373,0.378,0.042,0.042
49374,0.374,0.036,0.036
49375,0.384,0.02,0.02
49376,0.446,0.018,0.018
49377,0.432,0.016,0.016
49378,0.442,0.016,0.016
49379,0.44,0.01,0.01
49380,0.432,0.01,0.01
49381,0.436,0.004,0.004
49382,0.432,0.004,0.004
49383,0.43,0.004,0.004
49384,0.43,0.004,0.004
49385,0.41,0,0
49386,0.422,0,0
49387,0.43,0,0
49388,0.426,0,0
49389,0.42,0,0
49390,0.434,0,0
49391,0.422,0,0
49392,0.428,0,0
49393,0.44,0,0
49394,0.428,0,0
49395,0.428,0,0
49396,0.418,0,0
49397,0.41,0,0
49398,0.416,0,0
49399,0.402,0,0
49400,0.398,0,0
49401,0.394,0,0
49402,0.396,0,0
49403,0.384,0,0
49404,0.378,0,0
49405,0.37,0,0
49406,0.36,0,0
49407,0.35,0,0
49408,0.35,0,0
49409,0.346,0,0
49410,0.342,0,0
49411,0.336,0,0
49412,0.332,0,0
49413,0.326,0,0
49414,0.314,0,0
49415,0.318,0,0
49416,0.312,0,0
49417,0.294,0,0
49418,0.292,0,0
49419,0.294,0,0
49420,0.288,0,0
49421,0.284,0,0
49422,0.292,0,0
49423,0.306,0,0
49424,0.296,0,0
49425,0.282,0,0
49426,0.268,0,0
49427,0.24,0,0
49428,0.224,0,0
49429,0.218,0,0
49430,0.184,0,0
49431,0.182,0,0
49432,0.17,0,0
49433,0.166,0,0
49434,0.152,0,0
49435,0.148,0,0
49436,0.12,0,0
49437,0.116,0,0
49438,0.102,0,0
49439,0.066,0,0
49440,0.042,0,0
49441,0.036,0,0
49442,0.02,0,0
49443,0.018,0,0
49444,0.016,0,0
49445,0.016,0,0
49446,0.01,0,0
49447,0.01,0,0
49448,0.004,0,0
49449,0.004,0,0
49450,0.004,0,0
49451,0.004,0,0
49452,0,0,0
49453,0,0,0
49454,0,0,0
49455,0,0,0
49456,0,0,0
49457,0,0,0
49458,0,0,0
49459,0,0,0
49460,0,0,0
49461,0,0,0
49462,0,0,0
49463,0,0,0
49464,0,0,0
49465,0,0,0
49466,0,0,0
49467,0,0,0
49468,0,0,0
49469,0,0,0
49470,0,0,0
49471,0,0,0
49472,0,0,0
49473,0,0,0
49474,0,0,0
49475,0,0,0
49476,0,0,0
49477,0,0,0
49478,0,0,0
49479,0,0,0
49480,0,0,0
49481,0,0,0
49482,0,0,0
49483,0,0,0
49484,0,0,0
49485,0,0,0
49486,0,0,0
49487,0,0,0
49488,0,0,0
49489,0,0,0
49490,0,0,0
49491,0,0,0
49492,0,0,0
49493,0,0,0
49494,0,0,0
49495,0,0,0
49496,0,0,0
49497,0,0,0
49498,0,0,0
49499,0,0,0
49500,0,0,0
49501,0,0,0
49502,0.008,0.008,0.008
49503,0,0,0
49504,0,0,0
49505,0,0,0
49506,0,0,0
49507,0,0,0
49508,0,0,0
49509,0,0,0
49510,0,0,0
49511,0,0,0
49512,0,0,0
49513,0,0,0
49514,0,0,0
49515,0,0,0
49516,0,0,0
49517,0,0,0
49518,0,0,0
49519,0,0,0
49520,0,0,0
49521,0,0,0
49522,0,0,0
49523,0,0,0
49524,0,0,0
49525,0,0,0
49526,0,0,0
49527,0,0,0
49528,0,0,0
49529,0,0,0
49530,0,0,0
49531,0,0,0
49532,0.004,0.004,0.004
49533,0,0,0
49534,0,0,0
49535,0,0,0
49536,0,0,0
49537,0,0,0
49538,0,0,0
49539,0,0,0
49540,0,0,0
49541,0,0,0
49542,0,0,0
49543,0,0,0
49544,0.004,0.004,0.004
49545,0.01,0.01,0.01
49546,0.014,0.014,0.014
49547,0.018,0.018,0.018
49548,0.02,0.02,0.02
49549,0.018,0.018,0.018
49550,0.018,0.018,0.018
49551,0.052,0.052,0.052
49552,0.052,0.052,0.052
49553,0.052,0.052,0.052
49554,0.046,0.046,0.046
49555,0.044,0.044,0.044
49556,0.044,0.044,0.044
49557,0.05,0.05,0.05
49558,0.046,0.046,0.046
49559,0.044,0.044,0.044
49560,0.038,0.038,0.038
49561,0.038,0.038,0.038
49562,0.038,0.038,0.038
49563,0.048,0.048,0.048
49564,0.058,0.058,0.058
49565,0.068,0.068,0.068
49566,0.058,0.058,0.058
49567,0.054,0.054,0.054
49568,0.05,0.05,0.05
49569,0.072,0.072,0.072
49570,0.088,0.088,0.088
49571,0.11,0.11,0.11
49572,0.098,0.098,0.098
49573,0.112,0.112,0.112
49574,0.104,0.104,0.104
49575,0.134,0.134,0.134
49576,0.14,0.14,0.14
49577,0.122,0.122,0.122
49578,0.118,0.118,0.118
49579,0.12,0.12,0.12
49580,0.106,0.106,0.106
49581,0.072,0.072,0.072
49582,0.054,0.054,0.054
49583,0.054,0.054,0.054
49584,0.12,0.12,0.12
49585,0.168,0.168,0.168
49586,0.15,0.15,0.15
49587,0.128,0.128,0.128
49588,0.124,0.124,0.124
49589,0.146,0.146,0.146
49590,0.146,0.146,0.146
49591,0.144,0.144,0.144
49592,0.136,0.136,0.136
49593,0.132,0.132,0.132
49594,0.118,0.118,0.118
49595,0.13,0.13,0.13
49596,0.106,0.106,0.106
49597,0.116,0.116,0.116
49598,0.126,0.126,0.126
49599,0.12,0.12,0.12
49600,0.14,0.14,0.14
49601,0.126,0.126,0.126
49602,0.122,0.122,0.122
49603,0.118,0.118,0.118
49604,0.106,0.106,0.106
49605,0.118,0.118,0.118
49606,0.12,0.12,0.12
49607,0.108,0.108,0.108
49608,0.124,0.124,0.124
49609,0.126,0.126,0.126
49610,0.106,0.106,0.106
49611,0.098,0.098,0.098
49612,0.106,0.106,0.106
49613,0.116,0.116,0.116
49614,0.116,0.116,0.116
49615,0.13,0.13,0.13
49616,0.148,0.148,0.148
49617,0.154,0.154,0.154
49618,0.134,0.134,0.134
49619,0.154,0.154,0.154
49620,0.132,0.132,0.132
49621,0.126,0.126,0.126
49622,0.122,0.122,0.122
49623,0.134,0.134,0.134
49624,0.142,0.142,0.142
49625,0.136,0.136,0.136
49626,0.122,0.122,0.122
49627,0.16,0.16,0.16
49628,0.188,0.188,0.188
49629,0.154,0.154,0.154
49630,0.188,0.188,0.188
49631,0.17,0.17,0.17
49632,0.174,0.174,0.174
49633,0.17,0.17,0.17
49634,0.162,0.162,0.162
49635,0.158,0.158,0.158
49636,0.156,0.156,0.156
49637,0.164,0.164,0.164
49638,0.16,0.16,0.16
49639,0.164,0.164,0.164
49640,0.112,0.112,0.112
49641,0.154,0.154,0.154
49642,0.154,0.154,0.154
49643,0.154,0.154,0.154
49644,0.158,0.158,0.158
49645,0.156,0.156,0.156
49646,0.156,0.156,0.156
49647,0.16,0.16,0.16
49648,0.138,0.138,0.138
49649,0.15,0.15,0.15
49650,0.154,0.154,0.154
49651,0.162,0.162,0.162
49652,0.172,0.172,0.172
49653,0.17,0.17,0.17
49654,0.19,0.19,0.19
49655,0.23,0.23,0.23
49656,0.274,0.274,0.274
49657,0.246,0.246,0.246
49658,0.24,0.24,0.24
49659,0.276,0.276,0.276
49660,0.308,0.308,0.308
49661,0.248,0.248,0.248
49662,0.264,0.264,0.264
49663,0.262,0.262,0.262
49664,0.304,0.304,0.304
49665,0.302,0.302,0.302
49666,0.29,0.29,0.29
49667,0.246,0.246,0.246
49668,0.248,0.248,0.248
49669,0.244,0.244,0.244
49670,0.222,0.222,0.222
49671,0.228,0.228,0.228
49672,0.234,0.234,0.234
49673,0.238,0.238,0.238
49674,0.246,0.246,0.246
49675,0.242,0.242,0.242
49676,0.248,0.248,0.248
49677,0.238,0.238,0.238
49678,0.25,0.25,0.25
49679,0.248,0.248,0.248
49680,0.248,0.248,0.248
49681,0.278,0.278,0.278
49682,0.268,0.268,0.268
49683,0.274,0.274,0.274
49684,0.272,0.272,0.272
49685,0.276,0.276,0.276
49686,0.28,0.28,0.28
49687,0.288,0.288,0.288
49688,0.302,0.302,0.302
49689,0.298,0.298,0.298
49690,0.31,0.31,0.31
49691,0.312,0.312,0.312
49692,0.358,0.358,0.358
49693,0.342,0.342,0.342
49694,0.338,0.338,0.338
49695,0.338,0.338,0.338
49696,0.344,0.344,0.344
49697,0.342,0.342,0.342
49698,0.33,0.33,0.33
49699,0.332,0.332,0.332
49700,0.342,0.342,0.342
49701,0.336,0.336,0.336
49702,0.382,0.382,0.382
49703,0.368,0.368,0.368
49704,0.35,0.35,0.35
49705,0.376,0.376,0.376
49706,0.406,0.406,0.406
49707,0.39,0.39,0.39
49708,0.39,0.39,0.39
49709,0.372,0.372,0.372
49710,0.368,0.368,0.368
49711,0.38,0.38,0.38
49712,0.368,0.368,0.368
49713,0.372,0.372,0.372
49714,0.358,0.358,0.358
49715,0.366,0.366,0.366
49716,0.372,0.372,0.372
49717,0.382,0.382,0.382
49718,0.388,0.388,0.388
49719,0.39,0.39,0.39
49720,0.382,0.382,0.382
49721,0.386,0.296,0.296
49722,0.416,0.282,0.282
49723,0.406,0.268,0.268
49724,0.406,0.24,0.24
49725,0.404,0.224,0.224
49726,0.404,0.218,0.218
49727,0.402,0.184,0.184
49728,0.404,0.182,0.182
49729,0.426,0.17,0.17
49730,0.422,0.166,0.166
49731,0.418,0.152,0.152
49732,0.418,0.148,0.148
49733,0.412,0.12,0.12
49734,0.414,0.116,0.116
49735,0.398,0.102,0.102
49736,0.388,0.066,0.066
49737,0.39,0.042,0.042
49738,0.378,0.036,0.036
49739,0.374,0.02,0.02
49740,0.384,0.018,0.018
49741,0.446,0.016,0.016
49742,0.432,0.016,0.016
49743,0.442,0.01,0.01
49744,0.44,0.01,0.01
49745,0.432,0.004,0.004
49746,0.436,0.004,0.004
49747,0.432,0.004,0.004
49748,0.43,0.004,0.004
49749,0.43,0,0
49750,0.41,0,0
49751,0.422,0,0
49752,0.43,0,0
49753,0.426,0,0
49754,0.42,0,0
49755,0.434,0,0
49756,0.422,0,0
49757,0.428,0,0
49758,0.44,0,0
49759,0.428,0,0
49760,0.428,0,0
49761,0.418,0,0
49762,0.41,0,0
49763,0.416,0,0
49764,0.402,0,0
49765,0.398,0,0
49766,0.394,0,0
49767,0.396,0,0
49768,0.384,0,0
49769,0.378,0,0
49770,0.37,0,0
49771,0.36,0,0
49772,0.35,0,0
49773,0.35,0,0
49774,0.346,0,0
49775,0.342,0,0
49776,0.336,0,0
49777,0.332,0,0
49778,0.326,0,0
49779,0.314,0,0
49780,0.318,0,0
49781,0.312,0,0
49782,0.294,0,0
49783,0.292,0,0
49784,0.294,0,0
49785,0.288,0,0
49786,0.284,0,0
49787,0.292,0,0
49788,0.306,0,0
49789,0.296,0,0
49790,0.282,0,0
49791,0.268,0,0
49792,0.24,0,0
49793,0.224,0,0
49794,0.218,0,0
49795,0.184,0,0
49796,0.182,0,0
49797,0.17,0,0
49798,0.166,0,0
49799,0.152,0,0
49800,0.148,0,0
49801,0.12,0,0
49802,0.116,0,0
49803,0.102,0,0
49804,0.066,0,0
49805,0.042,0,0
49806,0.036,0,0
49807,0.02,0,0
49808,0.018,0,0
49809,0.016,0,0
49810,0.016,0,0
49811,0.01,0,0
49812,0.01,0,0
49813,0.004,0,0
49814,0.004,0,0
49815,0.004,0,0
49816,0.004,0,0
49817,0,0,0
49818,0,0,0
49819,0,0,0
49820,0,0,0
49821,0,0,0
49822,0,0,0
49823,0,0,0
49824,0,0,0
49825,0,0,0
49826,0,0,0
49827,0,0,0
49828,0,0,0
49829,0,0,0
49830,0,0,0
49831,0,0,0
49832,0,0,0
49833,0,0,0
49834,0,0,0
49835,0,0,0
49836,0,0,0
49837,0,0,0
49838,0,0,0
49839,0,0,0
49840,0,0,0
49841,0,0,0
49842,0,0,0
49843,0,0,0
49844,0,0,0
49845,0,0,0
49846,0,0,0
49847,0,0,0
49848,0,0,0
49849,0,0,0
49850,0,0,0
49851,0,0,0
49852,0,0,0
49853,0,0,0
49854,0,0,0
49855,0,0,0
49856,0,0,0
49857,0,0,0
49858,0,0,0
49859,0,0,0
49860,0,0,0
49861,0,0,0
49862,0,0,0
49863,0,0,0
49864,0,0,0
49865,0,0,0
49866,0,0,0
49867,0.008,0.008,0.008
49868,0,0,0
49869,0,0,0
49870,0,0,0
49871,0,0,0
49872,0,0,0
49873,0,0,0
49874,0,0,0
49875,0,0,0
49876,0,0,0
49877,0,0,0
49878,0,0,0
49879,0,0,0
49880,0,0,0
49881,0,0,0
49882,0,0,0
49883,0,0,0
49884,0,0,0
49885,0,0,0
49886,0,0,0
49887,0,0,0
49888,0,0,0
49889,0,0,0
49890,0,0,0
49891,0,0,0
49892,0,0,0
49893,0,0,0
49894,0,0,0
49895,0,0,0
49896,0,0,0
49897,0.004,0.004,0.004
49898,0,0,0
49899,0,0,0
49900,0,0,0
49901,0,0,0
49902,0,0,0
49903,0,0,0
49904,0,0,0
49905,0,0,0
49906,0,0,0
49907,0,0,0
49908,0,0,0
49909,0.004,0.004,0.004
49910,0.01,0.01,0.01
49911,0.014,0.014,0.014
49912,0.018,0.018,0.018
49913,0.02,0.02,0.02
49914,0.018,0.018,0.018
49915,0.018,0.018,0.018
49916,0.052,0.052,0.052
49917,0.052,0.052,0.052
49918,0.052,0.052,0.052
49919,0.046,0.046,0.046
49920,0.044,0.044,0.044
49921,0.044,0.044,0.044
49922,0.05,0.05,0.05
49923,0.046,0.046,0.046
49924,0.044,0.044,0.044
49925,0.038,0.038,0.038
49926,0.038,0.038,0.038
49927,0.038,0.038,0.038
49928,0.048,0.048,0.048
49929,0.058,0.058,0.058
49930,0.068,0.068,0.068
49931,0.058,0.058,0.058
49932,0.054,0.054,0.054
49933,0.05,0.05,0.05
49934,0.072,0.072,0.072
49935,0.088,0.088,0.088
49936,0.11,0.11,0.11
49937,0.098,0.098,0.098
49938,0.112,0.112,0.112
49939,0.104,0.104,0.104
49940,0.134,0.134,0.134
49941,0.14,0.14,0.14
49942,0.122,0.122,0.122
49943,0.118,0.118,0.118
49944,0.12,0.12,0.12
49945,0.106,0.106,0.106
49946,0.072,0.072,0.072
49947,0.054,0.054,0.054
49948,0.054,0.054,0.054
49949,0.12,0.12,0.12
49950,0.168,0.168,0.168
49951,0.15,0.15,0.15
49952,0.128,0.128,0.128
49953,0.124,0.124,0.124
49954,0.146,0.146,0.146
49955,0.146,0.146,0.146
49956,0.144,0.144,0.144
49957,0.136,0.136,0.136
49958,0.132,0.132,0.132
49959,0.118,0.118,0.118
49960,0.13,0.13,0.13
49961,0.106,0.106,0.106
49962,0.116,0.116,0.116
49963,0.126,0.126,0.126
49964,0.12,0.12,0.12
49965,0.14,0.14,0.14
49966,0.126,0.126,0.126
49967,0.122,0.122,0.122
49968,0.118,0.118,0.118
49969,0.106,0.106,0.106
49970,0.118,0.118,0.118
49971,0.12,0.12,0.12
49972,0.108,0.108,0.108
49973,0.124,0.124,0.124
49974,0.126,0.126,0.126
49975,0.106,0.106,0.106
49976,0.098,0.098,0.098
49977,0.106,0.106,0.106
49978,0.116,0.116,0.116
49979,0.116,0.116,0.116
49980,0.13,0.13,0.13
49981,0.148,0.148,0.148
49982,0.154,0.154,0.154
49983,0.134,0.134,0.134
49984,0.154,0.154,0.154
49985,0.132,0.132,0.132
49986,0.126,0.126,0.126
49987,0.122,0.122,0.122
49988,0.134,0.134,0.134
49989,0.142,0.142,0.142
49990,0.136,0.136,0.136
49991,0.122,0.122,0.122
49992,0.16,0.16,0.16
49993,0.188,0.188,0.188
49994,0.154,0.154,0.154
49995,0.188,0.188,0.188
49996,0.17,0.17,0.17
49997,0.174,0.174,0.174
49998,0.17,0.17,0.17
49999,0.162,0.162,0.162
50000,0.158,0.158,0.158
50001,0.156,0.156,0.156
50002,0.164,0.164,0.164
50003,0.16,0.16,0.16
50004,0.164,0.164,0.164
50005,0.112,0.112,0.112
50006,0.154,0.154,0.154
50007,0.154,0.154,0.154
50008,0.154,0.154,0.154
50009,0.158,0.158,0.158
50010,0.156,0.156,0.156
50011,0.156,0.156,0.156
50012,0.16,0.16,0.16
50013,0.138,0.138,0.138
50014,0.15,0.15,0.15
50015,0.154,0.154,0.154
50016,0.162,0.162,0.162
50017,0.172,0.172,0.172
50018,0.17,0.17,0.17
50019,0.19,0.19,0.19
50020,0.23,0.23,0.23
50021,0.274,0.274,0.274
50022,0.246,0.246,0.246
50023,0.24,0.24,0.24
50024,0.276,0.276,0.276
50025,0.308,0.308,0.308
50026,0.248,0.248,0.248
50027,0.264,0.264,0.264
50028,0.262,0.262,0.262
50029,0.304,0.304,0.304
50030,0.302,0.302,0.302
50031,0.29,0.29,0.29
50032,0.246,0.246,0.246
50033,0.248,0.248,0.248
50034,0.244,0.244,0.244
50035,0.222,0.222,0.222
50036,0.228,0.228,0.228
50037,0.234,0.234,0.234
50038,0.238,0.238,0.238
50039,0.246,0.246,0.246
50040,0.242,0.242,0.242
50041,0.248,0.248,0.248
50042,0.238,0.238,0.238
50043,0.25,0.25,0.25
50044,0.248,0.248,0.248
50045,0.248,0.248,0.248
50046,0.278,0.278,0.278
50047,0.268,0.268,0.268
50048,0.274,0.274,0.274
50049,0.272,0.272,0.272
50050,0.276,0.276,0.276
50051,0.28,0.28,0.28
50052,0.288,0.288,0.288
50053,0.302,0.302,0.302
50054,0.298,0.298,0.298
50055,0.31,0.31,0.31
50056,0.312,0.312,0.312
50057,0.358,0.358,0.358
50058,0.342,0.342,0.342
50059,0.338,0.338,0.338
50060,0.338,0.338,0.338
50061,0.344,0.344,0.344
50062,0.342,0.342,0.342
50063,0.33,0.33,0.33
50064,0.332,0.332,0.332
50065,0.342,0.342,0.342
50066,0.336,0.336,0.336
50067,0.382,0.382,0.382
50068,0.368,0.368,0.368
50069,0.35,0.35,0.35
50070,0.376,0.376,0.376
50071,0.406,0.406,0.406
50072,0.39,0.39,0.39
50073,0.39,0.39,0.39
50074,0.372,0.372,0.372
50075,0.368,0.368,0.368
50076,0.38,0.38,0.38
50077,0.368,0.368,0.368
50078,0.372,0.372,0.372
50079,0.358,0.358,0.358
50080,0.366,0.366,0.366
50081,0.372,0.372,0.372
50082,0.382,0.382,0.382
50083,0.388,0.388,0.388
50084,0.39,0.39,0.39
50085,0.382,0.382,0.382
50086,0.386,0.296,0.296
50087,0.416,0.282,0.282
50088,0.406,0.268,0.268
50089,0.406,0.24,0.24
50090,0.404,0.224,0.224
50091,0.404,0.218,0.218
50092,0.402,0.184,0.184
50093,0.404,0.182,0.182
50094,0.426,0.17,0.17
50095,0.422,0.166,0.166
50096,0.418,0.152,0.152
50097,0.418,0.148,0.148
50098,0.412,0.12,0.12
50099,0.414,0.116,0.116
50100,0.398,0.102,0.102
50101,0.388,0.066,0.066
50102,0.39,0.042,0.042
50103,0.378,0.036,0.036
50104,0.374,0.02,0.02
50105,0.384,0.018,0.018
50106,0.446,0.016,0.016
50107,0.432,0.016,0.016
50108,0.442,0.01,0.01
50109,0.44,0.01,0.01
50110,0.432,0.004,0.004
50111,0.436,0.004,0.004
50112,0.432,0.004,0.004
50113,0.43,0.004,0.004
50114,0.43,0,0
50115,0.41,0,0
50116,0.422,0,0
50117,0.43,0,0
50118,0.426,0,0
50119,0.42,0,0
50120,0.434,0,0
50121,0.422,0,0
50122,0.428,0,0
50123,0.44,0,0
50124,0.428,0,0
50125,0.428,0,0
50126,0.418,0,0
50127,0.41,0,0
50128,0.416,0,0
50129,0.402,0,0
50130,0.398,0,0
50131,0.394,0,0
50132,0.396,0,0
50133,0.384,0,0
50134,0.378,0,0
50135,0.37,0,0
50136,0.36,0,0
50137,0.35,0,0
50138,0.35,0,0
50139,0.346,0,0
50140,0.342,0,0
50141,0.336,0,0
50142,0.332,0,0
50143,0.326,0,0
50144,0.314,0,0
50145,0.318,0,0
50146,0.312,0,0
50147,0.294,0,0
50148,0.292,0,0
50149,0.294,0,0
50150,0.288,0,0
50151,0.284,0,0
50152,0.292,0,0
50153,0.306,0,0
50154,0.296,0,0
50155,0.282,0,0
50156,0.268,0,0
50157,0.24,0,0
50158,0.224,0,0
50159,0.218,0,0
50160,0.184,0,0
50161,0.182,0,0
50162,0.17,0,0
50163,0.166,0,0
50164,0.152,0,0
50165,0.148,0,0
50166,0.12,0,0
50167,0.116,0,0
50168,0.102,0,0
50169,0.066,0,0
50170,0.042,0,0
50171,0.036,0,0
50172,0.02,0,0
50173,0.018,0,0
50174,0.016,0,0
50175,0.016,0,0
50176,0.01,0,0
50177,0.01,0,0
50178,0.004,0,0
50179,0.004,0,0
50180,0.004,0,0
50181,0.004,0,0
50182,0,0,0
50183,0,0,0
50184,0,0,0
50185,0,0,0
50186,0,0,0
50187,0,0,0
50188,0,0,0
50189,0,0,0
50190,0,0,0
50191,0,0,0
50192,0,0,0
50193,0,0,0
50194,0,0,0
50195,0,0,0
50196,0,0,0
50197,0,0,0
50198,0,0,0
50199,0,0,0
50200,0,0,0
50201,0,0,0
50202,0,0,0
50203,0,0,0
50204,0,0,0
50205,0,0,0
50206,0,0,0
50207,0,0,0
50208,0,0,0
50209,0,0,0
50210,0,0,0
50211,0,0,0
50212,0,0,0
50213,0,0,0
50214,0,0,0
50215,0,0,0
50216,0,0,0
50217,0,0,0
50218,0,0,0
50219,0,0,0
50220,0,0,0
50221,0,0,0
50222,0,0,0
50223,0,0,0
50224,0,0,0
50225,0,0,0
50226,0,0,0
50227,0,0,0
50228,0,0,0
50229,0,0,0
50230,0,0,0
50231,0,0,0
50232,0.008,0.008,0.008
50233,0,0,0
50234,0,0,0
50235,0,0,0
50236,0,0,0
50237,0,0,0
50238,0,0,0
50239,0,0,0
50240,0,0,0
50241,0,0,0
50242,0,0,0
50243,0,0,0
50244,0,0,0
50245,0,0,0
50246,0,0,0
50247,0,0,0
50248,0,0,0
50249,0,0,0
50250,0,0,0
50251,0,0,0
50252,0,0,0
50253,0,0,0
50254,0,0,0
50255,0,0,0
50256,0,0,0
50257,0,0,0
50258,0,0,0
50259,0,0,0
50260,0,0,0
50261,0,0,0
50262,0.004,0.004,0.004
50263,0,0,0
50264,0,0,0
50265,0,0,0
50266,0,0,0
50267,0,0,0
50268,0,0,0
50269,0,0,0
50270,0,0,0
50271,0,0,0
50272,0,0,0
50273,0,0,0
50274,0.004,0.004,0.004
50275,0.01,0.01,0.01
50276,0.014,0.014,0.014
50277,0.018,0.018,0.018
50278,0.02,0.02,0.02
50279,0.018,0.018,0.018
50280,0.018,0.018,0.018
50281,0.052,0.052,0.052
50282,0.052,0.052,0.052
50283,0.052,0.052,0.052
50284,0.046,0.046,0.046
50285,0.044,0.044,0.044
50286,0.044,0.044,0.044
50287,0.05,0.05,0.05
50288,0.046,0.046,0.046
50289,0.044,0.044,0.044
50290,0.038,0.038,0.038
50291,0.038,0.038,0.038
50292,0.038,0.038,0.038
50293,0.048,0.048,0.048
50294,0.058,0.058,0.058
50295,0.068,0.068,0.068
50296,0.058,0.058,0.058
50297,0.054,0.054,0.054
50298,0.05,0.05,0.05
50299,0.072,0.072,0.072
50300,0.088,0.088,0.088
50301,0.11,0.11,0.11
50302,0.098,0.098,0.098
50303,0.112,0.112,0.112
50304,0.104,0.104,0.104
50305,0.134,0.134,0.134
50306,0.14,0.14,0.14
50307,0.122,0.122,0.122
50308,0.118,0.118,0.118
50309,0.12,0.12,0.12
50310,0.106,0.106,0.106
50311,0.072,0.072,0.072
50312,0.054,0.054,0.054
50313,0.054,0.054,0.054
50314,0.12,0.12,0.12
50315,0.168,0.168,0.168
50316,0.15,0.15,0.15
50317,0.128,0.128,0.128
50318,0.124,0.124,0.124
50319,0.146,0.146,0.146
50320,0.146,0.146,0.146
50321,0.144,0.144,0.144
50322,0.136,0.136,0.136
50323,0.132,0.132,0.132
50324,0.118,0.118,0.118
50325,0.13,0.13,0.13
50326,0.106,0.106,0.106
50327,0.116,0.116,0.116
50328,0.126,0.126,0.126
50329,0.12,0.12,0.12
50330,0.14,0.14,0.14
50331,0.126,0.126,0.126
50332,0.122,0.122,0.122
50333,0.118,0.118,0.118
50334,0.106,0.106,0.106
50335,0.118,0.118,0.118
50336,0.12,0.12,0.12
50337,0.108,0.108,0.108
50338,0.124,0.124,0.124
50339,0.126,0.126,0.126
50340,0.106,0.106,0.106
50341,0.098,0.098,0.098
50342,0.106,0.106,0.106
50343,0.116,0.116,0.116
50344,0.116,0.116,0.116
50345,0.13,0.13,0.13
50346,0.148,0.148,0.148
50347,0.154,0.154,0.154
50348,0.134,0.134,0.134
50349,0.154,0.154,0.154
50350,0.132,0.132,0.132
50351,0.126,0.126,0.126
50352,0.122,0.122,0.122
50353,0.134,0.134,0.134
50354,0.142,0.142,0.142
50355,0.136,0.136,0.136
50356,0.122,0.122,0.122
50357,0.16,0.16,0.16
50358,0.188,0.188,0.188
50359,0.154,0.154,0.154
50360,0.188,0.188,0.188
50361,0.17,0.17,0.17
50362,0.174,0.174,0.174
50363,0.17,0.17,0.17
50364,0.162,0.162,0.162
50365,0.158,0.158,0.158
50366,0.156,0.156,0.156
50367,0.164,0.164,0.164
50368,0.16,0.16,0.16
50369,0.164,0.164,0.164
50370,0.112,0.112,0.112
50371,0.154,0.154,0.154
50372,0.154,0.154,0.154
50373,0.154,0.154,0.154
50374,0.158,0.158,0.158
50375,0.156,0.156,0.156
50376,0.156,0.156,0.156
50377,0.16,0.16,0.16
50378,0.138,0.138,0.138
50379,0.15,0.15,0.15
50380,0.154,0.154,0.154
50381,0.162,0.162,0.162
50382,0.172,0.172,0.172
50383,0.17,0.17,0.17
50384,0.19,0.19,0.19
50385,0.23,0.23,0.23
50386,0.274,0.274,0.274
50387,0.246,0.246,0.246
50388,0.24,0.24,0.24
50389,0.276,0.276,0.276
50390,0.308,0.308,0.308
50391,0.248,0.248,0.248
50392,0.264,0.264,0.264
50393,0.262,0.262,0.262
50394,0.304,0.304,0.304
50395,0.302,0.302,0.302
50396,0.29,0.29,0.29
50397,0.246,0.246,0.246
50398,0.248,0.248,0.248
50399,0.244,0.244,0.244
50400,0.222,0.222,0.222
50401,0.228,0.228,0.228
50402,0.234,0.234,0.234
50403,0.238,0.238,0.238
50404,0.246,0.246,0.246
50405,0.242,0.242,0.242
50406,0.248,0.248,0.248
50407,0.238,0.238,0.238
50408,0.25,0.25,0.25
50409,0.248,0.248,0.248
50410,0.248,0.248,0.248
50411,0.278,0.278,0.278
50412,0.268,0.268,0.268
50413,0.274,0.274,0.274
50414,0.272,0.272,0.272
50415,0.276,0.276,0.276
50416,0.28,0.28,0.28
50417,0.288,0.288,0.288
50418,0.302,0.302,0.302
50419,0.298,0.298,0.298
50420,0.31,0.31,0.31
50421,0.312,0.312,0.312
50422,0.358,0.358,0.358
50423,0.342,0.342,0.342
50424,0.338,0.338,0.338
50425,0.338,0.338,0.338
50426,0.344,0.344,0.344
50427,0.342,0.342,0.342
50428,0.33,0.33,0.33
50429,0.332,0.332,0.332
50430,0.342,0.342,0.342
50431,0.336,0.336,0.336
50432,0.382,0.382,0.382
50433,0.368,0.368,0.368
50434,0.35,0.35,0.35
50435,0.376,0.376,0.376
50436,0.406,0.406,0.406
50437,0.39,0.39,0.39
50438,0.39,0.39,0.39
50439,0.372,0.372,0.372
50440,0.368,0.368,0.368
50441,0.38,0.38,0.38
50442,0.368,0.368,0.368
50443,0.372,0.372,0.372
50444,0.358,0.358,0.358
50445,0.366,0.366,0.366
50446,0.372,0.372,0.372
50447,0.382,0.382,0.382
50448,0.388,0.388,0.388
50449,0.39,0.39,0.39
50450,0.382,0.296,0.296
50451,0.386,0.282,0.282
50452,0.416,0.268,0.268
50453,0.406,0.24,0.24
50454,0.406,0.224,0.224
50455,0.404,0.218,0.218
50456,0.404,0.184,0.184
50457,0.402,0.182,0.182
50458,0.404,0.17,0.17
50459,0.426,0.166,0.166
50460,0.422,0.152,0.152
50461,0.418,0.148,0.148
50462,0.418,0.12,0.12
50463,0.412,0.116,0.116
50464,0.414,0.102,0.102
50465,0.398,0.066,0.066
50466,0.388,0.042,0.042
50467,0.39,0.036,0.036
50468,0.378,0.02,0.02
50469,0.374,0.018,0.018
50470,0.384,0.016,0.016
50471,0.446,0.016,0.016
50472,0.432,0.01,0.01
50473,0.442,0.01,0.01
50474,0.44,0.004,0.004
50475,0.432,0.004,0.004
50476,0.436,0.004,0.004
50477,0.432,0.004,0.004
50478,0.43,0,0
50479,0.43,0,0
50480,0.41,0,0
50481,0.422,0,0
50482,0.43,0,0
50483,0.426,0,0
50484,0.42,0,0
50485,0.434,0,0
50486,0.422,0,0
50487,0.428,0,0
50488,0.44,0,0
50489,0.428,0,0
50490,0.428,0,0
50491,0.418,0,0
50492,0.41,0,0
50493,0.416,0,0
50494,0.402,0,0
50495,0.398,0,0
50496,0.394,0,0
50497,0.396,0,0
50498,0.384,0,0
50499,0.378,0,0
50500,0.37,0,0
50501,0.36,0,0
50502,0.35,0,0
50503,0.35,0,0
50504,0.346,0,0
50505,0.342,0,0
50506,0.336,0,0
50507,0.332,0,0
50508,0.326,0,0
50509,0.314,0,0
50510,0.318,0,0
50511,0.312,0,0
50512,0.294,0,0
50513,0.292,0,0
50514,0.294,0,0
50515,0.288,0,0
50516,0.284,0,0
50517,0.292,0,0
50518,0.306,0,0
50519,0.296,0,0
50520,0.282,0,0
50521,0.268,0,0
50522,0.24,0,0
50523,0.224,0,0
50524,0.218,0,0
50525,0.184,0,0
50526,0.182,0,0
50527,0.17,0,0
50528,0.166,0,0
50529,0.152,0,0
50530,0.148,0,0
50531,0.12,0,0
50532,0.116,0,0
50533,0.102,0,0
50534,0.066,0,0
50535,0.042,0,0
50536,0.036,0,0
50537,0.02,0,0
50538,0.018,0,0
50539,0.016,0,0
50540,0.016,0,0
50541,0.01,0,0
50542,0.01,0,0
50543,0.004,0,0
50544,0.004,0,0
50545,0.004,0,0
50546,0.004,0,0
50547,0,0,0
50548,0,0,0
50549,0,0,0
50550,0,0,0
50551,0,0,0
50552,0,0,0
50553,0,0,0
50554,0,0,0
50555,0,0,0
50556,0,0,0
50557,0,0,0
50558,0,0,0
50559,0,0,0
50560,0,0,0
50561,0,0,0
50562,0,0,0
50563,0,0,0
50564,0,0,0
50565,0,0,0
50566,0,0,0
50567,0,0,0
50568,0,0,0
50569,0,0,0
50570,0,0,0
50571,0,0,0
50572,0,0,0
50573,0,0,0
50574,0,0,0
50575,0,0,0
50576,0,0,0
50577,0,0,0
50578,0,0,0
50579,0,0,0
50580,0,0,0
50581,0,0,0
50582,0,0,0
50583,0,0,0
50584,0,0,0
50585,0,0,0
50586,0,0,0
50587,0,0,0
50588,0,0,0
50589,0,0,0
50590,0,0,0
50591,0,0,0
50592,0,0,0
50593,0,0,0
50594,0,0,0
50595,0,0,0
50596,0,0,0
50597,0.008,0.008,0.008
50598,0,0,0
50599,0,0,0
50600,0,0,0
50601,0,0,0
50602,0,0,0
50603,0,0,0
50604,0,0,0
50605,0,0,0
50606,0,0,0
50607,0,0,0
50608,0,0,0
50609,0,0,0
50610,0,0,0
50611,0,0,0
50612,0,0,0
50613,0,0,0
50614,0,0,0
50615,0,0,0
50616,0,0,0
50617,0,0,0
50618,0,0,0
50619,0,0,0
50620,0,0,0
50621,0,0,0
50622,0,0,0
50623,0,0,0
50624,0,0,0
50625,0,0,0
50626,0,0,0
50627,0.004,0.004,0.004
50628,0,0,0
50629,0,0,0
50630,0,0,0
50631,0,0,0
50632,0,0,0
50633,0,0,0
50634,0,0,0
50635,0,0,0
50636,0,0,0
50637,0,0,0
50638,0,0,0
50639,0.004,0.004,0.004
50640,0.01,0.01,0.01
50641,0.014,0.014,0.014
50642,0.018,0.018,0.018
50643,0.02,0.02,0.02
50644,0.018,0.018,0.018
50645,0.018,0.018,0.018
50646,0.052,0.052,0.052
50647,0.052,0.052,0.052
50648,0.052,0.052,0.052
50649,0.046,0.046,0.046
50650,0.044,0.044,0.044
50651,0.044,0.044,0.044
50652,0.05,0.05,0.05
50653,0.046,0.046,0.046
50654,0.044,0.044,0.044
50655,0.038,0.038,0.038
50656,0.038,0.038,0.038
50657,0.038,0.038,0.038
50658,0.048,0.048,0.048
50659,0.058,0.058,0.058
50660,0.068,0.068,0.068
50661,0.058,0.058,0.058
50662,0.054,0.054,0.054
50663,0.05,0.05,0.05
50664,0.072,0.072,0.072
50665,0.088,0.088,0.088
50666,0.11,0.11,0.11
50667,0.098,0.098,0.098
50668,0.112,0.112,0.112
50669,0.104,0.104,0.104
50670,0.134,0.134,0.134
50671,0.14,0.14,0.14
50672,0.122,0.122,0.122
50673,0.118,0.118,0.118
50674,0.12,0.12,0.12
50675,0.106,0.106,0.106
50676,0.072,0.072,0.072
50677,0.054,0.054,0.054
50678,0.054,0.054,0.054
50679,0.12,0.12,0.12
50680,0.168,0.168,0.168
50681,0.15,0.15,0.15
50682,0.128,0.128,0.128
50683,0.124,0.124,0.124
50684,0.146,0.146,0.146
50685,0.146,0.146,0.146
50686,0.144,0.144,0.144
50687,0.136,0.136,0.136
50688,0.132,0.132,0.132
50689,0.118,0.118,0.118
50690,0.13,0.13,0.13
50691,0.106,0.106,0.106
50692,0.116,0.116,0.116
50693,0.126,0.126,0.126
50694,0.12,0.12,0.12
50695,0.14,0.14,0.14
50696,0.126,0.126,0.126
50697,0.122,0.122,0.122
50698,0.118,0.118,0.118
50699,0.106,0.106,0.106
50700,0.118,0.118,0.118
50701,0.12,0.12,0.12
50702,0.108,0.108,0.108
50703,0.124,0.124,0.124
50704,0.126,0.126,0.126
50705,0.106,0.106,0.106
50706,0.098,0.098,0.098
50707,0.106,0.106,0.106
50708,0.116,0.116,0.116
50709,0.116,0.116,0.116
50710,0.13,0.13,0.13
50711,0.148,0.148,0.148
50712,0.154,0.154,0.154
50713,0.134,0.134,0.134
50714,0.154,0.154,0.154
50715,0.132,0.132,0.132
50716,0.126,0.126,0.126
50717,0.122,0.122,0.122
50718,0.134,0.134,0.134
50719,0.142,0.142,0.142
50720,0.136,0.136,0.136
50721,0.122,0.122,0.122
50722,0.16,0.16,0.16
50723,0.188,0.188,0.188
50724,0.154,0.154,0.154
50725,0.188,0.188,0.188
50726,0.17,0.17,0.17
50727,0.174,0.174,0.174
50728,0.17,0.17,0.17
50729,0.162,0.162,0.162
50730,0.158,0.158,0.158
50731,0.156,0.156,0.156
50732,0.164,0.164,0.164
50733,0.16,0.16,0.16
50734,0.164,0.164,0.164
50735,0.112,0.112,0.112
50736,0.154,0.154,0.154
50737,0.154,0.154,0.154
50738,0.154,0.154,0.154
50739,0.158,0.158,0.158
50740,0.156,0.156,0.156
50741,0.156,0.156,0.156
50742,0.16,0.16,0.16
50743,0.138,0.138,0.138
50744,0.15,0.15,0.15
50745,0.154,0.154,0.154
50746,0.162,0.162,0.162
50747,0.172,0.172,0.172
50748,0.17,0.17,0.17
50749,0.19,0.19,0.19
50750,0.23,0.23,0.23
50751,0.274,0.274,0.274
50752,0.246,0.246,0.246
50753,0.24,0.24,0.24
50754,0.276,0.276,0.276
50755,0.308,0.308,0.308
50756,0.248,0.248,0.248
50757,0.264,0.264,0.264
50758,0.262,0.262,0.262
50759,0.304,0.304,0.304
50760,0.302,0.302,0.302
50761,0.29,0.29,0.29
50762,0.246,0.246,0.246
50763,0.248,0.248,0.248
50764,0.244,0.244,0.244
50765,0.222,0.222,0.222
50766,0.228,0.228,0.228
50767,0.234,0.234,0.234
50768,0.238,0.238,0.238
50769,0.246,0.246,0.246
50770,0.242,0.242,0.242
50771,0.248,0.248,0.248
50772,0.238,0.238,0.238
50773,0.25,0.25,0.25
50774,0.248,0.248,0.248
50775,0.248,0.248,0.248
50776,0.278,0.278,0.278
50777,0.268,0.268,0.268
50778,0.274,0.274,0.274
50779,0.272,0.272,0.272
50780,0.276,0.276,0.276
50781,0.28,0.28,0.28
50782,0.288,0.288,0.288
50783,0.302,0.302,0.302
50784,0.298,0.298,0.298
50785,0.31,0.31,0.31
50786,0.312,0.312,0.312
50787,0.358,0.358,0.358
50788,0.342,0.342,0.342
50789,0.338,0.338,0.338
50790,0.338,0.338,0.338
50791,0.344,0.344,0.344
50792,0.342,0.342,0.342
50793,0.33,0.33,0.33
50794,0.332,0.332,0.332
50795,0.342,0.342,0.342
50796,0.336,0.336,0.336
50797,0.382,0.382,0.382
50798,0.368,0.368,0.368
50799,0.35,0.35,0.35
50800,0.376,0.376,0.376
50801,0.406,0.406,0.406
50802,0.39,0.39,0.39
50803,0.39,0.39,0.39
50804,0.372,0.372,0.372
50805,0.368,0.368,0.368
50806,0.38,0.38,0.38
50807,0.368,0.368,0.368
50808,0.372,0.372,0.372
50809,0.358,0.358,0.358
50810,0.366,0.366,0.366
50811,0.372,0.372,0.372
50812,0.382,0.382,0.382
50813,0.388,0.388,0.388
50814,0.39,0.39,0.39
50815,0.382,0.296,0.296
50816,0.386,0.282,0.282
50817,0.416,0.268,0.268
50818,0.406,0.24,0.24
50819,0.406,0.224,0.224
50820,0.404,0.218,0.218
50821,0.404,0.184,0.184
50822,0.402,0.182,0.182
50823,0.404,0.17,0.17
50824,0.426,0.166,0.166
50825,0.422,0.152,0.152
50826,0.418,0.148,0.148
50827,0.418,0.12,0.12
50828,0.412,0.116,0.116
50829,0.414,0.102,0.102
50830,0.398,0.066,0.066
50831,0.388,0.042,0.042
50832,0.39,0.036,0.036
50833,0.378,0.02,0.02
50834,0.374,0.018,0.018
50835,0.384,0.016,0.016
50836,0.446,0.016,0.016
50837,0.432,0.01,0.01
50838,0.442,0.01,0.01
50839,0.44,0.004,0.004
50840,0.432,0.004,0.004
50841,0.436,0.004,0.004
50842,0.432,0.004,0.004
50843,0.43,0,0
50844,0.43,0,0
50845,0.41,0,0
50846,0.422,0,0
50847,0.43,0,0
50848,0.426,0,0
50849,0.42,0,0
50850,0.434,0,0
50851,0.422,0,0
50852,0.428,0,0
50853,0.44,0,0
50854,0.428,0,0
50855,0.428,0,0
50856,0.418,0,0
50857,0.41,0,0
50858,0.416,0,0
50859,0.402,0,0
50860,0.398,0,0
50861,0.394,0,0
50862,0.396,0,0
50863,0.384,0,0
50864,0.378,0,0
50865,0.37,0,0
50866,0.36,0,0
50867,0.35,0,0
50868,0.35,0,0
50869,0.346,0,0
50870,0.342,0,0
50871,0.336,0,0
50872,0.332,0,0
50873,0.326,0,0
50874,0.314,0,0
50875,0.318,0,0
50876,0.312,0,0
50877,0.294,0,0
50878,0.292,0,0
50879,0.294,0,0
50880,0.288,0,0
50881,0.284,0,0
50882,0.292,0,0
50883,0.306,0,0
50884,0.296,0,0
50885,0.282,0,0
50886,0.268,0,0
50887,0.24,0,0
50888,0.224,0,0
50889,0.218,0,0
50890,0.184,0,0
50891,0.182,0,0
50892,0.17,0,0
50893,0.166,0,0
50894,0.152,0,0
50895,0.148,0,0
50896,0.12,0,0
50897,0.116,0,0
50898,0.102,0,0
50899,0.066,0,0
50900,0.042,0,0
50901,0.036,0,0
50902,0.02,0,0
50903,0.018,0,0
50904,0.016,0,0
50905,0.016,0,0
50906,0.01,0,0
50907,0.01,0,0
50908,0.004,0,0
50909,0.004,0,0
50910,0.004,0,0
50911,0.004,0,0
50912,0,0,0
50913,0,0,0
50914,0,0,0
50915,0,0,0
50916,0,0,0
50917,0,0,0
50918,0,0,0
50919,0,0,0
50920,0,0,0
50921,0,0,0
50922,0,0,0
50923,0,0,0
50924,0,0,0
50925,0,0,0
50926,0,0,0
50927,0,0,0
50928,0,0,0
50929,0,0,0
50930,0,0,0
50931,0,0,0
50932,0,0,0
50933,0,0,0
50934,0,0,0
50935,0,0,0
50936,0,0,0
50937,0,0,0
50938,0,0,0
50939,0,0,0
50940,0,0,0
50941,0,0,0
50942,0,0,0
50943,0,0,0
50944,0,0,0
50945,0,0,0
50946,0,0,0
50947,0,0,0
50948,0,0,0
50949,0,0,0
50950,0,0,0
50951,0,0,0
50952,0,0,0
50953,0,0,0
50954,0,0,0
50955,0,0,0
50956,0,0,0
50957,0,0,0
50958,0,0,0
50959,0,0,0
50960,0,0,0
50961,0,0,0
50962,0.008,0.008,0.008
50963,0,0,0
50964,0,0,0
50965,0,0,0
50966,0,0,0
50967,0,0,0
50968,0,0,0
50969,0,0,0
50970,0,0,0
50971,0,0,0
50972,0,0,0
50973,0,0,0
50974,0,0,0
50975,0,0,0
50976,0,0,0
50977,0,0,0
50978,0,0,0
50979,0,0,0
50980,0,0,0
50981,0,0,0
50982,0,0,0
50983,0,0,0
50984,0,0,0
50985,0,0,0
50986,0,0,0
50987,0,0,0
50988,0,0,0
50989,0,0,0
50990,0,0,0
50991,0,0,0
50992,0.004,0.004,0.004
50993,0,0,0
50994,0,0,0
50995,0,0,0
50996,0,0,0
50997,0,0,0
50998,0,0,0
50999,0,0,0
51000,0,0,0
51001,0,0,0
51002,0,0,0
51003,0,0,0
51004,0.004,0.004,0.004
51005,0.01,0.01,0.01
51006,0.014,0.014,0.014
51007,0.018,0.018,0.018
51008,0.02,0.02,0.02
51009,0.018,0.018,0.018
51010,0.018,0.018,0.018
51011,0.052,0.052,0.052
51012,0.052,0.052,0.052
51013,0.052,0.052,0.052
51014,0.046,0.046,0.046
51015,0.044,0.044,0.044
51016,0.044,0.044,0.044
51017,0.05,0.05,0.05
51018,0.046,0.046,0.046
51019,0.044,0.044,0.044
51020,0.038,0.038,0.038
51021,0.038,0.038,0.038
51022,0.038,0.038,0.038
51023,0.048,0.048,0.048
51024,0.058,0.058,0.058
51025,0.068,0.068,0.068
51026,0.058,0.058,0.058
51027,0.054,0.054,0.054
51028,0.05,0.05,0.05
51029,0.072,0.072,0.072
51030,0.088,0.088,0.088
51031,0.11,0.11,0.11
51032,0.098,0.098,0.098
51033,0.112,0.112,0.112
51034,0.104,0.104,0.104
51035,0.134,0.134,0.134
51036,0.14,0.14,0.14
51037,0.122,0.122,0.122
51038,0.118,0.118,0.118
51039,0.12,0.12,0.12
51040,0.106,0.106,0.106
51041,0.072,0.072,0.072
51042,0.054,0.054,0.054
51043,0.054,0.054,0.054
51044,0.12,0.12,0.12
51045,0.168,0.168,0.168
51046,0.15,0.15,0.15
51047,0.128,0.128,0.128
51048,0.124,0.124,0.124
51049,0.146,0.146,0.146
51050,0.146,0.146,0.146
51051,0.144,0.144,0.144
51052,0.136,0.136,0.136
51053,0.132,0.132,0.132
51054,0.118,0.118,0.118
51055,0.13,0.13,0.13
51056,0.106,0.106,0.106
51057,0.116,0.116,0.116
51058,0.126,0.126,0.126
51059,0.12,0.12,0.12
51060,0.14,0.14,0.14
51061,0.126,0.126,0.126
51062,0.122,0.122,0.122
51063,0.118,0.118,0.118
51064,0.106,0.106,0.106
51065,0.118,0.118,0.118
51066,0.12,0.12,0.12
51067,0.108,0.108,0.108
51068,0.124,0.124,0.124
51069,0.126,0.126,0.126
51070,0.106,0.106,0.106
51071,0.098,0.098,0.098
51072,0.106,0.106,0.106
51073,0.116,0.116,0.116
51074,0.116,0.116,0.116
51075,0.13,0.13,0.13
51076,0.148,0.148,0.148
51077,0.154,0.154,0.154
51078,0.134,0.134,0.134
51079,0.154,0.154,0.154
51080,0.132,0.132,0.132
51081,0.126,0.126,0.126
51082,0.122,0.122,0.122
51083,0.134,0.134,0.134
51084,0.142,0.142,0.142
51085,0.136,0.136,0.136
51086,0.122,0.122,0.122
51087,0.16,0.16,0.16
51088,0.188,0.188,0.188
51089,0.154,0.154,0.154
51090,0.188,0.188,0.188
51091,0.17,0.17,0.17
51092,0.174,0.174,0.174
51093,0.17,0.17,0.17
51094,0.162,0.162,0.162
51095,0.158,0.158,0.158
51096,0.156,0.156,0.156
51097,0.164,0.164,0.164
51098,0.16,0.16,0.16
51099,0.164,0.164,0.164
51100,0.112,0.112,0.112
51101,0.154,0.154,0.154
51102,0.154,0.154,0.154
51103,0.154,0.154,0.154
51104,0.158,0.158,0.158
51105,0.156,0.156,0.156
51106,0.156,0.156,0.156
51107,0.16,0.16,0.16
51108,0.138,0.138,0.138
51109,0.15,0.15,0.15
51110,0.154,0.154,0.154
51111,0.162,0.162,0.162
51112,0.172,0.172,0.172
51113,0.17,0.17,0.17
51114,0.19,0.19,0.19
51115,0.23,0.23,0.23
51116,0.274,0.274,0.274
51117,0.246,0.246,0.246
51118,0.24,0.24,0.24
51119,0.276,0.276,0.276
51120,0.308,0.308,0.308
51121,0.248,0.248,0.248
51122,0.264,0.264,0.264
51123,0.262,0.262,0.262
51124,0.304,0.304,0.304
51125,0.302,0.302,0.302
51126,0.29,0.29,0.29
51127,0.246,0.246,0.246
51128,0.248,0.248,0.248
51129,0.244,0.244,0.244
51130,0.222,0.222,0.222
51131,0.228,0.228,0.228
51132,0.234,0.234,0.234
51133,0.238,0.238,0.238
51134,0.246,0.246,0.246
51135,0.242,0.242,0.242
51136,0.248,0.248,0.248
51137,0.238,0.238,0.238
51138,0.25,0.25,0.25
51139,0.248,0.248,0.248
51140,0.248,0.248,0.248
51141,0.278,0.278,0.278
51142,0.268,0.268,0.268
51143,0.274,0.274,0.274
51144,0.272,0.272,0.272
51145,0.276,0.276,0.276
51146,0.28,0.28,0.28
51147,0.288,0.288,0.288
51148,0.302,0.302,0.302
51149,0.298,0.298,0.298
51150,0.31,0.31,0.31
51151,0.312,0.312,0.312
51152,0.358,0.358,0.358
51153,0.342,0.342,0.342
51154,0.338,0.338,0.338
51155,0.338,0.338,0.338
51156,0.344,0.344,0.344
51157,0.342,0.342,0.342
51158,0.33,0.33,0.33
51159,0.332,0.332,0.332
51160,0.342,0.342,0.342
51161,0.336,0.336,0.336
51162,0.382,0.382,0.382
51163,0.368,0.368,0.368
51164,0.35,0.35,0.35
51165,0.376,0.376,0.376
51166,0.406,0.406,0.406
51167,0.39,0.39,0.39
51168,0.39,0.39,0.39
51169,0.372,0.372,0.372
51170,0.368,0.368,0.368
51171,0.38,0.38,0.38
51172,0.368,0.368,0.368
51173,0.372,0.372,0.372
51174,0.358,0.358,0.358
51175,0.366,0.366,0.366
51176,0.372,0.372,0.372
51177,0.382,0.382,0.382
51178,0.388,0.388,0.388
51179,0.39,0.296,0.296
51180,0.382,0.282,0.282
51181,0.386,0.268,0.268
51182,0.416,0.24,0.24
51183,0.406,0.224,0.224
51184,0.406,0.218,0.218
51185,0.404,0.184,0.184
51186,0.404,0.182,0.182
51187,0.402,0.17,0.17
51188,0.404,0.166,0.166
51189,0.426,0.152,0.152
51190,0.422,0.148,0.148
51191,0.418,0.12,0.12
51192,0.418,0.116,0.116
51193,0.412,0.102,0.102
51194,0.414,0.066,0.066
51195,0.398,0.042,0.042
51196,0.388,0.036,0.036
51197,0.39,0.02,0.02
51198,0.378,0.018,0.018
51199,0.374,0.016,0.016
51200,0.384,0.016,0.016
51201,0.446,0.01,0.01
51202,0.432,0.01,0.01
51203,0.442,0.004,0.004
51204,0.44,0.004,0.004
51205,0.432,0.004,0.004
51206,0.436,0.004,0.004
51207,0.432,0,0
51208,0.43,0,0
51209,0.43,0,0
51210,0.41,0,0
51211,0.422,0,0
51212,0.43,0,0
51213,0.426,0,0
51214,0.42,0,0
51215,0.434,0,0
51216,0.422,0,0
51217,0.428,0,0
51218,0.44,0,0
51219,0.428,0,0
51220,0.428,0,0
51221,0.418,0,0
51222,0.41,0,0
51223,0.416,0,0
51224,0.402,0,0
51225,0.398,0,0
51226,0.394,0,0
51227,0.396,0,0
51228,0.384,0,0
51229,0.378,0,0
51230,0.37,0,0
51231,0.36,0,0
51232,0.35,0,0
51233,0.35,0,0
51234,0.346,0,0
51235,0.342,0,0
51236,0.336,0,0
51237,0.332,0,0
51238,0.326,0,0
51239,0.314,0,0
51240,0.318,0,0
51241,0.312,0,0
51242,0.294,0,0
51243,0.292,0,0
51244,0.294,0,0
51245,0.288,0,0
51246,0.284,0,0
51247,0.292,0,0
51248,0.306,0,0
51249,0.296,0,0
51250,0.282,0,0
51251,0.268,0,0
51252,0.24,0,0
51253,0.224,0,0
51254,0.218,0,0
51255,0.184,0,0
51256,0.182,0,0
51257,0.17,0,0
51258,0.166,0,0
51259,0.152,0,0
51260,0.148,0,0
51261,0.12,0,0
51262,0.116,0,0
51263,0.102,0,0
51264,0.066,0,0
51265,0.042,0,0
51266,0.036,0,0
51267,0.02,0,0
51268,0.018,0,0
51269,0.016,0,0
51270,0.016,0,0
51271,0.01,0,0
51272,0.01,0,0
51273,0.004,0,0
51274,0.004,0,0
51275,0.004,0,0
51276,0.004,0,0
51277,0,0,0
51278,0,0,0
51279,0,0,0
51280,0,0,0
51281,0,0,0
51282,0,0,0
51283,0,0,0
51284,0,0,0
51285,0,0,0
51286,0,0,0
51287,0,0,0
51288,0,0,0
51289,0,0,0
51290,0,0,0
51291,0,0,0
51292,0,0,0
51293,0,0,0
51294,0,0,0
51295,0,0,0
51296,0,0,0
51297,0,0,0
51298,0,0,0
51299,0,0,0
51300,0,0,0
51301,0,0,0
51302,0,0,0
51303,0,0,0
51304,0,0,0
51305,0,0,0
51306,0,0,0
51307,0,0,0
51308,0,0,0
51309,0,0,0
51310,0,0,0
51311,0,0,0
51312,0,0,0
51313,0,0,0
51314,0,0,0
51315,0,0,0
51316,0,0,0
51317,0,0,0
51318,0,0,0
51319,0,0,0
51320,0,0,0
51321,0,0,0
51322,0,0,0
51323,0,0,0
51324,0,0,0
51325,0,0,0
51326,0,0,0
51327,0.008,0.008,0.008
51328,0,0,0
51329,0,0,0
51330,0,0,0
51331,0,0,0
51332,0,0,0
51333,0,0,0
51334,0,0,0
51335,0,0,0
51336,0,0,0
51337,0,0,0
51338,0,0,0
51339,0,0,0
51340,0,0,0
51341,0,0,0
51342,0,0,0
51343,0,0,0
51344,0,0,0
51345,0,0,0
51346,0,0,0
51347,0,0,0
51348,0,0,0
51349,0,0,0
51350,0,0,0
51351,0,0,0
51352,0,0,0
51353,0,0,0
51354,0,0,0
51355,0,0,0
51356,0,0,0
51357,0.004,0.004,0.004
51358,0,0,0
51359,0,0,0
51360,0,0,0
51361,0,0,0
51362,0,0,0
51363,0,0,0
51364,0,0,0
51365,0,0,0
51366,0,0,0
51367,0,0,0
51368,0,0,0
51369,0.004,0.004,0.004
51370,0.01,0.01,0.01
51371,0.014,0.014,0.014
51372,0.018,0.018,0.018
51373,0.02,0.02,0.02
51374,0.018,0.018,0.018
51375,0.018,0.018,0.018
51376,0.052,0.052,0.052
51377,0.052,0.052,0.052
51378,0.052,0.052,0.052
51379,0.046,0.046,0.046
51380,0.044,0.044,0.044
51381,0.044,0.044,0.044
51382,0.05,0.05,0.05
51383,0.046,0.046,0.046
51384,0.044,0.044,0.044
51385,0.038,0.038,0.038
51386,0.038,0.038,0.038
51387,0.038,0.038,0.038
51388,0.048,0.048,0.048
51389,0.058,0.058,0.058
51390,0.068,0.068,0.068
51391,0.058,0.058,0.058
51392,0.054,0.054,0.054
51393,0.05,0.05,0.05
51394,0.072,0.072,0.072
51395,0.088,0.088,0.088
51396,0.11,0.11,0.11
51397,0.098,0.098,0.098
51398,0.112,0.112,0.112
51399,0.104,0.104,0.104
51400,0.134,0.134,0.134
51401,0.14,0.14,0.14
51402,0.122,0.122,0.122
51403,0.118,0.118,0.118
51404,0.12,0.12,0.12
51405,0.106,0.106,0.106
51406,0.072,0.072,0.072
51407,0.054,0.054,0.054
51408,0.054,0.054,0.054
51409,0.12,0.12,0.12
51410,0.168,0.168,0.168
51411,0.15,0.15,0.15
51412,0.128,0.128,0.128
51413,0.124,0.124,0.124
51414,0.146,0.146,0.146
51415,0.146,0.146,0.146
51416,0.144,0.144,0.144
51417,0.136,0.136,0.136
51418,0.132,0.132,0.132
51419,0.118,0.118,0.118
51420,0.13,0.13,0.13
51421,0.106,0.106,0.106
51422,0.116,0.116,0.116
51423,0.126,0.126,0.126
51424,0.12,0.12,0.12
51425,0.14,0.14,0.14
51426,0.126,0.126,0.126
51427,0.122,0.122,0.122
51428,0.118,0.118,0.118
51429,0.106,0.106,0.106
51430,0.118,0.118,0.118
51431,0.12,0.12,0.12
51432,0.108,0.108,0.108
51433,0.124,0.124,0.124
51434,0.126,0.126,0.126
51435,0.106,0.106,0.106
51436,0.098,0.098,0.098
51437,0.106,0.106,0.106
51438,0.116,0.116,0.116
51439,0.116,0.116,0.116
51440,0.13,0.13,0.13
51441,0.148,0.148,0.148
51442,0.154,0.154,0.154
51443,0.134,0.134,0.134
51444,0.154,0.154,0.154
51445,0.132,0.132,0.132
51446,0.126,0.126,0.126
51447,0.122,0.122,0.122
51448,0.134,0.134,0.134
51449,0.142,0.142,0.142
51450,0.136,0.136,0.136
51451,0.122,0.122,0.122
51452,0.16,0.16,0.16
51453,0.188,0.188,0.188
51454,0.154,0.154,0.154
51455,0.188,0.188,0.188
51456,0.17,0.17,0.17
51457,0.174,0.174,0.174
51458,0.17,0.17,0.17
51459,0.162,0.162,0.162
51460,0.158,0.158,0.158
51461,0.156,0.156,0.156
51462,0.164,0.164,0.164
51463,0.16,0.16,0.16
51464,0.164,0.164,0.164
51465,0.112,0.112,0.112
51466,0.154,0.154,0.154
51467,0.154,0.154,0.154
51468,0.154,0.154,0.154
51469,0.158,0.158,0.158
51470,0.156,0.156,0.156
51471,0.156,0.156,0.156
51472,0.16,0.16,0.16
51473,0.138,0.138,0.138
51474,0.15,0.15,0.15
51475,0.154,0.154,0.154
51476,0.162,0.162,0.162
51477,0.172,0.172,0.172
51478,0.17,0.17,0.17
51479,0.19,0.19,0.19
51480,0.23,0.23,0.23
51481,0.274,0.274,0.274
51482,0.246,0.246,0.246
51483,0.24,0.24,0.24
51484,0.276,0.276,0.276
51485,0.308,0.308,0.308
51486,0.248,0.248,0.248
51487,0.264,0.264,0.264
51488,0.262,0.262,0.262
51489,0.304,0.304,0.304
51490,0.302,0.302,0.302
51491,0.29,0.29,0.29
51492,0.246,0.246,0.246
51493,0.248,0.248,0.248
51494,0.244,0.244,0.244
51495,0.222,0.222,0.222
51496,0.228,0.228,0.228
51497,0.234,0.234,0.234
51498,0.238,0.238,0.238
51499,0.246,0.246,0.246
51500,0.242,0.242,0.242
51501,0.248,0.248,0.248
51502,0.238,0.238,0.238
51503,0.25,0.25,0.25
51504,0.248,0.248,0.248
51505,0.248,0.248,0.248
51506,0.278,0.278,0.278
51507,0.268,0.268,0.268
51508,0.274,0.274,0.274
51509,0.272,0.272,0.272
51510,0.276,0.276,0.276
51511,0.28,0.28,0.28
51512,0.288,0.288,0.288
51513,0.302,0.302,0.302
51514,0.298,0.298,0.298
51515,0.31,0.31,0.31
51516,0.312,0.312,0.312
51517,0.358,0.358,0.358
51518,0.342,0.342,0.342
51519,0.338,0.338,0.338
51520,0.338,0.338,0.338
51521,0.344,0.344,0.344
51522,0.342,0.342,0.342
51523,0.33,0.33,0.33
51524,0.332,0.332,0.332
51525,0.342,0.342,0.342
51526,0.336,0.336,0.336
51527,0.382,0.382,0.382
51528,0.368,0.368,0.368
51529,0.35,0.35,0.35
51530,0.376,0.376,0.376
51531,0.406,0.406,0.406
51532,0.39,0.39,0.39
51533,0.39,0.39,0.39
51534,0.372,0.372,0.372
51535,0.368,0.368,0.368
51536,0.38,0.38,0.38
51537,0.368,0.368,0.368
51538,0.372,0.372,0.372
51539,0.358,0.358,0.358
51540,0.366,0.366,0.366
51541,0.372,0.372,0.372
51542,0.382,0.382,0.382
51543,0.388,0.388,0.388
51544,0.39,0.296,0.296
51545,0.382,0.282,0.282
51546,0.386,0.268,0.268
51547,0.416,0.24,0.24
51548,0.406,0.224,0.224
51549,0.406,0.218,0.218
51550,0.404,0.184,0.184
51551,0.404,0.182,0.182
51552,0.402,0.17,0.17
51553,0.404,0.166,0.166
51554,0.426,0.152,0.152
51555,0.422,0.148,0.148
51556,0.418,0.12,0.12
51557,0.418,0.116,0.116
51558,0.412,0.102,0.102
51559,0.414,0.066,0.066
51560,0.398,0.042,0.042
51561,0.388,0.036,0.036
51562,0.39,0.02,0.02
51563,0.378,0.018,0.018
51564,0.374,0.016,0.016
51565,0.384,0.016,0.016
51566,0.446,0.01,0.01
51567,0.432,0.01,0.01
51568,0.442,0.004,0.004
51569,0.44,0.004,0.004
51570,0.432,0.004,0.004
51571,0.436,0.004,0.004
51572,0.432,0,0
51573,0.43,0,0
51574,0.43,0,0
51575,0.41,0,0
51576,0.422,0,0
51577,0.43,0,0
51578,0.426,0,0
51579,0.42,0,0
51580,0.434,0,0
51581,0.422,0,0
51582,0.428,0,0
51583,0.44,0,0
51584,0.428,0,0
51585,0.428,0,0
51586,0.418,0,0
51587,0.41,0,0
51588,0.416,0,0
51589,0.402,0,0
51590,0.398,0,0
51591,0.394,0,0
51592,0.396,0,0
51593,0.384,0,0
51594,0.378,0,0
51595,0.37,0,0
51596,0.36,0,0
51597,0.35,0,0
51598,0.35,0,0
51599,0.346,0,0
51600,0.342,0,0
51601,0.336,0,0
51602,0.332,0,0
51603,0.326,0,0
51604,0.314,0,0
51605,0.318,0,0
51606,0.312,0,0
51607,0.294,0,0
51608,0.292,0,0
51609,0.294,0,0
51610,0.288,0,0
51611,0.284,0,0
51612,0.292,0,0
51613,0.306,0,0
51614,0.296,0,0
51615,0.282,0,0
51616,0.268,0,0
51617,0.24,0,0
51618,0.224,0,0
51619,0.218,0,0
51620,0.184,0,0
51621,0.182,0,0
51622,0.17,0,0
51623,0.166,0,0
51624,0.152,0,0
51625,0.148,0,0
51626,0.12,0,0
51627,0.116,0,0
51628,0.102,0,0
51629,0.066,0,0
51630,0.042,0,0
51631,0.036,0,0
51632,0.02,0,0
51633,0.018,0,0
51634,0.016,0,0
51635,0.016,0,0
51636,0.01,0,0
51637,0.01,0,0
51638,0.004,0,0
51639,0.004,0,0
51640,0.004,0,0
51641,0.004,0,0
51642,0,0,0
51643,0,0,0
51644,0,0,0
51645,0,0,0
51646,0,0,0
51647,0,0,0
51648,0,0,0
51649,0,0,0
51650,0,0,0
51651,0,0,0
51652,0,0,0
51653,0,0,0
51654,0,0,0
51655,0,0,0
51656,0,0,0
51657,0,0,0
51658,0,0,0
51659,0,0,0
51660,0,0,0
51661,0,0,0
51662,0,0,0
51663,0,0,0
51664,0,0,0
51665,0,0,0
51666,0,0,0
51667,0,0,0
51668,0,0,0
51669,0,0,0
51670,0,0,0
51671,0,0,0
51672,0,0,0
51673,0,0,0
51674,0,0,0
51675,0,0,0
51676,0,0,0
51677,0,0,0
51678,0,0,0
51679,0,0,0
51680,0,0,0
51681,0,0,0
51682,0,0,0
51683,0,0,0
51684,0,0,0
51685,0,0,0
51686,0,0,0
51687,0,0,0
51688,0,0,0
51689,0,0,0
51690,0,0,0
51691,0,0,0
51692,0.008,0.008,0.008
51693,0,0,0
51694,0,0,0
51695,0,0,0
51696,0,0,0
51697,0,0,0
51698,0,0,0
51699,0,0,0
51700,0,0,0
51701,0,0,0
51702,0,0,0
51703,0,0,0
51704,0,0,0
51705,0,0,0
51706,0,0,0
51707,0,0,0
51708,0,0,0
51709,0,0,0
51710,0,0,0
51711,0,0,0
51712,0,0,0
51713,0,0,0
51714,0,0,0
51715,0,0,0
51716,0,0,0
51717,0,0,0
51718,0,0,0
51719,0,0,0
51720,0,0,0
51721,0,0,0
51722,0.004,0.004,0.004
51723,0,0,0
51724,0,0,0
51725,0,0,0
51726,0,0,0
51727,0,0,0
51728,0,0,0
51729,0,0,0
51730,0,0,0
51731,0,0,0
51732,0,0,0
51733,0,0,0
51734,0.004,0.004,0.004
51735,0.01,0.01,0.01
51736,0.014,0.014,0.014
51737,0.018,0.018,0.018
51738,0.02,0.02,0.02
51739,0.018,0.018,0.018
51740,0.018,0.018,0.018
51741,0.052,0.052,0.052
51742,0.052,0.052,0.052
51743,0.052,0.052,0.052
51744,0.046,0.046,0.046
51745,0.044,0.044,0.044
51746,0.044,0.044,0.044
51747,0.05,0.05,0.05
51748,0.046,0.046,0.046
51749,0.044,0.044,0.044
51750,0.038,0.038,0.038
51751,0.038,0.038,0.038
51752,0.038,0.038,0.038
51753,0.048,0.048,0.048
51754,0.058,0.058,0.058
51755,0.068,0.068,0.068
51756,0.058,0.058,0.058
51757,0.054,0.054,0.054
51758,0.05,0.05,0.05
51759,0.072,0.072,0.072
51760,0.088,0.088,0.088
51761,0.11,0.11,0.11
51762,0.098,0.098,0.098
51763,0.112,0.112,0.112
51764,0.104,0.104,0.104
51765,0.134,0.134,0.134
51766,0.14,0.14,0.14
51767,0.122,0.122,0.122
51768,0.118,0.118,0.118
51769,0.12,0.12,0.12
51770,0.106,0.106,0.106
51771,0.072,0.072,0.072
51772,0.054,0.054,0.054
51773,0.054,0.054,0.054
51774,0.12,0.12,0.12
51775,0.168,0.168,0.168
51776,0.15,0.15,0.15
51777,0.128,0.128,0.128
51778,0.124,0.124,0.124
51779,0.146,0.146,0.146
51780,0.146,0.146,0.146
51781,0.144,0.144,0.144
51782,0.136,0.136,0.136
51783,0.132,0.132,0.132
51784,0.118,0.118,0.118
51785,0.13,0.13,0.13
51786,0.106,0.106,0.106
51787,0.116,0.116,0.116
51788,0.126,0.126,0.126
51789,0.12,0.12,0.12
51790,0.14,0.14,0.14
51791,0.126,0.126,0.126
51792,0.122,0.122,0.122
51793,0.118,0.118,0.118
51794,0.106,0.106,0.106
51795,0.118,0.118,0.118
51796,0.12,0.12,0.12
51797,0.108,0.108,0.108
51798,0.124,0.124,0.124
51799,0.126,0.126,0.126
51800,0.106,0.106,0.106
51801,0.098,0.098,0.098
51802,0.106,0.106,0.106
51803,0.116,0.116,0.116
51804,0.116,0.116,0.116
51805,0.13,0.13,0.13
51806,0.148,0.148,0.148
51807,0.154,0.154,0.154
51808,0.134,0.134,0.134
51809,0.154,0.154,0.154
51810,0.132,0.132,0.132
51811,0.126,0.126,0.126
51812,0.122,0.122,0.122
51813,0.134,0.134,0.134
51814,0.142,0.142,0.142
51815,0.136,0.136,0.136
51816,0.122,0.122,0.122
51817,0.16,0.16,0.16
51818,0.188,0.188,0.188
51819,0.154,0.154,0.154
51820,0.188,0.188,0.188
51821,0.17,0.17,0.17
51822,0.174,0.174,0.174
51823,0.17,0.17,0.17
51824,0.162,0.162,0.162
51825,0.158,0.158,0.158
51826,0.156,0.156,0.156
51827,0.164,0.164,0.164
51828,0.16,0.16,0.16
51829,0.164,0.164,0.164
51830,0.112,0.112,0.112
51831,0.154,0.154,0.154
51832,0.154,0.154,0.154
51833,0.154,0.154,0.154
51834,0.158,0.158,0.158
51835,0.156,0.156,0.156
51836,0.156,0.156,0.156
51837,0.16,0.16,0.16
51838,0.138,0.138,0.138
51839,0.15,0.15,0.15
51840,0.154,0.154,0.154
51841,0.162,0.162,0.162
51842,0.172,0.172,0.172
51843,0.17,0.17,0.17
51844,0.19,0.19,0.19
51845,0.23,0.23,0.23
51846,0.274,0.274,0.274
51847,0.246,0.246,0.246
51848,0.24,0.24,0.24
51849,0.276,0.276,0.276
51850,0.308,0.308,0.308
51851,0.248,0.248,0.248
51852,0.264,0.264,0.264
51853,0.262,0.262,0.262
51854,0.304,0.304,0.304
51855,0.302,0.302,0.302
51856,0.29,0.29,0.29
51857,0.246,0.246,0.246
51858,0.248,0.248,0.248
51859,0.244,0.244,0.244
51860,0.222,0.222,0.222
51861,0.228,0.228,0.228
51862,0.234,0.234,0.234
51863,0.238,0.238,0.238
51864,0.246,0.246,0.246
51865,0.242,0.242,0.242
51866,0.248,0.248,0.248
51867,0.238,0.238,0.238
51868,0.25,0.25,0.25
51869,0.248,0.248,0.248
51870,0.248,0.248,0.248
51871,0.278,0.278,0.278
51872,0.268,0.268,0.268
51873,0.274,0.274,0.274
51874,0.272,0.272,0.272
51875,0.276,0.276,0.276
51876,0.28,0.28,0.28
51877,0.288,0.288,0.288
51878,0.302,0.302,0.302
51879,0.298,0.298,0.298
51880,0.31,0.31,0.31
51881,0.312,0.312,0.312
51882,0.358,0.358,0.358
51883,0.342,0.342,0.342
51884,0.338,0.338,0.338
51885,0.338,0.338,0.338
51886,0.344,0.344,0.344
51887,0.342,0.342,0.342
51888,0.33,0.33,0.33
51889,0.332,0.332,0.332
51890,0.342,0.342,0.342
51891,0.336,0.336,0.336
51892,0.382,0.382,0.382
51893,0.368,0.368,0.368
51894,0.35,0.35,0.35
51895,0.376,0.376,0.376
51896,0.406,0.406,0.406
51897,0.39,0.39,0.39
51898,0.39,0.39,0.39
51899,0.372,0.372,0.372
51900,0.368,0.368,0.368
51901,0.38,0.38,0.38
51902,0.368,0.368,0.368
51903,0.372,0.372,0.372
51904,0.358,0.358,0.358
51905,0.366,0.366,0.366
51906,0.372,0.372,0.372
51907,0.382,0.382,0.382
51908,0.388,0.296,0.296
51909,0.39,0.282,0.282
51910,0.382,0.268,0.268
51911,0.386,0.24,0.24
51912,0.416,0.224,0.224
51913,0.406,0.218,0.218
51914,0.406,0.184,0.184
51915,0.404,0.182,0.182
51916,0.404,0.17,0.17
51917,0.402,0.166,0.166
51918,0.404,0.152,0.152
51919,0.426,0.148,0.148
51920,0.422,0.12,0.12
51921,0.418,0.116,0.116
51922,0.418,0.102,0.102
51923,0.412,0.066,0.066
51924,0.414,0.042,0.042
51925,0.398,0.036,0.036
51926,0.388,0.02,0.02
51927,0.39,0.018,0.018
51928,0.378,0.016,0.016
51929,0.374,0.016,0.016
51930,0.384,0.01,0.01
51931,0.446,0.01,0.01
51932,0.432,0.004,0.004
51933,0.442,0.004,0.004
51934,0.44,0.004,0.004
51935,0.432,0.004,0.004
51936,0.436,0,0
51937,0.432,0,0
51938,0.43,0,0
51939,0.43,0,0
51940,0.41,0,0
51941,0.422,0,0
51942,0.43,0,0
51943,0.426,0,0
51944,0.42,0,0
51945,0.434,0,0
51946,0.422,0,0
51947,0.428,0,0
51948,0.44,0,0
51949,0.428,0,0
51950,0.428,0,0
51951,0.418,0,0
51952,0.41,0,0
51953,0.416,0,0
51954,0.402,0,0
51955,0.398,0,0
51956,0.394,0,0
51957,0.396,0,0
51958,0.384,0,0
51959,0.378,0,0
51960,0.37,0,0
51961,0.36,0,0
51962,0.35,0,0
51963,0.35,0,0
51964,0.346,0,0
51965,0.342,0,0
51966,0.336,0,0
51967,0.332,0,0
51968,0.326,0,0
51969,0.314,0,0
51970,0.318,0,0
51971,0.312,0,0
51972,0.294,0,0
51973,0.292,0,0
51974,0.294,0,0
51975,0.288,0,0
51976,0.284,0,0
51977,0.292,0,0
51978,0.306,0,0
51979,0.296,0,0
51980,0.282,0,0
51981,0.268,0,0
51982,0.24,0,0
51983,0.224,0,0
51984,0.218,0,0
51985,0.184,0,0
51986,0.182,0,0
51987,0.17,0,0
51988,0.166,0,0
51989,0.152,0,0
51990,0.148,0,0
51991,0.12,0,0
51992,0.116,0,0
51993,0.102,0,0
51994,0.066,0,0
51995,0.042,0,0
51996,0.036,0,0
51997,0.02,0,0
51998,0.018,0,0
51999,0.016,0,0
52000,0.016,0,0
52001,0.01,0,0
52002,0.01,0,0
52003,0.004,0,0
52004,0.004,0,0
52005,0.004,0,0
52006,0.004,0,0
52007,0,0,0
52008,0,0,0
52009,0,0,0
52010,0,0,0
52011,0,0,0
52012,0,0,0
52013,0,0,0
52014,0,0,0
52015,0,0,0
52016,0,0,0
52017,0,0,0
52018,0,0,0
52019,0,0,0
52020,0,0,0
52021,0,0,0
52022,0,0,0
52023,0,0,0
52024,0,0,0
52025,0,0,0
52026,0,0,0
52027,0,0,0
52028,0,0,0
52029,0,0,0
52030,0,0,0
52031,0,0,0
52032,0,0,0
52033,0,0,0
52034,0,0,0
52035,0,0,0
52036,0,0,0
52037,0,0,0
52038,0,0,0
52039,0,0,0
52040,0,0,0
52041,0,0,0
52042,0,0,0
52043,0,0,0
52044,0,0,0
52045,0,0,0
52046,0,0,0
52047,0,0,0
52048,0,0,0
52049,0,0,0
52050,0,0,0
52051,0,0,0
52052,0,0,0
52053,0,0,0
52054,0,0,0
52055,0,0,0
52056,0,0,0
52057,0.008,0.008,0.008
52058,0,0,0
52059,0,0,0
52060,0,0,0
52061,0,0,0
52062,0,0,0
52063,0,0,0
52064,0,0,0
52065,0,0,0
52066,0,0,0
52067,0,0,0
52068,0,0,0
52069,0,0,0
52070,0,0,0
52071,0,0,0
52072,0,0,0
52073,0,0,0
52074,0,0,0
52075,0,0,0
52076,0,0,0
52077,0,0,0
52078,0,0,0
52079,0,0,0
52080,0,0,0
52081,0,0,0
52082,0,0,0
52083,0,0,0
52084,0,0,0
52085,0,0,0
52086,0,0,0
52087,0.004,0.004,0.004
52088,0,0,0
52089,0,0,0
52090,0,0,0
52091,0,0,0
52092,0,0,0
52093,0,0,0
52094,0,0,0
52095,0,0,0
52096,0,0,0
52097,0,0,0
52098,0,0,0
52099,0.004,0.004,0.004
52100,0.01,0.01,0.01
52101,0.014,0.014,0.014
52102,0.018,0.018,0.018
52103,0.02,0.02,0.02
52104,0.018,0.018,0.018
52105,0.018,0.018,0.018
52106,0.052,0.052,0.052
52107,0.052,0.052,0.052
52108,0.052,0.052,0.052
52109,0.046,0.046,0.046
52110,0.044,0.044,0.044
52111,0.044,0.044,0.044
52112,0.05,0.05,0.05
52113,0.046,0.046,0.046
52114,0.044,0.044,0.044
52115,0.038,0.038,0.038
52116,0.038,0.038,0.038
52117,0.038,0.038,0.038
52118,0.048,0.048,0.048
52119,0.058,0.058,0.058
52120,0.068,0.068,0.068
52121,0.058,0.058,0.058
52122,0.054,0.054,0.054
52123,0.05,0.05,0.05
52124,0.072,0.072,0.072
52125,0.088,0.088,0.088
52126,0.11,0.11,0.11
52127,0.098,0.098,0.098
52128,0.112,0.112,0.112
52129,0.104,0.104,0.104
52130,0.134,0.134,0.134
52131,0.14,0.14,0.14
52132,0.122,0.122,0.122
52133,0.118,0.118,0.118
52134,0.12,0.12,0.12
52135,0.106,0.106,0.106
52136,0.072,0.072,0.072
52137,0.054,0.054,0.054
52138,0.054,0.054,0.054
52139,0.12,0.12,0.12
52140,0.168,0.168,0.168
52141,0.15,0.15,0.15
52142,0.128,0.128,0.128
52143,0.124,0.124,0.124
52144,0.146,0.146,0.146
52145,0.146,0.146,0.146
52146,0.144,0.144,0.144
52147,0.136,0.136,0.136
52148,0.132,0.132,0.132
52149,0.118,0.118,0.118
52150,0.13,0.13,0.13
52151,0.106,0.106,0.106
52152,0.116,0.116,0.116
52153,0.126,0.126,0.126
52154,0.12,0.12,0.12
52155,0.14,0.14,0.14
52156,0.126,0.126,0.126
52157,0.122,0.122,0.122
52158,0.118,0.118,0.118
52159,0.106,0.106,0.106
52160,0.118,0.118,0.118
52161,0.12,0.12,0.12
52162,0.108,0.108,0.108
52163,0.124,0.124,0.124
52164,0.126,0.126,0.126
52165,0.106,0.106,0.106
52166,0.098,0.098,0.098
52167,0.106,0.106,0.106
52168,0.116,0.116,0.116
52169,0.116,0.116,0.116
52170,0.13,0.13,0.13
52171,0.148,0.148,0.148
52172,0.154,0.154,0.154
52173,0.134,0.134,0.134
52174,0.154,0.154,0.154
52175,0.132,0.132,0.132
52176,0.126,0.126,0.126
52177,0.122,0.122,0.122
52178,0.134,0.134,0.134
52179,0.142,0.142,0.142
52180,0.136,0.136,0.136
52181,0.122,0.122,0.122
52182,0.16,0.16,0.16
52183,0.188,0.188,0.188
52184,0.154,0.154,0.154
52185,0.188,0.188,0.188
52186,0.17,0.17,0.17
52187,0.174,0.174,0.174
52188,0.17,0.17,0.17
52189,0.162,0.162,0.162
52190,0.158,0.158,0.158
52191,0.156,0.156,0.156
52192,0.164,0.164,0.164
52193,0.16,0.16,0.16
52194,0.164,0.164,0.164
52195,0.112,0.112,0.112
52196,0.154,0.154,0.154
52197,0.154,0.154,0.154
52198,0.154,0.154,0.154
52199,0.158,0.158,0.158
52200,0.156,0.156,0.156
52201,0.156,0.156,0.156
52202,0.16,0.16,0.16
52203,0.138,0.138,0.138
52204,0.15,0.15,0.15
52205,0.154,0.154,0.154
52206,0.162,0.162,0.162
52207,0.172,0.172,0.172
52208,0.17,0.17,0.17
52209,0.19,0.19,0.19
52210,0.23,0.23,0.23
52211,0.274,0.274,0.274
52212,0.246,0.246,0.246
52213,0.24,0.24,0.24
52214,0.276,0.276,0.276
52215,0.308,0.308,0.308
52216,0.248,0.248,0.248
52217,0.264,0.264,0.264
52218,0.262,0.262,0.262
52219,0.304,0.304,0.304
52220,0.302,0.302,0.302
52221,0.29,0.29,0.29
52222,0.246,0.246,0.246
52223,0.248,0.248,0.248
52224,0.244,0.244,0.244
52225,0.222,0.222,0.222
52226,0.228,0.228,0.228
52227,0.234,0.234,0.234
52228,0.238,0.238,0.238
52229,0.246,0.246,0.246
52230,0.242,0.242,0.242
52231,0.248,0.248,0.248
52232,0.238,0.238,0.238
52233,0.25,0.25,0.25
52234,0.248,0.248,0.248
52235,0.248,0.248,0.248
52236,0.278,0.278,0.278
52237,0.268,0.268,0.268
52238,0.274,0.274,0.274
52239,0.272,0.272,0.272
52240,0.276,0.276,0.276
52241,0.28,0.28,0.28
52242,0.288,0.288,0.288
52243,0.302,0.302,0.302
52244,0.298,0.298,0.298
52245,0.31,0.31,0.31
52246,0.312,0.312,0.312
52247,0.358,0.358,0.358
52248,0.342,0.342,0.342
52249,0.338,0.338,0.338
52250,0.338,0.338,0.338
52251,0.344,0.344,0.344
52252,0.342,0.342,0.342
52253,0.33,0.33,0.33
52254,0.332,0.332,0.332
52255,0.342,0.342,0.342
52256,0.336,0.336,0.336
52257,0.382,0.382,0.382
52258,0.368,0.368,0.368
52259,0.35,0.35,0.35
52260,0.376,0.376,0.376
52261,0.406,0.406,0.406
52262,0.39,0.39,0.39
52263,0.39,0.39,0.39
52264,0.372,0.372,0.372
52265,0.368,0.368,0.368
52266,0.38,0.38,0.38
52267,0.368,0.368,0.368
52268,0.372,0.372,0.372
52269,0.358,0.358,0.358
52270,0.366,0.366,0.366
52271,0.372,0.372,0.372
52272,0.382,0.382,0.382
52273,0.388,0.296,0.296
52274,0.39,0.282,0.282
52275,0.382,0.268,0.268
52276,0.386,0.24,0.24
52277,0.416,0.224,0.224
52278,0.406,0.218,0.218
52279,0.406,0.184,0.184
52280,0.404,0.182,0.182
52281,0.404,0.17,0.17
52282,0.402,0.166,0.166
52283,0.404,0.152,0.152
52284,0.426,0.148,0.148
52285,0.422,0.12,0.12
52286,0.418,0.116,0.116
52287,0.418,0.102,0.102
52288,0.412,0.066,0.066
52289,0.414,0.042,0.042
52290,0.398,0.036,0.036
52291,0.388,0.02,0.02
52292,0.39,0.018,0.018
52293,0.378,0.016,0.016
52294,0.374,0.016,0.016
52295,0.384,0.01,0.01
52296,0.446,0.01,0.01
52297,0.432,0.004,0.004
52298,0.442,0.004,0.004
52299,0.44,0.004,0.004
52300,0.432,0.004,0.004
52301,0.436,0,0
52302,0.432,0,0
52303,0.43,0,0
52304,0.43,0,0
52305,0.41,0,0
52306,0.422,0,0
52307,0.43,0,0
52308,0.426,0,0
52309,0.42,0,0
52310,0.434,0,0
52311,0.422,0,0
52312,0.428,0,0
52313,0.44,0,0
52314,0.428,0,0
52315,0.428,0,0
52316,0.418,0,0
52317,0.41,0,0
52318,0.416,0,0
52319,0.402,0,0
52320,0.398,0,0
52321,0.394,0,0
52322,0.396,0,0
52323,0.384,0,0
52324,0.378,0,0
52325,0.37,0,0
52326,0.36,0,0
52327,0.35,0,0
52328,0.35,0,0
52329,0.346,0,0
52330,0.342,0,0
52331,0.336,0,0
52332,0.332,0,0
52333,0.326,0,0
52334,0.314,0,0
52335,0.318,0,0
52336,0.312,0,0
52337,0.294,0,0
52338,0.292,0,0
52339,0.294,0,0
52340,0.288,0,0
52341,0.284,0,0
52342,0.292,0,0
52343,0.306,0,0
52344,0.296,0,0
52345,0.282,0,0
52346,0.268,0,0
52347,0.24,0,0
52348,0.224,0,0
52349,0.218,0,0
52350,0.184,0,0
52351,0.182,0,0
52352,0.17,0,0
52353,0.166,0,0
52354,0.152,0,0
52355,0.148,0,0
52356,0.12,0,0
52357,0.116,0,0
52358,0.102,0,0
52359,0.066,0,0
52360,0.042,0,0
52361,0.036,0,0
52362,0.02,0,0
52363,0.018,0,0
52364,0.016,0,0
52365,0.016,0,0
52366,0.01,0,0
52367,0.01,0,0
52368,0.004,0,0
52369,0.004,0,0
52370,0.004,0,0
52371,0.004,0,0
52372,0,0,0
52373,0,0,0
52374,0,0,0
52375,0,0,0
52376,0,0,0
52377,0,0,0
52378,0,0,0
52379,0,0,0
52380,0,0,0
52381,0,0,0
52382,0,0,0
52383,0,0,0
52384,0,0,0
52385,0,0,0
52386,0,0,0
52387,0,0,0
52388,0,0,0
52389,0,0,0
52390,0,0,0
52391,0,0,0
52392,0,0,0
52393,0,0,0
52394,0,0,0
52395,0,0,0
52396,0,0,0
52397,0,0,0
52398,0,0,0
52399,0,0,0
52400,0,0,0
52401,0,0,0
52402,0,0,0
52403,0,0,0
52404,0,0,0
52405,0,0,0
52406,0,0,0
52407,0,0,0
52408,0,0,0
52409,0,0,0
52410,0,0,0
52411,0,0,0
52412,0,0,0
52413,0,0,0
52414,0,0,0
52415,0,0,0
52416,0,0,0
52417,0,0,0
52418,0,0,0
52419,0,0,0
52420,0,0,0
52421,0,0,0
52422,0.008,0.008,0.008
52423,0,0,0
52424,0,0,0
52425,0,0,0
52426,0,0,0
52427,0,0,0
52428,0,0,0
52429,0,0,0
52430,0,0,0
52431,0,0,0
52432,0,0,0
52433,0,0,0
52434,0,0,0
52435,0,0,0
52436,0,0,0
52437,0,0,0
52438,0,0,0
52439,0,0,0
52440,0,0,0
52441,0,0,0
52442,0,0,0
52443,0,0,0
52444,0,0,0
52445,0,0,0
52446,0,0,0
52447,0,0,0
52448,0,0,0
52449,0,0,0
52450,0,0,0
52451,0,0,0
52452,0.004,0.004,0.004
52453,0,0,0
52454,0,0,0
52455,0,0,0
52456,0,0,0
52457,0,0,0
52458,0,0,0
52459,0,0,0
52460,0,0,0
52461,0,0,0
52462,0,0,0
52463,0,0,0
52464,0.004,0.004,0.004
52465,0.01,0.01,0.01
52466,0.014,0.014,0.014
52467,0.018,0.018,0.018
52468,0.02,0.02,0.02
52469,0.018,0.018,0.018
52470,0.018,0.018,0.018
52471,0.052,0.052,0.052
52472,0.052,0.052,0.052
52473,0.052,0.052,0.052
52474,0.046,0.046,0.046
52475,0.044,0.044,0.044
52476,0.044,0.044,0.044
52477,0.05,0.05,0.05
52478,0.046,0.046,0.046
52479,0.044,0.044,0.044
52480,0.038,0.038,0.038
52481,0.038,0.038,0.038
52482,0.038,0.038,0.038
52483,0.048,0.048,0.048
52484,0.058,0.058,0.058
52485,0.068,0.068,0.068
52486,0.058,0.058,0.058
52487,0.054,0.054,0.054
52488,0.05,0.05,0.05
52489,0.072,0.072,0.072
52490,0.088,0.088,0.088
52491,0.11,0.11,0.11
52492,0.098,0.098,0.098
52493,0.112,0.112,0.112
52494,0.104,0.104,0.104
52495,0.134,0.134,0.134
52496,0.14,0.14,0.14
52497,0.122,0.122,0.122
52498,0.118,0.118,0.118
52499,0.12,0.12,0.12
52500,0.106,0.106,0.106
52501,0.072,0.072,0.072
52502,0.054,0.054,0.054
52503,0.054,0.054,0.054
52504,0.12,0.12,0.12
52505,0.168,0.168,0.168
52506,0.15,0.15,0.15
52507,0.128,0.128,0.128
52508,0.124,0.124,0.124
52509,0.146,0.146,0.146
52510,0.146,0.146,0.146
52511,0.144,0.144,0.144
52512,0.136,0.136,0.136
52513,0.132,0.132,0.132
52514,0.118,0.118,0.118
52515,0.13,0.13,0.13
52516,0.106,0.106,0.106
52517,0.116,0.116,0.116
52518,0.126,0.126,0.126
52519,0.12,0.12,0.12
52520,0.14,0.14,0.14
52521,0.126,0.126,0.126
52522,0.122,0.122,0.122
52523,0.118,0.118,0.118
52524,0.106,0.106,0.106
52525,0.118,0.118,0.118
52526,0.12,0.12,0.12
52527,0.108,0.108,0.108
52528,0.124,0.124,0.124
52529,0.126,0.126,0.126
52530,0.106,0.106,0.106
52531,0.098,0.098,0.098
52532,0.106,0.106,0.106
52533,0.116,0.116,0.116
52534,0.116,0.116,0.116
52535,0.13,0.13,0.13
52536,0.148,0.148,0.148
52537,0.154,0.154,0.154
52538,0.134,0.134,0.134
52539,0.154,0.154,0.154
52540,0.132,0.132,0.132
52541,0.126,0.126,0.126
52542,0.122,0.122,0.122
52543,0.134,0.134,0.134
52544,0.142,0.142,0.142
52545,0.136,0.136,0.136
52546,0.122,0.122,0.122
52547,0.16,0.16,0.16
52548,0.188,0.188,0.188
52549,0.154,0.154,0.154
52550,0.188,0.188,0.188
52551,0.17,0.17,0.17
52552,0.174,0.174,0.174
52553,0.17,0.17,0.17
52554,0.162,0.162,0.162
52555,0.158,0.158,0.158
52556,0.156,0.156,0.156
52557,0.164,0.164,0.164
52558,0.16,0.16,0.16
52559,0.164,0.164,0.164
52560,0.112,0.112,0.112
52561,0.154,0.154,0.154
52562,0.154,0.154,0.154
52563,0.154,0.154,0.154
52564,0.158,0.158,0.158
52565,0.156,0.156,0.156
52566,0.156,0.156,0.156
52567,0.16,0.16,0.16
52568,0.138,0.138,0.138
52569,0.15,0.15,0.15
52570,0.154,0.154,0.154
52571,0.162,0.162,0.162
52572,0.172,0.172,0.172
52573,0.17,0.17,0.17
52574,0.19,0.19,0.19
52575,0.23,0.23,0.23
52576,0.274,0.274,0.274
52577,0.246,0.246,0.246
52578,0.24,0.24,0.24
52579,0.276,0.276,0.276
52580,0.308,0.308,0.308
52581,0.248,0.248,0.248
52582,0.264,0.264,0.264
52583,0.262,0.262,0.262
52584,0.304,0.304,0.304
52585,0.302,0.302,0.302
52586,0.29,0.29,0.29
52587,0.246,0.246,0.246
52588,0.248,0.248,0.248
52589,0.244,0.244,0.244
52590,0.222,0.222,0.222
52591,0.228,0.228,0.228
52592,0.234,0.234,0.234
52593,0.238,0.238,0.238
52594,0.246,0.246,0.246
52595,0.242,0.242,0.242
52596,0.248,0.248,0.248
52597,0.238,0.238,0.238
52598,0.25,0.25,0.25
52599,0.248,0.248,0.248
52600,0.248,0.248,0.248
52601,0.278,0.278,0.278
52602,0.268,0.268,0.268
52603,0.274,0.274,0.274
52604,0.272,0.272,0.272
52605,0.276,0.276,0.276
52606,0.28,0.28,0.28
52607,0.288,0.288,0.288
52608,0.302,0.302,0.302
52609,0.298,0.298,0.298
52610,0.31,0.31,0.31
52611,0.312,0.312,0.312
52612,0.358,0.358,0.358
52613,0.342,0.342,0.342
52614,0.338,0.338,0.338
52615,0.338,0.338,0.338
52616,0.344,0.344,0.344
52617,0.342,0.342,0.342
52618,0.33,0.33,0.33
52619,0.332,0.332,0.332
52620,0.342,0.342,0.342
52621,0.336,0.336,0.336
52622,0.382,0.382,0.382
52623,0.368,0.368,0.368
52624,0.35,0.35,0.35
52625,0.376,0.376,0.376
52626,0.406,0.406,0.406
52627,0.39,0.39,0.39
52628,0.39,0.39,0.39
52629,0.372,0.372,0.372
52630,0.368,0.368,0.368
52631,0.38,0.38,0.38
52632,0.368,0.368,0.368
52633,0.372,0.372,0.372
52634,0.358,0.358,0.358
52635,0.366,0.366,0.366
52636,0.372,0.372,0.372
52637,0.382,0.296,0.296
52638,0.388,0.282,0.282
52639,0.39,0.268,0.268
52640,0.382,0.24,0.24
52641,0.386,0.224,0.224
52642,0.416,0.218,0.218
52643,0.406,0.184,0.184
52644,0.406,0.182,0.182
52645,0.404,0.17,0.17
52646,0.404,0.166,0.166
52647,0.402,0.152,0.152
52648,0.404,0.148,0.148
52649,0.426,0.12,0.12
52650,0.422,0.116,0.116
52651,0.418,0.102,0.102
52652,0.418,0.066,0.066
52653,0.412,0.042,0.042
52654,0.414,0.036,0.036
52655,0.398,0.02,0.02
52656,0.388,0.018,0.018
52657,0.39,0.016,0.016
52658,0.378,0.016,0.016
52659,0.374,0.01,0.01
52660,0.384,0.01,0.01
52661,0.446,0.004,0.004
52662,0.432,0.004,0.004
52663,0.442,0.004,0.004
52664,0.44,0.004,0.004
52665,0.432,0,0
52666,0.436,0,0
52667,0.432,0,0
52668,0.43,0,0
52669,0.43,0,0
52670,0.41,0,0
52671,0.422,0,0
52672,0.43,0,0
52673,0.426,0,0
52674,0.42,0,0
52675,0.434,0,0
52676,0.422,0,0
52677,0.428,0,0
52678,0.44,0,0
52679,0.428,0,0
52680,0.428,0,0
52681,0.418,0,0
52682,0.41,0,0
52683,0.416,0,0
52684,0.402,0,0
52685,0.398,0,0
52686,0.394,0,0
52687,0.396,0,0
52688,0.384,0,0
52689,0.378,0,0
52690,0.37,0,0
52691,0.36,0,0
52692,0.35,0,0
52693,0.35,0,0
52694,0.346,0,0
52695,0.342,0,0
52696,0.336,0,0
52697,0.332,0,0
52698,0.326,0,0
52699,0.314,0,0
52700,0.318,0,0
52701,0.312,0,0
52702,0.294,0,0
52703,0.292,0,0
52704,0.294,0,0
52705,0.288,0,0
52706,0.284,0,0
52707,0.292,0,0
52708,0.306,0,0
52709,0.296,0,0
52710,0.282,0,0
52711,0.268,0,0
52712,0.24,0,0
52713,0.224,0,0
52714,0.218,0,0
52715,0.184,0,0
52716,0.182,0,0
52717,0.17,0,0
52718,0.166,0,0
52719,0.152,0,0
52720,0.148,0,0
52721,0.12,0,0
52722,0.116,0,0
52723,0.102,0,0
52724,0.066,0,0
52725,0.042,0,0
52726,0.036,0,0
52727,0.02,0,0
52728,0.018,0,0
52729,0.016,0,0
52730,0.016,0,0
52731,0.01,0,0
52732,0.01,0,0
52733,0.004,0,0
52734,0.004,0,0
52735,0.004,0,0
52736,0.004,0,0
52737,0,0,0
52738,0,0,0
52739,0,0,0
52740,0,0,0
52741,0,0,0
52742,0,0,0
52743,0,0,0
52744,0,0,0
52745,0,0,0
52746,0,0,0
52747,0,0,0
52748,0,0,0
52749,0,0,0
52750,0,0,0
52751,0,0,0
52752,0,0,0
52753,0,0,0
52754,0,0,0
52755,0,0,0
52756,0,0,0
52757,0,0,0
52758,0,0,0
52759,0,0,0
52760,0,0,0
52761,0,0,0
52762,0,0,0
52763,0,0,0
52764,0,0,0
52765,0,0,0
52766,0,0,0
52767,0,0,0
52768,0,0,0
52769,0,0,0
52770,0,0,0
52771,0,0,0
52772,0,0,0
52773,0,0,0
52774,0,0,0
52775,0,0,0
52776,0,0,0
52777,0,0,0
52778,0,0,0
52779,0,0,0
52780,0,0,0
52781,0,0,0
52782,0,0,0
52783,0,0,0
52784,0,0,0
52785,0,0,0
52786,0,0,0
52787,0.008,0.008,0.008
52788,0,0,0
52789,0,0,0
52790,0,0,0
52791,0,0,0
52792,0,0,0
52793,0,0,0
52794,0,0,0
52795,0,0,0
52796,0,0,0
52797,0,0,0
52798,0,0,0
52799,0,0,0
52800,0,0,0
52801,0,0,0
52802,0,0,0
52803,0,0,0
52804,0,0,0
52805,0,0,0
52806,0,0,0
52807,0,0,0
52808,0,0,0
52809,0,0,0
52810,0,0,0
52811,0,0,0
52812,0,0,0
52813,0,0,0
52814,0,0,0
52815,0,0,0
52816,0,0,0
52817,0.004,0.004,0.004
52818,0,0,0
52819,0,0,0
52820,0,0,0
52821,0,0,0
52822,0,0,0
52823,0,0,0
52824,0,0,0
52825,0,0,0
52826,0,0,0
52827,0,0,0
52828,0,0,0
52829,0.004,0.004,0.004
52830,0.01,0.01,0.01
52831,0.014,0.014,0.014
52832,0.018,0.018,0.018
52833,0.02,0.02,0.02
52834,0.018,0.018,0.018
52835,0.018,0.018,0.018
52836,0.052,0.052,0.052
52837,0.052,0.052,0.052
52838,0.052,0.052,0.052
52839,0.046,0.046,0.046
52840,0.044,0.044,0.044
52841,0.044,0.044,0.044
52842,0.05,0.05,0.05
52843,0.046,0.046,0.046
52844,0.044,0.044,0.044
52845,0.038,0.038,0.038
52846,0.038,0.038,0.038
52847,0.038,0.038,0.038
52848,0.048,0.048,0.048
52849,0.058,0.058,0.058
52850,0.068,0.068,0.068
52851,0.058,0.058,0.058
52852,0.054,0.054,0.054
52853,0.05,0.05,0.05
52854,0.072,0.072,0.072
52855,0.088,0.088,0.088
52856,0.11,0.11,0.11
52857,0.098,0.098,0.098
52858,0.112,0.112,0.112
52859,0.104,0.104,0.104
52860,0.134,0.134,0.134
52861,0.14,0.14,0.14
52862,0.122,0.122,0.122
52863,0.118,0.118,0.118
52864,0.12,0.12,0.12
52865,0.106,0.106,0.106
52866,0.072,0.072,0.072
52867,0.054,0.054,0.054
52868,0.054,0.054,0.054
52869,0.12,0.12,0.12
52870,0.168,0.168,0.168
52871,0.15,0.15,0.15
52872,0.128,0.128,0.128
52873,0.124,0.124,0.124
52874,0.146,0.146,0.146
52875,0.146,0.146,0.146
52876,0.144,0.144,0.144
52877,0.136,0.136,0.136
52878,0.132,0.132,0.132
52879,0.118,0.118,0.118
52880,0.13,0.13,0.13
52881,0.106,0.106,0.106
52882,0.116,0.116,0.116
52883,0.126,0.126,0.126
52884,0.12,0.12,0.12
52885,0.14,0.14,0.14
52886,0.126,0.126,0.126
52887,0.122,0.122,0.122
52888,0.118,0.118,0.118
52889,0.106,0.106,0.106
52890,0.118,0.118,0.118
52891,0.12,0.12,0.12
52892,0.108,0.108,0.108
52893,0.124,0.124,0.124
52894,0.126,0.126,0.126
52895,0.106,0.106,0.106
52896,0.098,0.098,0.098
52897,0.106,0.106,0.106
52898,0.116,0.116,0.116
52899,0.116,0.116,0.116
52900,0.13,0.13,0.13
52901,0.148,0.148,0.148
52902,0.154,0.154,0.154
52903,0.134,0.134,0.134
52904,0.154,0.154,0.154
52905,0.132,0.132,0.132
52906,0.126,0.126,0.126
52907,0.122,0.122,0.122
52908,0.134,0.134,0.134
52909,0.142,0.142,0.142
52910,0.136,0.136,0.136
52911,0.122,0.122,0.122
52912,0.16,0.16,0.16
52913,0.188,0.188,0.188
52914,0.154,0.154,0.154
52915,0.188,0.188,0.188
52916,0.17,0.17,0.17
52917,0.174,0.174,0.174
52918,0.17,0.17,0.17
52919,0.162,0.162,0.162
52920,0.158,0.158,0.158
52921,0.156,0.156,0.156
52922,0.164,0.164,0.164
52923,0.16,0.16,0.16
52924,0.164,0.164,0.164
52925,0.112,0.112,0.112
52926,0.154,0.154,0.154
52927,0.154,0.154,0.154
52928,0.154,0.154,0.154
52929,0.158,0.158,0.158
52930,0.156,0.156,0.156
52931,0.156,0.156,0.156
52932,0.16,0.16,0.16
52933,0.138,0.138,0.138
52934,0.15,0.15,0.15
52935,0.154,0.154,0.154
52936,0.162,0.162,0.162
52937,0.172,0.172,0.172
52938,0.17,0.17,0.17
52939,0.19,0.19,0.19
52940,0.23,0.23,0.23
52941,0.274,0.274,0.274
52942,0.246,0.246,0.246
52943,0.24,0.24,0.24
52944,0.276,0.276,0.276
52945,0.308,0.308,0.308
52946,0.248,0.248,0.248
52947,0.264,0.264,0.264
52948,0.262,0.262,0.262
52949,0.304,0.304,0.304
52950,0.302,0.302,0.302
52951,0.29,0.29,0.29
52952,0.246,0.246,0.246
52953,0.248,0.248,0.248
52954,0.244,0.244,0.244
52955,0.222,0.222,0.222
52956,0.228,0.228,0.228
52957,0.234,0.234,0.234
52958,0.238,0.238,0.238
52959,0.246,0.246,0.246
52960,0.242,0.242,0.242
52961,0.248,0.248,0.248
52962,0.238,0.238,0.238
52963,0.25,0.25,0.25
52964,0.248,0.248,0.248
52965,0.248,0.248,0.248
52966,0.278,0.278,0.278
52967,0.268,0.268,0.268
52968,0.274,0.274,0.274
52969,0.272,0.272,0.272
52970,0.276,0.276,0.276
52971,0.28,0.28,0.28
52972,0.288,0.288,0.288
52973,0.302,0.302,0.302
52974,0.298,0.298,0.298
52975,0.31,0.31,0.31
52976,0.312,0.312,0.312
52977,0.358,0.358,0.358
52978,0.342,0.342,0.342
52979,0.338,0.338,0.338
52980,0.338,0.338,0.338
52981,0.344,0.344,0.344
52982,0.342,0.342,0.342
52983,0.33,0.33,0.33
52984,0.332,0.332,0.332
52985,0.342,0.342,0.342
52986,0.336,0.336,0.336
52987,0.382,0.382,0.382
52988,0.368,0.368,0.368
52989,0.35,0.35,0.35
52990,0.376,0.376,0.376
52991,0.406,0.406,0.406
52992,0.39,0.39,0.39
52993,0.39,0.39,0.39
52994,0.372,0.372,0.372
52995,0.368,0.368,0.368
52996,0.38,0.38,0.38
52997,0.368,0.368,0.368
52998,0.372,0.372,0.372
52999,0.358,0.358,0.358
53000,0.366,0.366,0.366
53001,0.372,0.372,0.372
53002,0.382,0.296,0.296
53003,0.388,0.282,0.282
53004,0.39,0.268,0.268
53005,0.382,0.24,0.24
53006,0.386,0.224,0.224
53007,0.416,0.218,0.218
53008,0.406,0.184,0.184
53009,0.406,0.182,0.182
53010,0.404,0.17,0.17
53011,0.404,0.166,0.166
53012,0.402,0.152,0.152
53013,0.404,0.148,0.148
53014,0.426,0.12,0.12
53015,0.422,0.116,0.116
53016,0.418,0.102,0.102
53017,0.418,0.066,0.066
53018,0.412,0.042,0.042
53019,0.414,0.036,0.036
53020,0.398,0.02,0.02
53021,0.388,0.018,0.018
53022,0.39,0.016,0.016
53023,0.378,0.016,0.016
53024,0.374,0.01,0.01
53025,0.384,0.01,0.01
53026,0.446,0.004,0.004
53027,0.432,0.004,0.004
53028,0.442,0.004,0.004
53029,0.44,0.004,0.004
53030,0.432,0,0
53031,0.436,0,0
53032,0.432,0,0
53033,0.43,0,0
53034,0.43,0,0
53035,0.41,0,0
53036,0.422,0,0
53037,0.43,0,0
53038,0.426,0,0
53039,0.42,0,0
53040,0.434,0,0
53041,0.422,0,0
53042,0.428,0,0
53043,0.44,0,0
53044,0.428,0,0
53045,0.428,0,0
53046,0.418,0,0
53047,0.41,0,0
53048,0.416,0,0
53049,0.402,0,0
53050,0.398,0,0
53051,0.394,0,0
53052,0.396,0,0
53053,0.384,0,0
53054,0.378,0,0
53055,0.37,0,0
53056,0.36,0,0
53057,0.35,0,0
53058,0.35,0,0
53059,0.346,0,0
53060,0.342,0,0
53061,0.336,0,0
53062,0.332,0,0
53063,0.326,0,0
53064,0.314,0,0
53065,0.318,0,0
53066,0.312,0,0
53067,0.294,0,0
53068,0.292,0,0
53069,0.294,0,0
53070,0.288,0,0
53071,0.284,0,0
53072,0.292,0,0
53073,0.306,0,0
53074,0.296,0,0
53075,0.282,0,0
53076,0.268,0,0
53077,0.24,0,0
53078,0.224,0,0
53079,0.218,0,0
53080,0.184,0,0
53081,0.182,0,0
53082,0.17,0,0
53083,0.166,0,0
53084,0.152,0,0
53085,0.148,0,0
53086,0.12,0,0
53087,0.116,0,0
53088,0.102,0,0
53089,0.066,0,0
53090,0.042,0,0
53091,0.036,0,0
53092,0.02,0,0
53093,0.018,0,0
53094,0.016,0,0
53095,0.016,0,0
53096,0.01,0,0
53097,0.01,0,0
53098,0.004,0,0
53099,0.004,0,0
53100,0.004,0,0
53101,0.004,0,0
53102,0,0,0
53103,0,0,0
53104,0,0,0
53105,0,0,0
53106,0,0,0
53107,0,0,0
53108,0,0,0
53109,0,0,0
53110,0,0,0
53111,0,0,0
53112,0,0,0
53113,0,0,0
53114,0,0,0
53115,0,0,0
53116,0,0,0
53117,0,0,0
53118,0,0,0
53119,0,0,0
53120,0,0,0
53121,0,0,0
53122,0,0,0
53123,0,0,0
53124,0,0,0
53125,0,0,0
53126,0,0,0
53127,0,0,0
53128,0,0,0
53129,0,0,0
53130,0,0,0
53131,0,0,0
53132,0,0,0
53133,0,0,0
53134,0,0,0
53135,0,0,0
53136,0,0,0
53137,0,0,0
53138,0,0,0
53139,0,0,0
53140,0,0,0
53141,0,0,0
53142,0,0,0
53143,0,0,0
53144,0,0,0
53145,0,0,0
53146,0,0,0
53147,0,0,0
53148,0,0,0
53149,0,0,0
53150,0,0,0
53151,0,0,0
53152,0.008,0.008,0.008
53153,0,0,0
53154,0,0,0
53155,0,0,0
53156,0,0,0
53157,0,0,0
53158,0,0,0
53159,0,0,0
53160,0,0,0
53161,0,0,0
53162,0,0,0
53163,0,0,0
53164,0,0,0
53165,0,0,0
53166,0,0,0
53167,0,0,0
53168,0,0,0
53169,0,0,0
53170,0,0,0
53171,0,0,0
53172,0,0,0
53173,0,0,0
53174,0,0,0
53175,0,0,0
53176,0,0,0
53177,0,0,0
53178,0,0,0
53179,0,0,0
53180,0,0,0
53181,0,0,0
53182,0.004,0.004,0.004
53183,0,0,0
53184,0,0,0
53185,0,0,0
53186,0,0,0
53187,0,0,0
53188,0,0,0
53189,0,0,0
53190,0,0,0
53191,0,0,0
53192,0,0,0
53193,0,0,0
53194,0.004,0.004,0.004
53195,0.01,0.01,0.01
53196,0.014,0.014,0.014
53197,0.018,0.018,0.018
53198,0.02,0.02,0.02
53199,0.018,0.018,0.018
53200,0.018,0.018,0.018
53201,0.052,0.052,0.052
53202,0.052,0.052,0.052
53203,0.052,0.052,0.052
53204,0.046,0.046,0.046
53205,0.044,0.044,0.044
53206,0.044,0.044,0.044
53207,0.05,0.05,0.05
53208,0.046,0.046,0.046
53209,0.044,0.044,0.044
53210,0.038,0.038,0.038
53211,0.038,0.038,0.038
53212,0.038,0.038,0.038
53213,0.048,0.048,0.048
53214,0.058,0.058,0.058
53215,0.068,0.068,0.068
53216,0.058,0.058,0.058
53217,0.054,0.054,0.054
53218,0.05,0.05,0.05
53219,0.072,0.072,0.072
53220,0.088,0.088,0.088
53221,0.11,0.11,0.11
53222,0.098,0.098,0.098
53223,0.112,0.112,0.112
53224,0.104,0.104,0.104
53225,0.134,0.134,0.134
53226,0.14,0.14,0.14
53227,0.122,0.122,0.122
53228,0.118,0.118,0.118
53229,0.12,0.12,0.12
53230,0.106,0.106,0.106
53231,0.072,0.072,0.072
53232,0.054,0.054,0.054
53233,0.054,0.054,0.054
53234,0.12,0.12,0.12
53235,0.168,0.168,0.168
53236,0.15,0.15,0.15
53237,0.128,0.128,0.128
53238,0.124,0.124,0.124
53239,0.146,0.146,0.146
53240,0.146,0.146,0.146
53241,0.144,0.144,0.144
53242,0.136,0.136,0.136
53243,0.132,0.132,0.132
53244,0.118,0.118,0.118
53245,0.13,0.13,0.13
53246,0.106,0.106,0.106
53247,0.116,0.116,0.116
53248,0.126,0.126,0.126
53249,0.12,0.12,0.12
53250,0.14,0.14,0.14
53251,0.126,0.126,0.126
53252,0.122,0.122,0.122
53253,0.118,0.118,0.118
53254,0.106,0.106,0.106
53255,0.118,0.118,0.118
53256,0.12,0.12,0.12
53257,0.108,0.108,0.108
53258,0.124,0.124,0.124
53259,0.126,0.126,0.126
53260,0.106,0.106,0.106
53261,0.098,0.098,0.098
53262,0.106,0.106,0.106
53263,0.116,0.116,0.116
53264,0.116,0.116,0.116
53265,0.13,0.13,0.13
53266,0.148,0.148,0.148
53267,0.154,0.154,0.154
53268,0.134,0.134,0.134
53269,0.154,0.154,0.154
53270,0.132,0.132,0.132
53271,0.126,0.126,0.126
53272,0.122,0.122,0.122
53273,0.134,0.134,0.134
53274,0.142,0.142,0.142
53275,0.136,0.136,0.136
53276,0.122,0.122,0.122
53277,0.16,0.16,0.16
53278,0.188,0.188,0.188
53279,0.154,0.154,0.154
53280,0.188,0.188,0.188
53281,0.17,0.17,0.17
53282,0.174,0.174,0.174
53283,0.17,0.17,0.17
53284,0.162,0.162,0.162
53285,0.158,0.158,0.158
53286,0.156,0.156,0.156
53287,0.164,0.164,0.164
53288,0.16,0.16,0.16
53289,0.164,0.164,0.164
53290,0.112,0.112,0.112
53291,0.154,0.154,0.154
53292,0.154,0.154,0.154
53293,0.154,0.154,0.154
53294,0.158,0.158,0.158
53295,0.156,0.156,0.156
53296,0.156,0.156,0.156
53297,0.16,0.16,0.16
53298,0.138,0.138,0.138
53299,0.15,0.15,0.15
53300,0.154,0.154,0.154
53301,0.162,0.162,0.162
53302,0.172,0.172,0.172
53303,0.17,0.17,0.17
53304,0.19,0.19,0.19
53305,0.23,0.23,0.23
53306,0.274,0.274,0.274
53307,0.246,0.246,0.246
53308,0.24,0.24,0.24
53309,0.276,0.276,0.276
53310,0.308,0.308,0.308
53311,0.248,0.248,0.248
53312,0.264,0.264,0.264
53313,0.262,0.262,0.262
53314,0.304,0.304,0.304
53315,0.302,0.302,0.302
53316,0.29,0.29,0.29
53317,0.246,0.246,0.246
53318,0.248,0.248,0.248
53319,0.244,0.244,0.244
53320,0.222,0.222,0.222
53321,0.228,0.228,0.228
53322,0.234,0.234,0.234
53323,0.238,0.238,0.238
53324,0.246,0.246,0.246
53325,0.242,0.242,0.242
53326,0.248,0.248,0.248
53327,0.238,0.238,0.238
53328,0.25,0.25,0.25
53329,0.248,0.248,0.248
53330,0.248,0.248,0.248
53331,0.278,0.278,0.278
53332,0.268,0.268,0.268
53333,0.274,0.274,0.274
53334,0.272,0.272,0.272
53335,0.276,0.276,0.276
53336,0.28,0.28,0.28
53337,0.288,0.288,0.288
53338,0.302,0.302,0.302
53339,0.298,0.298,0.298
53340,0.31,0.31,0.31
53341,0.312,0.312,0.312
53342,0.358,0.358,0.358
53343,0.342,0.342,0.342
53344,0.338,0.338,0.338
53345,0.338,0.338,0.338
53346,0.344,0.344,0.344
53347,0.342,0.342,0.342
53348,0.33,0.33,0.33
53349,0.332,0.332,0.332
53350,0.342,0.342,0.342
53351,0.336,0.336,0.336
53352,0.382,0.382,0.382
53353,0.368,0.368,0.368
53354,0.35,0.35,0.35
53355,0.376,0.376,0.376
53356,0.406,0.406,0.406
53357,0.39,0.39,0.39
53358,0.39,0.39,0.39
53359,0.372,0.372,0.372
53360,0.368,0.368,0.368
53361,0.38,0.38,0.38
53362,0.368,0.368,0.368
53363,0.372,0.372,0.372
53364,0.358,0.358,0.358
53365,0.366,0.366,0.366
53366,0.372,0.296,0.296
53367,0.382,0.282,0.282
53368,0.388,0.268,0.268
53369,0.39,0.24,0.24
53370,0.382,0.224,0.224
53371,0.386,0.218,0.218
53372,0.416,0.184,0.184
53373,0.406,0.182,0.182
53374,0.406,0.17,0.17
53375,0.404,0.166,0.166
53376,0.404,0.152,0.152
53377,0.402,0.148,0.148
53378,0.404,0.12,0.12
53379,0.426,0.116,0.116
53380,0.422,0.102,0.102
53381,0.418,0.066,0.066
53382,0.418,0.042,0.042
53383,0.412,0.036,0.036
53384,0.414,0.02,0.02
53385,0.398,0.018,0.018
53386,0.388,0.016,0.016
53387,0.39,0.016,0.016
53388,0.378,0.01,0.01
53389,0.374,0.01,0.01
53390,0.384,0.004,0.004
53391,0.446,0.004,0.004
53392,0.432,0.004,0.004
53393,0.442,0.004,0.004
53394,0.44,0,0
53395,0.432,0,0
53396,0.436,0,0
53397,0.432,0,0
53398,0.43,0,0
53399,0.43,0,0
53400,0.41,0,0
53401,0.422,0,0
53402,0.43,0,0
53403,0.426,0,0
53404,0.42,0,0
53405,0.434,0,0
53406,0.422,0,0
53407,0.428,0,0
53408,0.44,0,0
53409,0.428,0,0
53410,0.428,0,0
53411,0.418,0,0
53412,0.41,0,0
53413,0.416,0,0
53414,0.402,0,0
53415,0.398,0,0
53416,0.394,0,0
53417,0.396,0,0
53418,0.384,0,0
53419,0.378,0,0
53420,0.37,0,0
53421,0.36,0,0
53422,0.35,0,0
53423,0.35,0,0
53424,0.346,0,0
53425,0.342,0,0
53426,0.336,0,0
53427,0.332,0,0
53428,0.326,0,0
53429,0.314,0,0
53430,0.318,0,0
53431,0.312,0,0
53432,0.294,0,0
53433,0.292,0,0
53434,0.294,0,0
53435,0.288,0,0
53436,0.284,0,0
53437,0.292,0,0
53438,0.306,0,0
53439,0.296,0,0
53440,0.282,0,0
53441,0.268,0,0
53442,0.24,0,0
53443,0.224,0,0
53444,0.218,0,0
53445,0.184,0,0
53446,0.182,0,0
53447,0.17,0,0
53448,0.166,0,0
53449,0.152,0,0
53450,0.148,0,0
53451,0.12,0,0
53452,0.116,0,0
53453,0.102,0,0
53454,0.066,0,0
53455,0.042,0,0
53456,0.036,0,0
53457,0.02,0,0
53458,0.018,0,0
53459,0.016,0,0
53460,0.016,0,0
53461,0.01,0,0
53462,0.01,0,0
53463,0.004,0,0
53464,0.004,0,0
53465,0.004,0,0
53466,0.004,0,0
53467,0,0,0
53468,0,0,0
53469,0,0,0
53470,0,0,0
53471,0,0,0
53472,0,0,0
53473,0,0,0
53474,0,0,0
53475,0,0,0
53476,0,0,0
53477,0,0,0
53478,0,0,0
53479,0,0,0
53480,0,0,0
53481,0,0,0
53482,0,0,0
53483,0,0,0
53484,0,0,0
53485,0,0,0
53486,0,0,0
53487,0,0,0
53488,0,0,0
53489,0,0,0
53490,0,0,0
53491,0,0,0
53492,0,0,0
53493,0,0,0
53494,0,0,0
53495,0,0,0
53496,0,0,0
53497,0,0,0
53498,0,0,0
53499,0,0,0
53500,0,0,0
53501,0,0,0
53502,0,0,0
53503,0,0,0
53504,0,0,0
53505,0,0,0
53506,0,0,0
53507,0,0,0
53508,0,0,0
53509,0,0,0
53510,0,0,0
53511,0,0,0
53512,0,0,0
53513,0,0,0
53514,0,0,0
53515,0,0,0
53516,0,0,0
53517,0.008,0.008,0.008
53518,0,0,0
53519,0,0,0
53520,0,0,0
53521,0,0,0
53522,0,0,0
53523,0,0,0
53524,0,0,0
53525,0,0,0
53526,0,0,0
53527,0,0,0
53528,0,0,0
53529,0,0,0
53530,0,0,0
53531,0,0,0
53532,0,0,0
53533,0,0,0
53534,0,0,0
53535,0,0,0
53536,0,0,0
53537,0,0,0
53538,0,0,0
53539,0,0,0
53540,0,0,0
53541,0,0,0
53542,0,0,0
53543,0,0,0
53544,0,0,0
53545,0,0,0
53546,0,0,0
53547,0.004,0.004,0.004
53548,0,0,0
53549,0,0,0
53550,0,0,0
53551,0,0,0
53552,0,0,0
53553,0,0,0
53554,0,0,0
53555,0,0,0
53556,0,0,0
53557,0,0,0
53558,0,0,0
53559,0.004,0.004,0.004
53560,0.01,0.01,0.01
53561,0.014,0.014,0.014
53562,0.018,0.018,0.018
53563,0.02,0.02,0.02
53564,0.018,0.018,0.018
53565,0.018,0.018,0.018
53566,0.052,0.052,0.052
53567,0.052,0.052,0.052
53568,0.052,0.052,0.052
53569,0.046,0.046,0.046
53570,0.044,0.044,0.044
53571,0.044,0.044,0.044
53572,0.05,0.05,0.05
53573,0.046,0.046,0.046
53574,0.044,0.044,0.044
53575,0.038,0.038,0.038
53576,0.038,0.038,0.038
53577,0.038,0.038,0.038
53578,0.048,0.048,0.048
53579,0.058,0.058,0.058
53580,0.068,0.068,0.068
53581,0.058,0.058,0.058
53582,0.054,0.054,0.054
53583,0.05,0.05,0.05
53584,0.072,0.072,0.072
53585,0.088,0.088,0.088
53586,0.11,0.11,0.11
53587,0.098,0.098,0.098
53588,0.112,0.112,0.112
53589,0.104,0.104,0.104
53590,0.134,0.134,0.134
53591,0.14,0.14,0.14
53592,0.122,0.122,0.122
53593,0.118,0.118,0.118
53594,0.12,0.12,0.12
53595,0.106,0.106,0.106
53596,0.072,0.072,0.072
53597,0.054,0.054,0.054
53598,0.054,0.054,0.054
53599,0.12,0.12,0.12
53600,0.168,0.168,0.168
53601,0.15,0.15,0.15
53602,0.128,0.128,0.128
53603,0.124,0.124,0.124
53604,0.146,0.146,0.146
53605,0.146,0.146,0.146
53606,0.144,0.144,0.144
53607,0.136,0.136,0.136
53608,0.132,0.132,0.132
53609,0.118,0.118,0.118
53610,0.13,0.13,0.13
53611,0.106,0.106,0.106
53612,0.116,0.116,0.116
53613,0.126,0.126,0.126
53614,0.12,0.12,0.12
53615,0.14,0.14,0.14
53616,0.126,0.126,0.126
53617,0.122,0.122,0.122
53618,0.118,0.118,0.118
53619,0.106,0.106,0.106
53620,0.118,0.118,0.118
53621,0.12,0.12,0.12
53622,0.108,0.108,0.108
53623,0.124,0.124,0.124
53624,0.126,0.126,0.126
53625,0.106,0.106,0.106
53626,0.098,0.098,0.098
53627,0.106,0.106,0.106
53628,0.116,0.116,0.116
53629,0.116,0.116,0.116
53630,0.13,0.13,0.13
53631,0.148,0.148,0.148
53632,0.154,0.154,0.154
53633,0.134,0.134,0.134
53634,0.154,0.154,0.154
53635,0.132,0.132,0.132
53636,0.126,0.126,0.126
53637,0.122,0.122,0.122
53638,0.134,0.134,0.134
53639,0.142,0.142,0.142
53640,0.136,0.136,0.136
53641,0.122,0.122,0.122
53642,0.16,0.16,0.16
53643,0.188,0.188,0.188
53644,0.154,0.154,0.154
53645,0.188,0.188,0.188
53646,0.17,0.17,0.17
53647,0.174,0.174,0.174
53648,0.17,0.17,0.17
53649,0.162,0.162,0.162
53650,0.158,0.158,0.158
53651,0.156,0.156,0.156
53652,0.164,0.164,0.164
53653,0.16,0.16,0.16
53654,0.164,0.164,0.164
53655,0.112,0.112,0.112
53656,0.154,0.154,0.154
53657,0.154,0.154,0.154
53658,0.154,0.154,0.154
53659,0.158,0.158,0.158
53660,0.156,0.156,0.156
53661,0.156,0.156,0.156
53662,0.16,0.16,0.16
53663,0.138,0.138,0.138
53664,0.15,0.15,0.15
53665,0.154,0.154,0.154
53666,0.162,0.162,0.162
53667,0.172,0.172,0.172
53668,0.17,0.17,0.17
53669,0.19,0.19,0.19
53670,0.23,0.23,0.23
53671,0.274,0.274,0.274
53672,0.246,0.246,0.246
53673,0.24,0.24,0.24
53674,0.276,0.276,0.276
53675,0.308,0.308,0.308
53676,0.248,0.248,0.248
53677,0.264,0.264,0.264
53678,0.262,0.262,0.262
53679,0.304,0.304,0.304
53680,0.302,0.302,0.302
53681,0.29,0.29,0.29
53682,0.246,0.246,0.246
53683,0.248,0.248,0.248
53684,0.244,0.244,0.244
53685,0.222,0.222,0.222
53686,0.228,0.228,0.228
53687,0.234,0.234,0.234
53688,0.238,0.238,0.238
53689,0.246,0.246,0.246
53690,0.242,0.242,0.242
53691,0.248,0.248,0.248
53692,0.238,0.238,0.238
53693,0.25,0.25,0.25
53694,0.248,0.248,0.248
53695,0.248,0.248,0.248
53696,0.278,0.278,0.278
53697,0.268,0.268,0.268
53698,0.274,0.274,0.274
53699,0.272,0.272,0.272
53700,0.276,0.276,0.276
53701,0.28,0.28,0.28
53702,0.288,0.288,0.288
53703,0.302,0.302,0.302
53704,0.298,0.298,0.298
53705,0.31,0.31,0.31
53706,0.312,0.312,0.312
53707,0.358,0.358,0.358
53708,0.342,0.342,0.342
53709,0.338,0.338,0.338
53710,0.338,0.338,0.338
53711,0.344,0.344,0.344
53712,0.342,0.342,0.342
53713,0.33,0.33,0.33
53714,0.332,0.332,0.332
53715,0.342,0.342,0.342
53716,0.336,0.336,0.336
53717,0.382,0.382,0.382
53718,0.368,0.368,0.368
53719,0.35,0.35,0.35
53720,0.376,0.376,0.376
53721,0.406,0.406,0.406
53722,0.39,0.39,0.39
53723,0.39,0.39,0.39
53724,0.372,0.372,0.372
53725,0.368,0.368,0.368
53726,0.38,0.38,0.38
53727,0.368,0.368,0.368
53728,0.372,0.372,0.372
53729,0.358,0.358,0.358
53730,0.366,0.366,0.366
53731,0.372,0.296,0.296
53732,0.382,0.282,0.282
53733,0.388,0.268,0.268
53734,0.39,0.24,0.24
53735,0.382,0.224,0.224
53736,0.386,0.218,0.218
53737,0.416,0.184,0.184
53738,0.406,0.182,0.182
53739,0.406,0.17,0.17
53740,0.404,0.166,0.166
53741,0.404,0.152,0.152
53742,0.402,0.148,0.148
53743,0.404,0.12,0.12
53744,0.426,0.116,0.116
53745,0.422,0.102,0.102
53746,0.418,0.066,0.066
53747,0.418,0.042,0.042
53748,0.412,0.036,0.036
53749,0.414,0.02,0.02
53750,0.398,0.018,0.018
53751,0.388,0.016,0.016
53752,0.39,0.016,0.016
53753,0.378,0.01,0.01
53754,0.374,0.01,0.01
53755,0.384,0.004,0.004
53756,0.446,0.004,0.004
53757,0.432,0.004,0.004
53758,0.442,0.004,0.004
53759,0.44,0,0
53760,0.432,0,0
53761,0.436,0,0
53762,0.432,0,0
53763,0.43,0,0
53764,0.43,0,0
53765,0.41,0,0
53766,0.422,0,0
53767,0.43,0,0
53768,0.426,0,0
53769,0.42,0,0
53770,0.434,0,0
53771,0.422,0,0
53772,0.428,0,0
53773,0.44,0,0
53774,0.428,0,0
53775,0.428,0,0
53776,0.418,0,0
53777,0.41,0,0
53778,0.416,0,0
53779,0.402,0,0
53780,0.398,0,0
53781,0.394,0,0
53782,0.396,0,0
53783,0.384,0,0
53784,0.378,0,0
53785,0.37,0,0
53786,0.36,0,0
53787,0.35,0,0
53788,0.35,0,0
53789,0.346,0,0
53790,0.342,0,0
53791,0.336,0,0
53792,0.332,0,0
53793,0.326,0,0
53794,0.314,0,0
53795,0.318,0,0
53796,0.312,0,0
53797,0.294,0,0
53798,0.292,0,0
53799,0.294,0,0
53800,0.288,0,0
53801,0.284,0,0
53802,0.292,0,0
53803,0.306,0,0
53804,0.296,0,0
53805,0.282,0,0
53806,0.268,0,0
53807,0.24,0,0
53808,0.224,0,0
53809,0.218,0,0
53810,0.184,0,0
53811,0.182,0,0
53812,0.17,0,0
53813,0.166,0,0
53814,0.152,0,0
53815,0.148,0,0
53816,0.12,0,0
53817,0.116,0,0
53818,0.102,0,0
53819,0.066,0,0
53820,0.042,0,0
53821,0.036,0,0
53822,0.02,0,0
53823,0.018,0,0
53824,0.016,0,0
53825,0.016,0,0
53826,0.01,0,0
53827,0.01,0,0
53828,0.004,0,0
53829,0.004,0,0
53830,0.004,0,0
53831,0.004,0,0
53832,0,0,0
53833,0,0,0
53834,0,0,0
53835,0,0,0
53836,0,0,0
53837,0,0,0
53838,0,0,0
53839,0,0,0
53840,0,0,0
53841,0,0,0
53842,0,0,0
53843,0,0,0
53844,0,0,0
53845,0,0,0
53846,0,0,0
53847,0,0,0
53848,0,0,0
53849,0,0,0
53850,0,0,0
53851,0,0,0
53852,0,0,0
53853,0,0,0
53854,0,0,0
53855,0,0,0
53856,0,0,0
53857,0,0,0
53858,0,0,0
53859,0,0,0
53860,0,0,0
53861,0,0,0
53862,0,0,0
53863,0,0,0
53864,0,0,0
53865,0,0,0
53866,0,0,0
53867,0,0,0
53868,0,0,0
53869,0,0,0
53870,0,0,0
53871,0,0,0
53872,0,0,0
53873,0,0,0
53874,0,0,0
53875,0,0,0
53876,0,0,0
53877,0,0,0
53878,0,0,0
53879,0,0,0
53880,0,0,0
53881,0,0,0
53882,0.008,0.008,0.008
53883,0,0,0
53884,0,0,0
53885,0,0,0
53886,0,0,0
53887,0,0,0
53888,0,0,0
53889,0,0,0
53890,0,0,0
53891,0,0,0
53892,0,0,0
53893,0,0,0
53894,0,0,0
53895,0,0,0
53896,0,0,0
53897,0,0,0
53898,0,0,0
53899,0,0,0
53900,0,0,0
53901,0,0,0
53902,0,0,0
53903,0,0,0
53904,0,0,0
53905,0,0,0
53906,0,0,0
53907,0,0,0
53908,0,0,0
53909,0,0,0
53910,0,0,0
53911,0,0,0
53912,0.004,0.004,0.004
53913,0,0,0
53914,0,0,0
53915,0,0,0
53916,0,0,0
53917,0,0,0
53918,0,0,0
53919,0,0,0
53920,0,0,0
53921,0,0,0
53922,0,0,0
53923,0,0,0
53924,0.004,0.004,0.004
53925,0.01,0.01,0.01
53926,0.014,0.014,0.014
53927,0.018,0.018,0.018
53928,0.02,0.02,0.02
53929,0.018,0.018,0.018
53930,0.018,0.018,0.018
53931,0.052,0.052,0.052
53932,0.052,0.052,0.052
53933,0.052,0.052,0.052
53934,0.046,0.046,0.046
53935,0.044,0.044,0.044
53936,0.044,0.044,0.044
53937,0.05,0.05,0.05
53938,0.046,0.046,0.046
53939,0.044,0.044,0.044
53940,0.038,0.038,0.038
53941,0.038,0.038,0.038
53942,0.038,0.038,0.038
53943,0.048,0.048,0.048
53944,0.058,0.058,0.058
53945,0.068,0.068,0.068
53946,0.058,0.058,0.058
53947,0.054,0.054,0.054
53948,0.05,0.05,0.05
53949,0.072,0.072,0.072
53950,0.088,0.088,0.088
53951,0.11,0.11,0.11
53952,0.098,0.098,0.098
53953,0.112,0.112,0.112
53954,0.104,0.104,0.104
53955,0.134,0.134,0.134
53956,0.14,0.14,0.14
53957,0.122,0.122,0.122
53958,0.118,0.118,0.118
53959,0.12,0.12,0.12
53960,0.106,0.106,0.106
53961,0.072,0.072,0.072
53962,0.054,0.054,0.054
53963,0.054,0.054,0.054
53964,0.12,0.12,0.12
53965,0.168,0.168,0.168
53966,0.15,0.15,0.15
53967,0.128,0.128,0.128
53968,0.124,0.124,0.124
53969,0.146,0.146,0.146
53970,0.146,0.146,0.146
53971,0.144,0.144,0.144
53972,0.136,0.136,0.136
53973,0.132,0.132,0.132
53974,0.118,0.118,0.118
53975,0.13,0.13,0.13
53976,0.106,0.106,0.106
53977,0.116,0.116,0.116
53978,0.126,0.126,0.126
53979,0.12,0.12,0.12
53980,0.14,0.14,0.14
53981,0.126,0.126,0.126
53982,0.122,0.122,0.122
53983,0.118,0.118,0.118
53984,0.106,0.106,0.106
53985,0.118,0.118,0.118
53986,0.12,0.12,0.12
53987,0.108,0.108,0.108
53988,0.124,0.124,0.124
53989,0.126,0.126,0.126
53990,0.106,0.106,0.106
53991,0.098,0.098,0.098
53992,0.106,0.106,0.106
53993,0.116,0.116,0.116
53994,0.116,0.116,0.116
53995,0.13,0.13,0.13
53996,0.148,0.148,0.148
53997,0.154,0.154,0.154
53998,0.134,0.134,0.134
53999,0.154,0.154,0.154
54000,0.132,0.132,0.132
54001,0.126,0.126,0.126
54002,0.122,0.122,0.122
54003,0.134,0.134,0.134
54004,0.142,0.142,0.142
54005,0.136,0.136,0.136
54006,0.122,0.122,0.122
54007,0.16,0.16,0.16
54008,0.188,0.188,0.188
54009,0.154,0.154,0.154
54010,0.188,0.188,0.188
54011,0.17,0.17,0.17
54012,0.174,0.174,0.174
54013,0.17,0.17,0.17
54014,0.162,0.162,0.162
54015,0.158,0.158,0.158
54016,0.156,0.156,0.156
54017,0.164,0.164,0.164
54018,0.16,0.16,0.16
54019,0.164,0.164,0.164
54020,0.112,0.112,0.112
54021,0.154,0.154,0.154
54022,0.154,0.154,0.154
54023,0.154,0.154,0.154
54024,0.158,0.158,0.158
54025,0.156,0.156,0.156
54026,0.156,0.156,0.156
54027,0.16,0.16,0.16
54028,0.138,0.138,0.138
54029,0.15,0.15,0.15
54030,0.154,0.154,0.154
54031,0.162,0.162,0.162
54032,0.172,0.172,0.172
54033,0.17,0.17,0.17
54034,0.19,0.19,0.19
54035,0.23,0.23,0.23
54036,0.274,0.274,0.274
54037,0.246,0.246,0.246
54038,0.24,0.24,0.24
54039,0.276,0.276,0.276
54040,0.308,0.308,0.308
54041,0.248,0.248,0.248
54042,0.264,0.264,0.264
54043,0.262,0.262,0.262
54044,0.304,0.304,0.304
54045,0.302,0.302,0.302
54046,0.29,0.29,0.29
54047,0.246,0.246,0.246
54048,0.248,0.248,0.248
54049,0.244,0.244,0.244
54050,0.222,0.222,0.222
54051,0.228,0.228,0.228
54052,0.234,0.234,0.234
54053,0.238,0.238,0.238
54054,0.246,0.246,0.246
54055,0.242,0.242,0.242
54056,0.248,0.248,0.248
54057,0.238,0.238,0.238
54058,0.25,0.25,0.25
54059,0.248,0.248,0.248
54060,0.248,0.248,0.248
54061,0.278,0.278,0.278
54062,0.268,0.268,0.268
54063,0.274,0.274,0.274
54064,0.272,0.272,0.272
54065,0.276,0.276,0.276
54066,0.28,0.28,0.28
54067,0.288,0.288,0.288
54068,0.302,0.302,0.302
54069,0.298,0.298,0.298
54070,0.31,0.31,0.31
54071,0.312,0.312,0.312
54072,0.358,0.358,0.358
54073,0.342,0.342,0.342
54074,0.338,0.338,0.338
54075,0.338,0.338,0.338
54076,0.344,0.344,0.344
54077,0.342,0.342,0.342
54078,0.33,0.33,0.33
54079,0.332,0.332,0.332
54080,0.342,0.342,0.342
54081,0.336,0.336,0.336
54082,0.382,0.382,0.382
54083,0.368,0.368,0.368
54084,0.35,0.35,0.35
54085,0.376,0.376,0.376
54086,0.406,0.406,0.406
54087,0.39,0.39,0.39
54088,0.39,0.39,0.39
54089,0.372,0.372,0.372
54090,0.368,0.368,0.368
54091,0.38,0.38,0.38
54092,0.368,0.368,0.368
54093,0.372,0.372,0.372
54094,0.358,0.358,0.358
54095,0.366,0.296,0.296
54096,0.372,0.282,0.282
54097,0.382,0.268,0.268
54098,0.388,0.24,0.24
54099,0.39,0.224,0.224
54100,0.382,0.218,0.218
54101,0.386,0.184,0.184
54102,0.416,0.182,0.182
54103,0.406,0.17,0.17
54104,0.406,0.166,0.166
54105,0.404,0.152,0.152
54106,0.404,0.148,0.148
54107,0.402,0.12,0.12
54108,0.404,0.116,0.116
54109,0.426,0.102,0.102
54110,0.422,0.066,0.066
54111,0.418,0.042,0.042
54112,0.418,0.036,0.036
54113,0.412,0.02,0.02
54114,0.414,0.018,0.018
54115,0.398,0.016,0.016
54116,0.388,0.016,0.016
54117,0.39,0.01,0.01
54118,0.378,0.01,0.01
54119,0.374,0.004,0.004
54120,0.384,0.004,0.004
54121,0.446,0.004,0.004
54122,0.432,0.004,0.004
54123,0.442,0,0
54124,0.44,0,0
54125,0.432,0,0
54126,0.436,0,0
54127,0.432,0,0
54128,0.43,0,0
54129,0.43,0,0
54130,0.41,0,0
54131,0.422,0,0
54132,0.43,0,0
54133,0.426,0,0
54134,0.42,0,0
54135,0.434,0,0
54136,0.422,0,0
54137,0.428,0,0
54138,0.44,0,0
54139,0.428,0,0
54140,0.428,0,0
54141,0.418,0,0
54142,0.41,0,0
54143,0.416,0,0
54144,0.402,0,0
54145,0.398,0,0
54146,0.394,0,0
54147,0.396,0,0
54148,0.384,0,0
54149,0.378,0,0
54150,0.37,0,0
54151,0.36,0,0
54152,0.35,0,0
54153,0.35,0,0
54154,0.346,0,0
54155,0.342,0,0
54156,0.336,0,0
54157,0.332,0,0
54158,0.326,0,0
54159,0.314,0,0
54160,0.318,0,0
54161,0.312,0,0
54162,0.294,0,0
54163,0.292,0,0
54164,0.294,0,0
54165,0.288,0,0
54166,0.284,0,0
54167,0.292,0,0
54168,0.306,0,0
54169,0.296,0,0
54170,0.282,0,0
54171,0.268,0,0
54172,0.24,0,0
54173,0.224,0,0
54174,0.218,0,0
54175,0.184,0,0
54176,0.182,0,0
54177,0.17,0,0
54178,0.166,0,0
54179,0.152,0,0
54180,0.148,0,0
54181,0.12,0,0
54182,0.116,0,0
54183,0.102,0,0
54184,0.066,0,0
54185,0.042,0,0
54186,0.036,0,0
54187,0.02,0,0
54188,0.018,0,0
54189,0.016,0,0
54190,0.016,0,0
54191,0.01,0,0
54192,0.01,0,0
54193,0.004,0,0
54194,0.004,0,0
54195,0.004,0,0
54196,0.004,0,0
54197,0,0,0
54198,0,0,0
54199,0,0,0
54200,0,0,0
54201,0,0,0
54202,0,0,0
54203,0,0,0
54204,0,0,0
54205,0,0,0
54206,0,0,0
54207,0,0,0
54208,0,0,0
54209,0,0,0
54210,0,0,0
54211,0,0,0
54212,0,0,0
54213,0,0,0
54214,0,0,0
54215,0,0,0
54216,0,0,0
54217,0,0,0
54218,0,0,0
54219,0,0,0
54220,0,0,0
54221,0,0,0
54222,0,0,0
54223,0,0,0
54224,0,0,0
54225,0,0,0
54226,0,0,0
54227,0,0,0
54228,0,0,0
54229,0,0,0
54230,0,0,0
54231,0,0,0
54232,0,0,0
54233,0,0,0
54234,0,0,0
54235,0,0,0
54236,0,0,0
54237,0,0,0
54238,0,0,0
54239,0,0,0
54240,0,0,0
54241,0,0,0
54242,0,0,0
54243,0,0,0
54244,0,0,0
54245,0,0,0
54246,0,0,0
54247,0.008,0.008,0.008
54248,0,0,0
54249,0,0,0
54250,0,0,0
54251,0,0,0
54252,0,0,0
54253,0,0,0
54254,0,0,0
54255,0,0,0
54256,0,0,0
54257,0,0,0
54258,0,0,0
54259,0,0,0
54260,0,0,0
54261,0,0,0
54262,0,0,0
54263,0,0,0
54264,0,0,0
54265,0,0,0
54266,0,0,0
54267,0,0,0
54268,0,0,0
54269,0,0,0
54270,0,0,0
54271,0,0,0
54272,0,0,0
54273,0,0,0
54274,0,0,0
54275,0,0,0
54276,0,0,0
54277,0.004,0.004,0.004
54278,0,0,0
54279,0,0,0
54280,0,0,0
54281,0,0,0
54282,0,0,0
54283,0,0,0
54284,0,0,0
54285,0,0,0
54286,0,0,0
54287,0,0,0
54288,0,0,0
54289,0.004,0.004,0.004
54290,0.01,0.01,0.01
54291,0.014,0.014,0.014
54292,0.018,0.018,0.018
54293,0.02,0.02,0.02
54294,0.018,0.018,0.018
54295,0.018,0.018,0.018
54296,0.052,0.052,0.052
54297,0.052,0.052,0.052
54298,0.052,0.052,0.052
54299,0.046,0.046,0.046
54300,0.044,0.044,0.044
54301,0.044,0.044,0.044
54302,0.05,0.05,0.05
54303,0.046,0.046,0.046
54304,0.044,0.044,0.044
54305,0.038,0.038,0.038
54306,0.038,0.038,0.038
54307,0.038,0.038,0.038
54308,0.048,0.048,0.048
54309,0.058,0.058,0.058
54310,0.068,0.068,0.068
54311,0.058,0.058,0.058
54312,0.054,0.054,0.054
54313,0.05,0.05,0.05
54314,0.072,0.072,0.072
54315,0.088,0.088,0.088
54316,0.11,0.11,0.11
54317,0.098,0.098,0.098
54318,0.112,0.112,0.112
54319,0.104,0.104,0.104
54320,0.134,0.134,0.134
54321,0.14,0.14,0.14
54322,0.122,0.122,0.122
54323,0.118,0.118,0.118
54324,0.12,0.12,0.12
54325,0.106,0.106,0.106
54326,0.072,0.072,0.072
54327,0.054,0.054,0.054
54328,0.054,0.054,0.054
54329,0.12,0.12,0.12
54330,0.168,0.168,0.168
54331,0.15,0.15,0.15
54332,0.128,0.128,0.128
54333,0.124,0.124,0.124
54334,0.146,0.146,0.146
54335,0.146,0.146,0.146
54336,0.144,0.144,0.144
54337,0.136,0.136,0.136
54338,0.132,0.132,0.132
54339,0.118,0.118,0.118
54340,0.13,0.13,0.13
54341,0.106,0.106,0.106
54342,0.116,0.116,0.116
54343,0.126,0.126,0.126
54344,0.12,0.12,0.12
54345,0.14,0.14,0.14
54346,0.126,0.126,0.126
54347,0.122,0.122,0.122
54348,0.118,0.118,0.118
54349,0.106,0.106,0.106
54350,0.118,0.118,0.118
54351,0.12,0.12,0.12
54352,0.108,0.108,0.108
54353,0.124,0.124,0.124
54354,0.126,0.126,0.126
54355,0.106,0.106,0.106
54356,0.098,0.098,0.098
54357,0.106,0.106,0.106
54358,0.116,0.116,0.116
54359,0.116,0.116,0.116
54360,0.13,0.13,0.13
54361,0.148,0.148,0.148
54362,0.154,0.154,0.154
54363,0.134,0.134,0.134
54364,0.154,0.154,0.154
54365,0.132,0.132,0.132
54366,0.126,0.126,0.126
54367,0.122,0.122,0.122
54368,0.134,0.134,0.134
54369,0.142,0.142,0.142
54370,0.136,0.136,0.136
54371,0.122,0.122,0.122
54372,0.16,0.16,0.16
54373,0.188,0.188,0.188
54374,0.154,0.154,0.154
54375,0.188,0.188,0.188
54376,0.17,0.17,0.17
54377,0.174,0.174,0.174
54378,0.17,0.17,0.17
54379,0.162,0.162,0.162
54380,0.158,0.158,0.158
54381,0.156,0.156,0.156
54382,0.164,0.164,0.164
54383,0.16,0.16,0.16
54384,0.164,0.164,0.164
54385,0.112,0.112,0.112
54386,0.154,0.154,0.154
54387,0.154,0.154,0.154
54388,0.154,0.154,0.154
54389,0.158,0.158,0.158
54390,0.156,0.156,0.156
54391,0.156,0.156,0.156
54392,0.16,0.16,0.16
54393,0.138,0.138,0.138
54394,0.15,0.15,0.15
54395,0.154,0.154,0.154
54396,0.162,0.162,0.162
54397,0.172,0.172,0.172
54398,0.17,0.17,0.17
54399,0.19,0.19,0.19
54400,0.23,0.23,0.23
54401,0.274,0.274,0.274
54402,0.246,0.246,0.246
54403,0.24,0.24,0.24
54404,0.276,0.276,0.276
54405,0.308,0.308,0.308
54406,0.248,0.248,0.248
54407,0.264,0.264,0.264
54408,0.262,0.262,0.262
54409,0.304,0.304,0.304
54410,0.302,0.302,0.302
54411,0.29,0.29,0.29
54412,0.246,0.246,0.246
54413,0.248,0.248,0.248
54414,0.244,0.244,0.244
54415,0.222,0.222,0.222
54416,0.228,0.228,0.228
54417,0.234,0.234,0.234
54418,0.238,0.238,0.238
54419,0.246,0.246,0.246
54420,0.242,0.242,0.242
54421,0.248,0.248,0.248
54422,0.238,0.238,0.238
54423,0.25,0.25,0.25
54424,0.248,0.248,0.248
54425,0.248,0.248,0.248
54426,0.278,0.278,0.278
54427,0.268,0.268,0.268
54428,0.274,0.274,0.274
54429,0.272,0.272,0.272
54430,0.276,0.276,0.276
54431,0.28,0.28,0.28
54432,0.288,0.288,0.288
54433,0.302,0.302,0.302
54434,0.298,0.298,0.298
54435,0.31,0.31,0.31
54436,0.312,0.312,0.312
54437,0.358,0.358,0.358
54438,0.342,0.342,0.342
54439,0.338,0.338,0.338
54440,0.338,0.338,0.338
54441,0.344,0.344,0.344
54442,0.342,0.342,0.342
54443,0.33,0.33,0.33
54444,0.332,0.332,0.332
54445,0.342,0.342,0.342
54446,0.336,0.336,0.336
54447,0.382,0.382,0.382
54448,0.368,0.368,0.368
54449,0.35,0.35,0.35
54450,0.376,0.376,0.376
54451,0.406,0.406,0.406
54452,0.39,0.39,0.39
54453,0.39,0.39,0.39
54454,0.372,0.372,0.372
54455,0.368,0.368,0.368
54456,0.38,0.38,0.38
54457,0.368,0.368,0.368
54458,0.372,0.372,0.372
54459,0.358,0.358,0.358
54460,0.366,0.296,0.296
54461,0.372,0.282,0.282
54462,0.382,0.268,0.268
54463,0.388,0.24,0.24
54464,0.39,0.224,0.224
54465,0.382,0.218,0.218
54466,0.386,0.184,0.184
54467,0.416,0.182,0.182
54468,0.406,0.17,0.17
54469,0.406,0.166,0.166
54470,0.404,0.152,0.152
54471,0.404,0.148,0.148
54472,0.402,0.12,0.12
54473,0.404,0.116,0.116
54474,0.426,0.102,0.102
54475,0.422,0.066,0.066
54476,0.418,0.042,0.042
54477,0.418,0.036,0.036
54478,0.412,0.02,0.02
54479,0.414,0.018,0.018
54480,0.398,0.016,0.016
54481,0.388,0.016,0.016
54482,0.39,0.01,0.01
54483,0.378,0.01,0.01
54484,0.374,0.004,0.004
54485,0.384,0.004,0.004
54486,0.446,0.004,0.004
54487,0.432,0.004,0.004
54488,0.442,0,0
54489,0.44,0,0
54490,0.432,0,0
54491,0.436,0,0
54492,0.432,0,0
54493,0.43,0,0
54494,0.43,0,0
54495,0.41,0,0
54496,0.422,0,0
54497,0.43,0,0
54498,0.426,0,0
54499,0.42,0,0
54500,0.434,0,0
54501,0.422,0,0
54502,0.428,0,0
54503,0.44,0,0
54504,0.428,0,0
54505,0.428,0,0
54506,0.418,0,0
54507,0.41,0,0
54508,0.416,0,0
54509,0.402,0,0
54510,0.398,0,0
54511,0.394,0,0
54512,0.396,0,0
54513,0.384,0,0
54514,0.378,0,0
54515,0.37,0,0
54516,0.36,0,0
54517,0.35,0,0
54518,0.35,0,0
54519,0.346,0,0
54520,0.342,0,0
54521,0.336,0,0
54522,0.332,0,0
54523,0.326,0,0
54524,0.314,0,0
54525,0.318,0,0
54526,0.312,0,0
54527,0.294,0,0
54528,0.292,0,0
54529,0.294,0,0
54530,0.288,0,0
54531,0.284,0,0
54532,0.292,0,0
54533,0.306,0,0
54534,0.296,0,0
54535,0.282,0,0
54536,0.268,0,0
54537,0.24,0,0
54538,0.224,0,0
54539,0.218,0,0
54540,0.184,0,0
54541,0.182,0,0
54542,0.17,0,0
54543,0.166,0,0
54544,0.152,0,0
54545,0.148,0,0
54546,0.12,0,0
54547,0.116,0,0
54548,0.102,0,0
54549,0.066,0,0
54550,0.042,0,0
54551,0.036,0,0
54552,0.02,0,0
54553,0.018,0,0
54554,0.016,0,0
54555,0.016,0,0
54556,0.01,0,0
54557,0.01,0,0
54558,0.004,0,0
54559,0.004,0,0
54560,0.004,0,0
54561,0.004,0,0
54562,0,0,0
54563,0,0,0
54564,0,0,0
54565,0,0,0
54566,0,0,0
54567,0,0,0
54568,0,0,0
54569,0,0,0
54570,0,0,0
54571,0,0,0
54572,0,0,0
54573,0,0,0
54574,0,0,0
54575,0,0,0
54576,0,0,0
54577,0,0,0
54578,0,0,0
54579,0,0,0
54580,0,0,0
54581,0,0,0
54582,0,0,0
54583,0,0,0
54584,0,0,0
54585,0,0,0
54586,0,0,0
54587,0,0,0
54588,0,0,0
54589,0,0,0
54590,0,0,0
54591,0,0,0
54592,0,0,0
54593,0,0,0
54594,0,0,0
54595,0,0,0
54596,0,0,0
54597,0,0,0
54598,0,0,0
54599,0,0,0
54600,0,0,0
54601,0,0,0
54602,0,0,0
54603,0,0,0
54604,0,0,0
54605,0,0,0
54606,0,0,0
54607,0,0,0
54608,0,0,0
54609,0,0,0
54610,0,0,0
54611,0,0,0
54612,0.008,0.008,0.008
54613,0,0,0
54614,0,0,0
54615,0,0,0
54616,0,0,0
54617,0,0,0
54618,0,0,0
54619,0,0,0
54620,0,0,0
54621,0,0,0
54622,0,0,0
54623,0,0,0
54624,0,0,0
54625,0,0,0
54626,0,0,0
54627,0,0,0
54628,0,0,0
54629,0,0,0
54630,0,0,0
54631,0,0,0
54632,0,0,0
54633,0,0,0
54634,0,0,0
54635,0,0,0
54636,0,0,0
54637,0,0,0
54638,0,0,0
54639,0,0,0
54640,0,0,0
54641,0,0,0
54642,0.004,0.004,0.004
54643,0,0,0
54644,0,0,0
54645,0,0,0
54646,0,0,0
54647,0,0,0
54648,0,0,0
54649,0,0,0
54650,0,0,0
54651,0,0,0
54652,0,0,0
54653,0,0,0
54654,0.004,0.004,0.004
54655,0.01,0.01,0.01
54656,0.014,0.014,0.014
54657,0.018,0.018,0.018
54658,0.02,0.02,0.02
54659,0.018,0.018,0.018
54660,0.018,0.018,0.018
54661,0.052,0.052,0.052
54662,0.052,0.052,0.052
54663,0.052,0.052,0.052
54664,0.046,0.046,0.046
54665,0.044,0.044,0.044
54666,0.044,0.044,0.044
54667,0.05,0.05,0.05
54668,0.046,0.046,0.046
54669,0.044,0.044,0.044
54670,0.038,0.038,0.038
54671,0.038,0.038,0.038
54672,0.038,0.038,0.038
54673,0.048,0.048,0.048
54674,0.058,0.058,0.058
54675,0.068,0.068,0.068
54676,0.058,0.058,0.058
54677,0.054,0.054,0.054
54678,0.05,0.05,0.05
54679,0.072,0.072,0.072
54680,0.088,0.088,0.088
54681,0.11,0.11,0.11
54682,0.098,0.098,0.098
54683,0.112,0.112,0.112
54684,0.104,0.104,0.104
54685,0.134,0.134,0.134
54686,0.14,0.14,0.14
54687,0.122,0.122,0.122
54688,0.118,0.118,0.118
54689,0.12,0.12,0.12
54690,0.106,0.106,0.106
54691,0.072,0.072,0.072
54692,0.054,0.054,0.054
54693,0.054,0.054,0.054
54694,0.12,0.12,0.12
54695,0.168,0.168,0.168
54696,0.15,0.15,0.15
54697,0.128,0.128,0.128
54698,0.124,0.124,0.124
54699,0.146,0.146,0.146
54700,0.146,0.146,0.146
54701,0.144,0.144,0.144
54702,0.136,0.136,0.136
54703,0.132,0.132,0.132
54704,0.118,0.118,0.118
54705,0.13,0.13,0.13
54706,0.106,0.106,0.106
54707,0.116,0.116,0.116
54708,0.126,0.126,0.126
54709,0.12,0.12,0.12
54710,0.14,0.14,0.14
54711,0.126,0.126,0.126
54712,0.122,0.122,0.122
54713,0.118,0.118,0.118
54714,0.106,0.106,0.106
54715,0.118,0.118,0.118
54716,0.12,0.12,0.12
54717,0.108,0.108,0.108
54718,0.124,0.124,0.124
54719,0.126,0.126,0.126
54720,0.106,0.106,0.106
54721,0.098,0.098,0.098
54722,0.106,0.106,0.106
54723,0.116,0.116,0.116
54724,0.116,0.116,0.116
54725,0.13,0.13,0.13
54726,0.148,0.148,0.148
54727,0.154,0.154,0.154
54728,0.134,0.134,0.134
54729,0.154,0.154,0.154
54730,0.132,0.132,0.132
54731,0.126,0.126,0.126
54732,0.122,0.122,0.122
54733,0.134,0.134,0.134
54734,0.142,0.142,0.142
54735,0.136,0.136,0.136
54736,0.122,0.122,0.122
54737,0.16,0.16,0.16
54738,0.188,0.188,0.188
54739,0.154,0.154,0.154
54740,0.188,0.188,0.188
54741,0.17,0.17,0.17
54742,0.174,0.174,0.174
54743,0.17,0.17,0.17
54744,0.162,0.162,0.162
54745,0.158,0.158,0.158
54746,0.156,0.156,0.156
54747,0.164,0.164,0.164
54748,0.16,0.16,0.16
54749,0.164,0.164,0.164
54750,0.112,0.112,0.112
54751,0.154,0.154,0.154
54752,0.154,0.154,0.154
54753,0.154,0.154,0.154
54754,0.158,0.158,0.158
54755,0.156,0.156,0.156
54756,0.156,0.156,0.156
54757,0.16,0.16,0.16
54758,0.138,0.138,0.138
54759,0.15,0.15,0.15
54760,0.154,0.154,0.154
54761,0.162,0.162,0.162
54762,0.172,0.172,0.172
54763,0.17,0.17,0.17
54764,0.19,0.19,0.19
54765,0.23,0.23,0.23
54766,0.274,0.274,0.274
54767,0.246,0.246,0.246
54768,0.24,0.24,0.24
54769,0.276,0.276,0.276
54770,0.308,0.308,0.308
54771,0.248,0.248,0.248
54772,0.264,0.264,0.264
54773,0.262,0.262,0.262
54774,0.304,0.304,0.304
54775,0.302,0.302,0.302
54776,0.29,0.29,0.29
54777,0.246,0.246,0.246
54778,0.248,0.248,0.248
54779,0.244,0.244,0.244
54780,0.222,0.222,0.222
54781,0.228,0.228,0.228
54782,0.234,0.234,0.234
54783,0.238,0.238,0.238
54784,0.246,0.246,0.246
54785,0.242,0.242,0.242
54786,0.248,0.248,0.248
54787,0.238,0.238,0.238
54788,0.25,0.25,0.25
54789,0.248,0.248,0.248
54790,0.248,0.248,0.248
54791,0.278,0.278,0.278
54792,0.268,0.268,0.268
54793,0.274,0.274,0.274
54794,0.272,0.272,0.272
54795,0.276,0.276,0.276
54796,0.28,0.28,0.28
54797,0.288,0.288,0.288
54798,0.302,0.302,0.302
54799,0.298,0.298,0.298
54800,0.31,0.31,0.31
54801,0.312,0.312,0.312
54802,0.358,0.358,0.358
54803,0.342,0.342,0.342
54804,0.338,0.338,0.338
54805,0.338,0.338,0.338
54806,0.344,0.344,0.344
54807,0.342,0.342,0.342
54808,0.33,0.33,0.33
54809,0.332,0.332,0.332
54810,0.342,0.342,0.342
54811,0.336,0.336,0.336
54812,0.382,0.382,0.382
54813,0.368,0.368,0.368
54814,0.35,0.35,0.35
54815,0.376,0.376,0.376
54816,0.406,0.406,0.406
54817,0.39,0.39,0.39
54818,0.39,0.39,0.39
54819,0.372,0.372,0.372
54820,0.368,0.368,0.368
54821,0.38,0.38,0.38
54822,0.368,0.368,0.368
54823,0.372,0.372,0.372
54824,0.358,0.296,0.296
54825,0.366,0.282,0.282
54826,0.372,0.268,0.268
54827,0.382,0.24,0.24
54828,0.388,0.224,0.224
54829,0.39,0.218,0.218
54830,0.382,0.184,0.184
54831,0.386,0.182,0.182
54832,0.416,0.17,0.17
54833,0.406,0.166,0.166
54834,0.406,0.152,0.152
54835,0.404,0.148,0.148
54836,0.404,0.12,0.12
54837,0.402,0.116,0.116
54838,0.404,0.102,0.102
54839,0.426,0.066,0.066
54840,0.422,0.042,0.042
54841,0.418,0.036,0.036
54842,0.418,0.02,0.02
54843,0.412,0.018,0.018
54844,0.414,0.016,0.016
54845,0.398,0.016,0.016
54846,0.388,0.01,0.01
54847,0.39,0.01,0.01
54848,0.378,0.004,0.004
54849,0.374,0.004,0.004
54850,0.384,0.004,0.004
54851,0.446,0.004,0.004
54852,0.432,0,0
54853,0.442,0,0
54854,0.44,0,0
54855,0.432,0,0
54856,0.436,0,0
54857,0.432,0,0
54858,0.43,0,0
54859,0.43,0,0
54860,0.41,0,0
54861,0.422,0,0
54862,0.43,0,0
54863,0.426,0,0
54864,0.42,0,0
54865,0.434,0,0
54866,0.422,0,0
54867,0.428,0,0
54868,0.44,0,0
54869,0.428,0,0
54870,0.428,0,0
54871,0.418,0,0
54872,0.41,0,0
54873,0.416,0,0
54874,0.402,0,0
54875,0.398,0,0
54876,0.394,0,0
54877,0.396,0,0
54878,0.384,0,0
54879,0.378,0,0
54880,0.37,0,0
54881,0.36,0,0
54882,0.35,0,0
54883,0.35,0,0
54884,0.346,0,0
54885,0.342,0,0
54886,0.336,0,0
54887,0.332,0,0
54888,0.326,0,0
54889,0.314,0,0
54890,0.318,0,0
54891,0.312,0,0
54892,0.294,0,0
54893,0.292,0,0
54894,0.294,0,0
54895,0.288,0,0
54896,0.284,0,0
54897,0.292,0,0
54898,0.306,0,0
54899,0.296,0,0
54900,0.282,0,0
54901,0.268,0,0
54902,0.24,0,0
54903,0.224,0,0
54904,0.218,0,0
54905,0.184,0,0
54906,0.182,0,0
54907,0.17,0,0
54908,0.166,0,0
54909,0.152,0,0
54910,0.148,0,0
54911,0.12,0,0
54912,0.116,0,0
54913,0.102,0,0
54914,0.066,0,0
54915,0.042,0,0
54916,0.036,0,0
54917,0.02,0,0
54918,0.018,0,0
54919,0.016,0,0
54920,0.016,0,0
54921,0.01,0,0
54922,0.01,0,0
54923,0.004,0,0
54924,0.004,0,0
54925,0.004,0,0
54926,0.004,0,0
54927,0,0,0
54928,0,0,0
54929,0,0,0
54930,0,0,0
54931,0,0,0
54932,0,0,0
54933,0,0,0
54934,0,0,0
54935,0,0,0
54936,0,0,0
54937,0,0,0
54938,0,0,0
54939,0,0,0
54940,0,0,0
54941,0,0,0
54942,0,0,0
54943,0,0,0
54944,0,0,0
54945,0,0,0
54946,0,0,0
54947,0,0,0
54948,0,0,0
54949,0,0,0
54950,0,0,0
54951,0,0,0
54952,0,0,0
54953,0,0,0
54954,0,0,0
54955,0,0,0
54956,0,0,0
54957,0,0,0
54958,0,0,0
54959,0,0,0
54960,0,0,0
54961,0,0,0
54962,0,0,0
54963,0,0,0
54964,0,0,0
54965,0,0,0
54966,0,0,0
54967,0,0,0
54968,0,0,0
54969,0,0,0
54970,0,0,0
54971,0,0,0
54972,0,0,0
54973,0,0,0
54974,0,0,0
54975,0,0,0
54976,0,0,0
54977,0.008,0.008,0.008
54978,0,0,0
54979,0,0,0
54980,0,0,0
54981,0,0,0
54982,0,0,0
54983,0,0,0
54984,0,0,0
54985,0,0,0
54986,0,0,0
54987,0,0,0
54988,0,0,0
54989,0,0,0
54990,0,0,0
54991,0,0,0
54992,0,0,0
54993,0,0,0
54994,0,0,0
54995,0,0,0
54996,0,0,0
54997,0,0,0
54998,0,0,0
54999,0,0,0
55000,0,0,0
55001,0,0,0
55002,0,0,0
55003,0,0,0
55004,0,0,0
55005,0,0,0
55006,0,0,0
55007,0.004,0.004,0.004
55008,0,0,0
55009,0,0,0
55010,0,0,0
55011,0,0,0
55012,0,0,0
55013,0,0,0
55014,0,0,0
55015,0,0,0
55016,0,0,0
55017,0,0,0
55018,0,0,0
55019,0.004,0.004,0.004
55020,0.01,0.01,0.01
55021,0.014,0.014,0.014
55022,0.018,0.018,0.018
55023,0.02,0.02,0.02
55024,0.018,0.018,0.018
55025,0.018,0.018,0.018
55026,0.052,0.052,0.052
55027,0.052,0.052,0.052
55028,0.052,0.052,0.052
55029,0.046,0.046,0.046
55030,0.044,0.044,0.044
55031,0.044,0.044,0.044
55032,0.05,0.05,0.05
55033,0.046,0.046,0.046
55034,0.044,0.044,0.044
55035,0.038,0.038,0.038
55036,0.038,0.038,0.038
55037,0.038,0.038,0.038
55038,0.048,0.048,0.048
55039,0.058,0.058,0.058
55040,0.068,0.068,0.068
55041,0.058,0.058,0.058
55042,0.054,0.054,0.054
55043,0.05,0.05,0.05
55044,0.072,0.072,0.072
55045,0.088,0.088,0.088
55046,0.11,0.11,0.11
55047,0.098,0.098,0.098
55048,0.112,0.112,0.112
55049,0.104,0.104,0.104
55050,0.134,0.134,0.134
55051,0.14,0.14,0.14
55052,0.122,0.122,0.122
55053,0.118,0.118,0.118
55054,0.12,0.12,0.12
55055,0.106,0.106,0.106
55056,0.072,0.072,0.072
55057,0.054,0.054,0.054
55058,0.054,0.054,0.054
55059,0.12,0.12,0.12
55060,0.168,0.168,0.168
55061,0.15,0.15,0.15
55062,0.128,0.128,0.128
55063,0.124,0.124,0.124
55064,0.146,0.146,0.146
55065,0.146,0.146,0.146
55066,0.144,0.144,0.144
55067,0.136,0.136,0.136
55068,0.132,0.132,0.132
55069,0.118,0.118,0.118
55070,0.13,0.13,0.13
55071,0.106,0.106,0.106
55072,0.116,0.116,0.116
55073,0.126,0.126,0.126
55074,0.12,0.12,0.12
55075,0.14,0.14,0.14
55076,0.126,0.126,0.126
55077,0.122,0.122,0.122
55078,0.118,0.118,0.118
55079,0.106,0.106,0.106
55080,0.118,0.118,0.118
55081,0.12,0.12,0.12
55082,0.108,0.108,0.108
55083,0.124,0.124,0.124
55084,0.126,0.126,0.126
55085,0.106,0.106,0.106
55086,0.098,0.098,0.098
55087,0.106,0.106,0.106
55088,0.116,0.116,0.116
55089,0.116,0.116,0.116
55090,0.13,0.13,0.13
55091,0.148,0.148,0.148
55092,0.154,0.154,0.154
55093,0.134,0.134,0.134
55094,0.154,0.154,0.154
55095,0.132,0.132,0.132
55096,0.126,0.126,0.126
55097,0.122,0.122,0.122
55098,0.134,0.134,0.134
55099,0.142,0.142,0.142
55100,0.136,0.136,0.136
55101,0.122,0.122,0.122
55102,0.16,0.16,0.16
55103,0.188,0.188,0.188
55104,0.154,0.154,0.154
55105,0.188,0.188,0.188
55106,0.17,0.17,0.17
55107,0.174,0.174,0.174
55108,0.17,0.17,0.17
55109,0.162,0.162,0.162
55110,0.158,0.158,0.158
55111,0.156,0.156,0.156
55112,0.164,0.164,0.164
55113,0.16,0.16,0.16
55114,0.164,0.164,0.164
55115,0.112,0.112,0.112
55116,0.154,0.154,0.154
55117,0.154,0.154,0.154
55118,0.154,0.154,0.154
55119,0.158,0.158,0.158
55120,0.156,0.156,0.156
55121,0.156,0.156,0.156
55122,0.16,0.16,0.16
55123,0.138,0.138,0.138
55124,0.15,0.15,0.15
55125,0.154,0.154,0.154
55126,0.162,0.162,0.162
55127,0.172,0.172,0.172
55128,0.17,0.17,0.17
55129,0.19,0.19,0.19
55130,0.23,0.23,0.23
55131,0.274,0.274,0.274
55132,0.246,0.246,0.246
55133,0.24,0.24,0.24
55134,0.276,0.276,0.276
55135,0.308,0.308,0.308
55136,0.248,0.248,0.248
55137,0.264,0.264,0.264
55138,0.262,0.262,0.262
55139,0.304,0.304,0.304
55140,0.302,0.302,0.302
55141,0.29,0.29,0.29
55142,0.246,0.246,0.246
55143,0.248,0.248,0.248
55144,0.244,0.244,0.244
55145,0.222,0.222,0.222
55146,0.228,0.228,0.228
55147,0.234,0.234,0.234
55148,0.238,0.238,0.238
55149,0.246,0.246,0.246
55150,0.242,0.242,0.242
55151,0.248,0.248,0.248
55152,0.238,0.238,0.238
55153,0.25,0.25,0.25
55154,0.248,0.248,0.248
55155,0.248,0.248,0.248
55156,0.278,0.278,0.278
55157,0.268,0.268,0.268
55158,0.274,0.274,0.274
55159,0.272,0.272,0.272
55160,0.276,0.276,0.276
55161,0.28,0.28,0.28
55162,0.288,0.288,0.288
55163,0.302,0.302,0.302
55164,0.298,0.298,0.298
55165,0.31,0.31,0.31
55166,0.312,0.312,0.312
55167,0.358,0.358,0.358
55168,0.342,0.342,0.342
55169,0.338,0.338,0.338
55170,0.338,0.338,0.338
55171,0.344,0.344,0.344
55172,0.342,0.342,0.342
55173,0.33,0.33,0.33
55174,0.332,0.332,0.332
55175,0.342,0.342,0.342
55176,0.336,0.336,0.336
55177,0.382,0.382,0.382
55178,0.368,0.368,0.368
55179,0.35,0.35,0.35
55180,0.376,0.376,0.376
55181,0.406,0.406,0.406
55182,0.39,0.39,0.39
55183,0.39,0.39,0.39
55184,0.372,0.372,0.372
55185,0.368,0.368,0.368
55186,0.38,0.38,0.38
55187,0.368,0.368,0.368
55188,0.372,0.372,0.372
55189,0.358,0.296,0.296
55190,0.366,0.282,0.282
55191,0.372,0.268,0.268
55192,0.382,0.24,0.24
55193,0.388,0.224,0.224
55194,0.39,0.218,0.218
55195,0.382,0.184,0.184
55196,0.386,0.182,0.182
55197,0.416,0.17,0.17
55198,0.406,0.166,0.166
55199,0.406,0.152,0.152
55200,0.404,0.148,0.148
55201,0.404,0.12,0.12
55202,0.402,0.116,0.116
55203,0.404,0.102,0.102
55204,0.426,0.066,0.066
55205,0.422,0.042,0.042
55206,0.418,0.036,0.036
55207,0.418,0.02,0.02
55208,0.412,0.018,0.018
55209,0.414,0.016,0.016
55210,0.398,0.016,0.016
55211,0.388,0.01,0.01
55212,0.39,0.01,0.01
55213,0.378,0.004,0.004
55214,0.374,0.004,0.004
55215,0.384,0.004,0.004
55216,0.446,0.004,0.004
55217,0.432,0,0
55218,0.442,0,0
55219,0.44,0,0
55220,0.432,0,0
55221,0.436,0,0
55222,0.432,0,0
55223,0.43,0,0
55224,0.43,0,0
55225,0.41,0,0
55226,0.422,0,0
55227,0.43,0,0
55228,0.426,0,0
55229,0.42,0,0
55230,0.434,0,0
55231,0.422,0,0
55232,0.428,0,0
55233,0.44,0,0
55234,0.428,0,0
55235,0.428,0,0
55236,0.418,0,0
55237,0.41,0,0
55238,0.416,0,0
55239,0.402,0,0
55240,0.398,0,0
55241,0.394,0,0
55242,0.396,0,0
55243,0.384,0,0
55244,0.378,0,0
55245,0.37,0,0
55246,0.36,0,0
55247,0.35,0,0
55248,0.35,0,0
55249,0.346,0,0
55250,0.342,0,0
55251,0.336,0,0
55252,0.332,0,0
55253,0.326,0,0
55254,0.314,0,0
55255,0.318,0,0
55256,0.312,0,0
55257,0.294,0,0
55258,0.292,0,0
55259,0.294,0,0
55260,0.288,0,0
55261,0.284,0,0
55262,0.292,0,0
55263,0.306,0,0
55264,0.296,0,0
55265,0.282,0,0
55266,0.268,0,0
55267,0.24,0,0
55268,0.224,0,0
55269,0.218,0,0
55270,0.184,0,0
55271,0.182,0,0
55272,0.17,0,0
55273,0.166,0,0
55274,0.152,0,0
55275,0.148,0,0
55276,0.12,0,0
55277,0.116,0,0
55278,0.102,0,0
55279,0.066,0,0
55280,0.042,0,0
55281,0.036,0,0
55282,0.02,0,0
55283,0.018,0,0
55284,0.016,0,0
55285,0.016,0,0
55286,0.01,0,0
55287,0.01,0,0
55288,0.004,0,0
55289,0.004,0,0
55290,0.004,0,0
55291,0.004,0,0
55292,0,0,0
55293,0,0,0
55294,0,0,0
55295,0,0,0
55296,0,0,0
55297,0,0,0
55298,0,0,0
55299,0,0,0
55300,0,0,0
55301,0,0,0
55302,0,0,0
55303,0,0,0
55304,0,0,0
55305,0,0,0
55306,0,0,0
55307,0,0,0
55308,0,0,0
55309,0,0,0
55310,0,0,0
55311,0,0,0
55312,0,0,0
55313,0,0,0
55314,0,0,0
55315,0,0,0
55316,0,0,0
55317,0,0,0
55318,0,0,0
55319,0,0,0
55320,0,0,0
55321,0,0,0
55322,0,0,0
55323,0,0,0
55324,0,0,0
55325,0,0,0
55326,0,0,0
55327,0,0,0
55328,0,0,0
55329,0,0,0
55330,0,0,0
55331,0,0,0
55332,0,0,0
55333,0,0,0
55334,0,0,0
55335,0,0,0
55336,0,0,0
55337,0,0,0
55338,0,0,0
55339,0,0,0
55340,0,0,0
55341,0,0,0
55342,0.008,0.008,0.008
55343,0,0,0
55344,0,0,0
55345,0,0,0
55346,0,0,0
55347,0,0,0
55348,0,0,0
55349,0,0,0
55350,0,0,0
55351,0,0,0
55352,0,0,0
55353,0,0,0
55354,0,0,0
55355,0,0,0
55356,0,0,0
55357,0,0,0
55358,0,0,0
55359,0,0,0
55360,0,0,0
55361,0,0,0
55362,0,0,0
55363,0,0,0
55364,0,0,0
55365,0,0,0
55366,0,0,0
55367,0,0,0
55368,0,0,0
55369,0,0,0
55370,0,0,0
55371,0,0,0
55372,0.004,0.004,0.004
55373,0,0,0
55374,0,0,0
55375,0,0,0
55376,0,0,0
55377,0,0,0
55378,0,0,0
55379,0,0,0
55380,0,0,0
55381,0,0,0
55382,0,0,0
55383,0,0,0
55384,0.004,0.004,0.004
55385,0.01,0.01,0.01
55386,0.014,0.014,0.014
55387,0.018,0.018,0.018
55388,0.02,0.02,0.02
55389,0.018,0.018,0.018
55390,0.018,0.018,0.018
55391,0.052,0.052,0.052
55392,0.052,0.052,0.052
55393,0.052,0.052,0.052
55394,0.046,0.046,0.046
55395,0.044,0.044,0.044
55396,0.044,0.044,0.044
55397,0.05,0.05,0.05
55398,0.046,0.046,0.046
55399,0.044,0.044,0.044
55400,0.038,0.038,0.038
55401,0.038,0.038,0.038
55402,0.038,0.038,0.038
55403,0.048,0.048,0.048
55404,0.058,0.058,0.058
55405,0.068,0.068,0.068
55406,0.058,0.058,0.058
55407,0.054,0.054,0.054
55408,0.05,0.05,0.05
55409,0.072,0.072,0.072
55410,0.088,0.088,0.088
55411,0.11,0.11,0.11
55412,0.098,0.098,0.098
55413,0.112,0.112,0.112
55414,0.104,0.104,0.104
55415,0.134,0.134,0.134
55416,0.14,0.14,0.14
55417,0.122,0.122,0.122
55418,0.118,0.118,0.118
55419,0.12,0.12,0.12
55420,0.106,0.106,0.106
55421,0.072,0.072,0.072
55422,0.054,0.054,0.054
55423,0.054,0.054,0.054
55424,0.12,0.12,0.12
55425,0.168,0.168,0.168
55426,0.15,0.15,0.15
55427,0.128,0.128,0.128
55428,0.124,0.124,0.124
55429,0.146,0.146,0.146
55430,0.146,0.146,0.146
55431,0.144,0.144,0.144
55432,0.136,0.136,0.136
55433,0.132,0.132,0.132
55434,0.118,0.118,0.118
55435,0.13,0.13,0.13
55436,0.106,0.106,0.106
55437,0.116,0.116,0.116
55438,0.126,0.126,0.126
55439,0.12,0.12,0.12
55440,0.14,0.14,0.14
55441,0.126,0.126,0.126
55442,0.122,0.122,0.122
55443,0.118,0.118,0.118
55444,0.106,0.106,0.106
55445,0.118,0.118,0.118
55446,0.12,0.12,0.12
55447,0.108,0.108,0.108
55448,0.124,0.124,0.124
55449,0.126,0.126,0.126
55450,0.106,0.106,0.106
55451,0.098,0.098,0.098
55452,0.106,0.106,0.106
55453,0.116,0.116,0.116
55454,0.116,0.116,0.116
55455,0.13,0.13,0.13
55456,0.148,0.148,0.148
55457,0.154,0.154,0.154
55458,0.134,0.134,0.134
55459,0.154,0.154,0.154
55460,0.132,0.132,0.132
55461,0.126,0.126,0.126
55462,0.122,0.122,0.122
55463,0.134,0.134,0.134
55464,0.142,0.142,0.142
55465,0.136,0.136,0.136
55466,0.122,0.122,0.122
55467,0.16,0.16,0.16
55468,0.188,0.188,0.188
55469,0.154,0.154,0.154
55470,0.188,0.188,0.188
55471,0.17,0.17,0.17
55472,0.174,0.174,0.174
55473,0.17,0.17,0.17
55474,0.162,0.162,0.162
55475,0.158,0.158,0.158
55476,0.156,0.156,0.156
55477,0.164,0.164,0.164
55478,0.16,0.16,0.16
55479,0.164,0.164,0.164
55480,0.112,0.112,0.112
55481,0.154,0.154,0.154
55482,0.154,0.154,0.154
55483,0.154,0.154,0.154
55484,0.158,0.158,0.158
55485,0.156,0.156,0.156
55486,0.156,0.156,0.156
55487,0.16,0.16,0.16
55488,0.138,0.138,0.138
55489,0.15,0.15,0.15
55490,0.154,0.154,0.154
55491,0.162,0.162,0.162
55492,0.172,0.172,0.172
55493,0.17,0.17,0.17
55494,0.19,0.19,0.19
55495,0.23,0.23,0.23
55496,0.274,0.274,0.274
55497,0.246,0.246,0.246
55498,0.24,0.24,0.24
55499,0.276,0.276,0.276
55500,0.308,0.308,0.308
55501,0.248,0.248,0.248
55502,0.264,0.264,0.264
55503,0.262,0.262,0.262
55504,0.304,0.304,0.304
55505,0.302,0.302,0.302
55506,0.29,0.29,0.29
55507,0.246,0.246,0.246
55508,0.248,0.248,0.248
55509,0.244,0.244,0.244
55510,0.222,0.222,0.222
55511,0.228,0.228,0.228
55512,0.234,0.234,0.234
55513,0.238,0.238,0.238
55514,0.246,0.246,0.246
55515,0.242,0.242,0.242
55516,0.248,0.248,0.248
55517,0.238,0.238,0.238
55518,0.25,0.25,0.25
55519,0.248,0.248,0.248
55520,0.248,0.248,0.248
55521,0.278,0.278,0.278
55522,0.268,0.268,0.268
55523,0.274,0.274,0.274
55524,0.272,0.272,0.272
55525,0.276,0.276,0.276
55526,0.28,0.28,0.28
55527,0.288,0.288,0.288
55528,0.302,0.302,0.302
55529,0.298,0.298,0.298
55530,0.31,0.31,0.31
55531,0.312,0.312,0.312
55532,0.358,0.358,0.358
55533,0.342,0.342,0.342
55534,0.338,0.338,0.338
55535,0.338,0.338,0.338
55536,0.344,0.344,0.344
55537,0.342,0.342,0.342
55538,0.33,0.33,0.33
55539,0.332,0.332,0.332
55540,0.342,0.342,0.342
55541,0.336,0.336,0.336
55542,0.382,0.382,0.382
55543,0.368,0.368,0.368
55544,0.35,0.35,0.35
55545,0.376,0.376,0.376
55546,0.406,0.406,0.406
55547,0.39,0.39,0.39
55548,0.39,0.39,0.39
55549,0.372,0.372,0.372
55550,0.368,0.368,0.368
55551,0.38,0.38,0.38
55552,0.368,0.368,0.368
55553,0.372,0.296,0.296
55554,0.358,0.282,0.282
55555,0.366,0.268,0.268
55556,0.372,0.24,0.24
55557,0.382,0.224,0.224
55558,0.388,0.218,0.218
55559,0.39,0.184,0.184
55560,0.382,0.182,0.182
55561,0.386,0.17,0.17
55562,0.416,0.166,0.166
55563,0.406,0.152,0.152
55564,0.406,0.148,0.148
55565,0.404,0.12,0.12
55566,0.404,0.116,0.116
55567,0.402,0.102,0.102
55568,0.404,0.066,0.066
55569,0.426,0.042,0.042
55570,0.422,0.036,0.036
55571,0.418,0.02,0.02
55572,0.418,0.018,0.018
55573,0.412,0.016,0.016
55574,0.414,0.016,0.016
55575,0.398,0.01,0.01
55576,0.388,0.01,0.01
55577,0.39,0.004,0.004
55578,0.378,0.004,0.004
55579,0.374,0.004,0.004
55580,0.384,0.004,0.004
55581,0.446,0,0
55582,0.432,0,0
55583,0.442,0,0
55584,0.44,0,0
55585,0.432,0,0
55586,0.436,0,0
55587,0.432,0,0
55588,0.43,0,0
55589,0.43,0,0
55590,0.41,0,0
55591,0.422,0,0
55592,0.43,0,0
55593,0.426,0,0
55594,0.42,0,0
55595,0.434,0,0
55596,0.422,0,0
55597,0.428,0,0
55598,0.44,0,0
55599,0.428,0,0
55600,0.428,0,0
55601,0.418,0,0
55602,0.41,0,0
55603,0.416,0,0
55604,0.402,0,0
55605,0.398,0,0
55606,0.394,0,0
55607,0.396,0,0
55608,0.384,0,0
55609,0.378,0,0
55610,0.37,0,0
55611,0.36,0,0
55612,0.35,0,0
55613,0.35,0,0
55614,0.346,0,0
55615,0.342,0,0
55616,0.336,0,0
55617,0.332,0,0
55618,0.326,0,0
55619,0.314,0,0
55620,0.318,0,0
55621,0.312,0,0
55622,0.294,0,0
55623,0.292,0,0
55624,0.294,0,0
55625,0.288,0,0
55626,0.284,0,0
55627,0.292,0,0
55628,0.306,0,0
55629,0.296,0,0
55630,0.282,0,0
55631,0.268,0,0
55632,0.24,0,0
55633,0.224,0,0
55634,0.218,0,0
55635,0.184,0,0
55636,0.182,0,0
55637,0.17,0,0
55638,0.166,0,0
55639,0.152,0,0
55640,0.148,0,0
55641,0.12,0,0
55642,0.116,0,0
55643,0.102,0,0
55644,0.066,0,0
55645,0.042,0,0
55646,0.036,0,0
55647,0.02,0,0
55648,0.018,0,0
55649,0.016,0,0
55650,0.016,0,0
55651,0.01,0,0
55652,0.01,0,0
55653,0.004,0,0
55654,0.004,0,0
55655,0.004,0,0
55656,0.004,0,0
55657,0,0,0
55658,0,0,0
55659,0,0,0
55660,0,0,0
55661,0,0,0
55662,0,0,0
55663,0,0,0
55664,0,0,0
55665,0,0,0
55666,0,0,0
55667,0,0,0
55668,0,0,0
55669,0,0,0
55670,0,0,0
55671,0,0,0
55672,0,0,0
55673,0,0,0
55674,0,0,0
55675,0,0,0
55676,0,0,0
55677,0,0,0
55678,0,0,0
55679,0,0,0
55680,0,0,0
55681,0,0,0
55682,0,0,0
55683,0,0,0
55684,0,0,0
55685,0,0,0
55686,0,0,0
55687,0,0,0
55688,0,0,0
55689,0,0,0
55690,0,0,0
55691,0,0,0
55692,0,0,0
55693,0,0,0
55694,0,0,0
55695,0,0,0
55696,0,0,0
55697,0,0,0
55698,0,0,0
55699,0,0,0
55700,0,0,0
55701,0,0,0
55702,0,0,0
55703,0,0,0
55704,0,0,0
55705,0,0,0
55706,0,0,0
55707,0.008,0.008,0.008
55708,0,0,0
55709,0,0,0
55710,0,0,0
55711,0,0,0
55712,0,0,0
55713,0,0,0
55714,0,0,0
55715,0,0,0
55716,0,0,0
55717,0,0,0
55718,0,0,0
55719,0,0,0
55720,0,0,0
55721,0,0,0
55722,0,0,0
55723,0,0,0
55724,0,0,0
55725,0,0,0
55726,0,0,0
55727,0,0,0
55728,0,0,0
55729,0,0,0
55730,0,0,0
55731,0,0,0
55732,0,0,0
55733,0,0,0
55734,0,0,0
55735,0,0,0
55736,0,0,0
55737,0.004,0.004,0.004
55738,0,0,0
55739,0,0,0
55740,0,0,0
55741,0,0,0
55742,0,0,0
55743,0,0,0
55744,0,0,0
55745,0,0,0
55746,0,0,0
55747,0,0,0
55748,0,0,0
55749,0.004,0.004,0.004
55750,0.01,0.01,0.01
55751,0.014,0.014,0.014
55752,0.018,0.018,0.018
55753,0.02,0.02,0.02
55754,0.018,0.018,0.018
55755,0.018,0.018,0.018
55756,0.052,0.052,0.052
55757,0.052,0.052,0.052
55758,0.052,0.052,0.052
55759,0.046,0.046,0.046
55760,0.044,0.044,0.044
55761,0.044,0.044,0.044
55762,0.05,0.05,0.05
55763,0.046,0.046,0.046
55764,0.044,0.044,0.044
55765,0.038,0.038,0.038
55766,0.038,0.038,0.038
55767,0.038,0.038,0.038
55768,0.048,0.048,0.048
55769,0.058,0.058,0.058
55770,0.068,0.068,0.068
55771,0.058,0.058,0.058
55772,0.054,0.054,0.054
55773,0.05,0.05,0.05
55774,0.072,0.072,0.072
55775,0.088,0.088,0.088
55776,0.11,0.11,0.11
55777,0.098,0.098,0.098
55778,0.112,0.112,0.112
55779,0.104,0.104,0.104
55780,0.134,0.134,0.134
55781,0.14,0.14,0.14
55782,0.122,0.122,0.122
55783,0.118,0.118,0.118
55784,0.12,0.12,0.12
55785,0.106,0.106,0.106
55786,0.072,0.072,0.072
55787,0.054,0.054,0.054
55788,0.054,0.054,0.054
55789,0.12,0.12,0.12
55790,0.168,0.168,0.168
55791,0.15,0.15,0.15
55792,0.128,0.128,0.128
55793,0.124,0.124,0.124
55794,0.146,0.146,0.146
55795,0.146,0.146,0.146
55796,0.144,0.144,0.144
55797,0.136,0.136,0.136
55798,0.132,0.132,0.132
55799,0.118,0.118,0.118
55800,0.13,0.13,0.13
55801,0.106,0.106,0.106
55802,0.116,0.116,0.116
55803,0.126,0.126,0.126
55804,0.12,0.12,0.12
55805,0.14,0.14,0.14
55806,0.126,0.126,0.126
55807,0.122,0.122,0.122
55808,0.118,0.118,0.118
55809,0.106,0.106,0.106
55810,0.118,0.118,0.118
55811,0.12,0.12,0.12
55812,0.108,0.108,0.108
55813,0.124,0.124,0.124
55814,0.126,0.126,0.126
55815,0.106,0.106,0.106
55816,0.098,0.098,0.098
55817,0.106,0.106,0.106
55818,0.116,0.116,0.116
55819,0.116,0.116,0.116
55820,0.13,0.13,0.13
55821,0.148,0.148,0.148
55822,0.154,0.154,0.154
55823,0.134,0.134,0.134
55824,0.154,0.154,0.154
55825,0.132,0.132,0.132
55826,0.126,0.126,0.126
55827,0.122,0.122,0.122
55828,0.134,0.134,0.134
55829,0.142,0.142,0.142
55830,0.136,0.136,0.136
55831,0.122,0.122,0.122
55832,0.16,0.16,0.16
55833,0.188,0.188,0.188
55834,0.154,0.154,0.154
55835,0.188,0.188,0.188
55836,0.17,0.17,0.17
55837,0.174,0.174,0.174
55838,0.17,0.17,0.17
55839,0.162,0.162,0.162
55840,0.158,0.158,0.158
55841,0.156,0.156,0.156
55842,0.164,0.164,0.164
55843,0.16,0.16,0.16
55844,0.164,0.164,0.164
55845,0.112,0.112,0.112
55846,0.154,0.154,0.154
55847,0.154,0.154,0.154
55848,0.154,0.154,0.154
55849,0.158,0.158,0.158
55850,0.156,0.156,0.156
55851,0.156,0.156,0.156
55852,0.16,0.16,0.16
55853,0.138,0.138,0.138
55854,0.15,0.15,0.15
55855,0.154,0.154,0.154
55856,0.162,0.162,0.162
55857,0.172,0.172,0.172
55858,0.17,0.17,0.17
55859,0.19,0.19,0.19
55860,0.23,0.23,0.23
55861,0.274,0.274,0.274
55862,0.246,0.246,0.246
55863,0.24,0.24,0.24
55864,0.276,0.276,0.276
55865,0.308,0.308,0.308
55866,0.248,0.248,0.248
55867,0.264,0.264,0.264
55868,0.262,0.262,0.262
55869,0.304,0.304,0.304
55870,0.302,0.302,0.302
55871,0.29,0.29,0.29
55872,0.246,0.246,0.246
55873,0.248,0.248,0.248
55874,0.244,0.244,0.244
55875,0.222,0.222,0.222
55876,0.228,0.228,0.228
55877,0.234,0.234,0.234
55878,0.238,0.238,0.238
55879,0.246,0.246,0.246
55880,0.242,0.242,0.242
55881,0.248,0.248,0.248
55882,0.238,0.238,0.238
55883,0.25,0.25,0.25
55884,0.248,0.248,0.248
55885,0.248,0.248,0.248
55886,0.278,0.278,0.278
55887,0.268,0.268,0.268
55888,0.274,0.274,0.274
55889,0.272,0.272,0.272
55890,0.276,0.276,0.276
55891,0.28,0.28,0.28
55892,0.288,0.288,0.288
55893,0.302,0.302,0.302
55894,0.298,0.298,0.298
55895,0.31,0.31,0.31
55896,0.312,0.312,0.312
55897,0.358,0.358,0.358
55898,0.342,0.342,0.342
55899,0.338,0.338,0.338
55900,0.338,0.338,0.338
55901,0.344,0.344,0.344
55902,0.342,0.342,0.342
55903,0.33,0.33,0.33
55904,0.332,0.332,0.332
55905,0.342,0.342,0.342
55906,0.336,0.336,0.336
55907,0.382,0.382,0.382
55908,0.368,0.368,0.368
55909,0.35,0.35,0.35
55910,0.376,0.376,0.376
55911,0.406,0.406,0.406
55912,0.39,0.39,0.39
55913,0.39,0.39,0.39
55914,0.372,0.372,0.372
55915,0.368,0.368,0.368
55916,0.38,0.38,0.38
55917,0.368,0.368,0.368
55918,0.372,0.296,0.296
55919,0.358,0.282,0.282
55920,0.366,0.268,0.268
55921,0.372,0.24,0.24
55922,0.382,0.224,0.224
55923,0.388,0.218,0.218
55924,0.39,0.184,0.184
55925,0.382,0.182,0.182
55926,0.386,0.17,0.17
55927,0.416,0.166,0.166
55928,0.406,0.152,0.152
55929,0.406,0.148,0.148
55930,0.404,0.12,0.12
55931,0.404,0.116,0.116
55932,0.402,0.102,0.102
55933,0.404,0.066,0.066
55934,0.426,0.042,0.042
55935,0.422,0.036,0.036
55936,0.418,0.02,0.02
55937,0.418,0.018,0.018
55938,0.412,0.016,0.016
55939,0.414,0.016,0.016
55940,0.398,0.01,0.01
55941,0.388,0.01,0.01
55942,0.39,0.004,0.004
55943,0.378,0.004,0.004
55944,0.374,0.004,0.004
55945,0.384,0.004,0.004
55946,0.446,0,0
55947,0.432,0,0
55948,0.442,0,0
55949,0.44,0,0
55950,0.432,0,0
55951,0.436,0,0
55952,0.432,0,0
55953,0.43,0,0
55954,0.43,0,0
55955,0.41,0,0
55956,0.422,0,0
55957,0.43,0,0
55958,0.426,0,0
55959,0.42,0,0
55960,0.434,0,0
55961,0.422,0,0
55962,0.428,0,0
55963,0.44,0,0
55964,0.428,0,0
55965,0.428,0,0
55966,0.418,0,0
55967,0.41,0,0
55968,0.416,0,0
55969,0.402,0,0
55970,0.398,0,0
55971,0.394,0,0
55972,0.396,0,0
55973,0.384,0,0
55974,0.378,0,0
55975,0.37,0,0
55976,0.36,0,0
55977,0.35,0,0
55978,0.35,0,0
55979,0.346,0,0
55980,0.342,0,0
55981,0.336,0,0
55982,0.332,0,0
55983,0.326,0,0
55984,0.314,0,0
55985,0.318,0,0
55986,0.312,0,0
55987,0.294,0,0
55988,0.292,0,0
55989,0.294,0,0
55990,0.288,0,0
55991,0.284,0,0
55992,0.292,0,0
55993,0.306,0,0
55994,0.296,0,0
55995,0.282,0,0
55996,0.268,0,0
55997,0.24,0,0
55998,0.224,0,0
55999,0.218,0,0
56000,0.184,0,0
56001,0.182,0,0
56002,0.17,0,0
56003,0.166,0,0
56004,0.152,0,0
56005,0.148,0,0
56006,0.12,0,0
56007,0.116,0,0
56008,0.102,0,0
56009,0.066,0,0
56010,0.042,0,0
56011,0.036,0,0
56012,0.02,0,0
56013,0.018,0,0
56014,0.016,0,0
56015,0.016,0,0
56016,0.01,0,0
56017,0.01,0,0
56018,0.004,0,0
56019,0.004,0,0
56020,0.004,0,0
56021,0.004,0,0
56022,0,0,0
56023,0,0,0
56024,0,0,0
56025,0,0,0
56026,0,0,0
56027,0,0,0
56028,0,0,0
56029,0,0,0
56030,0,0,0
56031,0,0,0
56032,0,0,0
56033,0,0,0
56034,0,0,0
56035,0,0,0
56036,0,0,0
56037,0,0,0
56038,0,0,0
56039,0,0,0
56040,0,0,0
56041,0,0,0
56042,0,0,0
56043,0,0,0
56044,0,0,0
56045,0,0,0
56046,0,0,0
56047,0,0,0
56048,0,0,0
56049,0,0,0
56050,0,0,0
56051,0,0,0
56052,0,0,0
56053,0,0,0
56054,0,0,0
56055,0,0,0
56056,0,0,0
56057,0,0,0
56058,0,0,0
56059,0,0,0
56060,0,0,0
56061,0,0,0
56062,0,0,0
56063,0,0,0
56064,0,0,0
56065,0,0,0
56066,0,0,0
56067,0,0,0
56068,0,0,0
56069,0,0,0
56070,0,0,0
56071,0,0,0
56072,0.008,0.008,0.008
56073,0,0,0
56074,0,0,0
56075,0,0,0
56076,0,0,0
56077,0,0,0
56078,0,0,0
56079,0,0,0
56080,0,0,0
56081,0,0,0
56082,0,0,0
56083,0,0,0
56084,0,0,0
56085,0,0,0
56086,0,0,0
56087,0,0,0
56088,0,0,0
56089,0,0,0
56090,0,0,0
56091,0,0,0
56092,0,0,0
56093,0,0,0
56094,0,0,0
56095,0,0,0
56096,0,0,0
56097,0,0,0
56098,0,0,0
56099,0,0,0
56100,0,0,0
56101,0,0,0
56102,0.004,0.004,0.004
56103,0,0,0
56104,0,0,0
56105,0,0,0
56106,0,0,0
56107,0,0,0
56108,0,0,0
56109,0,0,0
56110,0,0,0
56111,0,0,0
56112,0,0,0
56113,0,0,0
56114,0.004,0.004,0.004
56115,0.01,0.01,0.01
56116,0.014,0.014,0.014
56117,0.018,0.018,0.018
56118,0.02,0.02,0.02
56119,0.018,0.018,0.018
56120,0.018,0.018,0.018
56121,0.052,0.052,0.052
56122,0.052,0.052,0.052
56123,0.052,0.052,0.052
56124,0.046,0.046,0.046
56125,0.044,0.044,0.044
56126,0.044,0.044,0.044
56127,0.05,0.05,0.05
56128,0.046,0.046,0.046
56129,0.044,0.044,0.044
56130,0.038,0.038,0.038
56131,0.038,0.038,0.038
56132,0.038,0.038,0.038
56133,0.048,0.048,0.048
56134,0.058,0.058,0.058
56135,0.068,0.068,0.068
56136,0.058,0.058,0.058
56137,0.054,0.054,0.054
56138,0.05,0.05,0.05
56139,0.072,0.072,0.072
56140,0.088,0.088,0.088
56141,0.11,0.11,0.11
56142,0.098,0.098,0.098
56143,0.112,0.112,0.112
56144,0.104,0.104,0.104
56145,0.134,0.134,0.134
56146,0.14,0.14,0.14
56147,0.122,0.122,0.122
56148,0.118,0.118,0.118
56149,0.12,0.12,0.12
56150,0.106,0.106,0.106
56151,0.072,0.072,0.072
56152,0.054,0.054,0.054
56153,0.054,0.054,0.054
56154,0.12,0.12,0.12
56155,0.168,0.168,0.168
56156,0.15,0.15,0.15
56157,0.128,0.128,0.128
56158,0.124,0.124,0.124
56159,0.146,0.146,0.146
56160,0.146,0.146,0.146
56161,0.144,0.144,0.144
56162,0.136,0.136,0.136
56163,0.132,0.132,0.132
56164,0.118,0.118,0.118
56165,0.13,0.13,0.13
56166,0.106,0.106,0.106
56167,0.116,0.116,0.116
56168,0.126,0.126,0.126
56169,0.12,0.12,0.12
56170,0.14,0.14,0.14
56171,0.126,0.126,0.126
56172,0.122,0.122,0.122
56173,0.118,0.118,0.118
56174,0.106,0.106,0.106
56175,0.118,0.118,0.118
56176,0.12,0.12,0.12
56177,0.108,0.108,0.108
56178,0.124,0.124,0.124
56179,0.126,0.126,0.126
56180,0.106,0.106,0.106
56181,0.098,0.098,0.098
56182,0.106,0.106,0.106
56183,0.116,0.116,0.116
56184,0.116,0.116,0.116
56185,0.13,0.13,0.13
56186,0.148,0.148,0.148
56187,0.154,0.154,0.154
56188,0.134,0.134,0.134
56189,0.154,0.154,0.154
56190,0.132,0.132,0.132
56191,0.126,0.126,0.126
56192,0.122,0.122,0.122
56193,0.134,0.134,0.134
56194,0.142,0.142,0.142
56195,0.136,0.136,0.136
56196,0.122,0.122,0.122
56197,0.16,0.16,0.16
56198,0.188,0.188,0.188
56199,0.154,0.154,0.154
56200,0.188,0.188,0.188
56201,0.17,0.17,0.17
56202,0.174,0.174,0.174
56203,0.17,0.17,0.17
56204,0.162,0.162,0.162
56205,0.158,0.158,0.158
56206,0.156,0.156,0.156
56207,0.164,0.164,0.164
56208,0.16,0.16,0.16
56209,0.164,0.164,0.164
56210,0.112,0.112,0.112
56211,0.154,0.154,0.154
56212,0.154,0.154,0.154
56213,0.154,0.154,0.154
56214,0.158,0.158,0.158
56215,0.156,0.156,0.156
56216,0.156,0.156,0.156
56217,0.16,0.16,0.16
56218,0.138,0.138,0.138
56219,0.15,0.15,0.15
56220,0.154,0.154,0.154
56221,0.162,0.162,0.162
56222,0.172,0.172,0.172
56223,0.17,0.17,0.17
56224,0.19,0.19,0.19
56225,0.23,0.23,0.23
56226,0.274,0.274,0.274
56227,0.246,0.246,0.246
56228,0.24,0.24,0.24
56229,0.276,0.276,0.276
56230,0.308,0.308,0.308
56231,0.248,0.248,0.248
56232,0.264,0.264,0.264
56233,0.262,0.262,0.262
56234,0.304,0.304,0.304
56235,0.302,0.302,0.302
56236,0.29,0.29,0.29
56237,0.246,0.246,0.246
56238,0.248,0.248,0.248
56239,0.244,0.244,0.244
56240,0.222,0.222,0.222
56241,0.228,0.228,0.228
56242,0.234,0.234,0.234
56243,0.238,0.238,0.238
56244,0.246,0.246,0.246
56245,0.242,0.242,0.242
56246,0.248,0.248,0.248
56247,0.238,0.238,0.238
56248,0.25,0.25,0.25
56249,0.248,0.248,0.248
56250,0.248,0.248,0.248
56251,0.278,0.278,0.278
56252,0.268,0.268,0.268
56253,0.274,0.274,0.274
56254,0.272,0.272,0.272
56255,0.276,0.276,0.276
56256,0.28,0.28,0.28
56257,0.288,0.288,0.288
56258,0.302,0.302,0.302
56259,0.298,0.298,0.298
56260,0.31,0.31,0.31
56261,0.312,0.312,0.312
56262,0.358,0.358,0.358
56263,0.342,0.342,0.342
56264,0.338,0.338,0.338
56265,0.338,0.338,0.338
56266,0.344,0.344,0.344
56267,0.342,0.342,0.342
56268,0.33,0.33,0.33
56269,0.332,0.332,0.332
56270,0.342,0.342,0.342
56271,0.336,0.336,0.336
56272,0.382,0.382,0.382
56273,0.368,0.368,0.368
56274,0.35,0.35,0.35
56275,0.376,0.376,0.376
56276,0.406,0.406,0.406
56277,0.39,0.39,0.39
56278,0.39,0.39,0.39
56279,0.372,0.372,0.372
56280,0.368,0.368,0.368
56281,0.38,0.38,0.38
56282,0.368,0.296,0.296
56283,0.372,0.282,0.282
56284,0.358,0.268,0.268
56285,0.366,0.24,0.24
56286,0.372,0.224,0.224
56287,0.382,0.218,0.218
56288,0.388,0.184,0.184
56289,0.39,0.182,0.182
56290,0.382,0.17,0.17
56291,0.386,0.166,0.166
56292,0.416,0.152,0.152
56293,0.406,0.148,0.148
56294,0.406,0.12,0.12
56295,0.404,0.116,0.116
56296,0.404,0.102,0.102
56297,0.402,0.066,0.066
56298,0.404,0.042,0.042
56299,0.426,0.036,0.036
56300,0.422,0.02,0.02
56301,0.418,0.018,0.018
56302,0.418,0.016,0.016
56303,0.412,0.016,0.016
56304,0.414,0.01,0.01
56305,0.398,0.01,0.01
56306,0.388,0.004,0.004
56307,0.39,0.004,0.004
56308,0.378,0.004,0.004
56309,0.374,0.004,0.004
56310,0.384,0,0
56311,0.446,0,0
56312,0.432,0,0
56313,0.442,0,0
56314,0.44,0,0
56315,0.432,0,0
56316,0.436,0,0
56317,0.432,0,0
56318,0.43,0,0
56319,0.43,0,0
56320,0.41,0,0
56321,0.422,0,0
56322,0.43,0,0
56323,0.426,0,0
56324,0.42,0,0
56325,0.434,0,0
56326,0.422,0,0
56327,0.428,0,0
56328,0.44,0,0
56329,0.428,0,0
56330,0.428,0,0
56331,0.418,0,0
56332,0.41,0,0
56333,0.416,0,0
56334,0.402,0,0
56335,0.398,0,0
56336,0.394,0,0
56337,0.396,0,0
56338,0.384,0,0
56339,0.378,0,0
56340,0.37,0,0
56341,0.36,0,0
56342,0.35,0,0
56343,0.35,0,0
56344,0.346,0,0
56345,0.342,0,0
56346,0.336,0,0
56347,0.332,0,0
56348,0.326,0,0
56349,0.314,0,0
56350,0.318,0,0
56351,0.312,0,0
56352,0.294,0,0
56353,0.292,0,0
56354,0.294,0,0
56355,0.288,0,0
56356,0.284,0,0
56357,0.292,0,0
56358,0.306,0,0
56359,0.296,0,0
56360,0.282,0,0
56361,0.268,0,0
56362,0.24,0,0
56363,0.224,0,0
56364,0.218,0,0
56365,0.184,0,0
56366,0.182,0,0
56367,0.17,0,0
56368,0.166,0,0
56369,0.152,0,0
56370,0.148,0,0
56371,0.12,0,0
56372,0.116,0,0
56373,0.102,0,0
56374,0.066,0,0
56375,0.042,0,0
56376,0.036,0,0
56377,0.02,0,0
56378,0.018,0,0
56379,0.016,0,0
56380,0.016,0,0
56381,0.01,0,0
56382,0.01,0,0
56383,0.004,0,0
56384,0.004,0,0
56385,0.004,0,0
56386,0.004,0,0
56387,0,0,0
56388,0,0,0
56389,0,0,0
56390,0,0,0
56391,0,0,0
56392,0,0,0
56393,0,0,0
56394,0,0,0
56395,0,0,0
56396,0,0,0
56397,0,0,0
56398,0,0,0
56399,0,0,0
56400,0,0,0
56401,0,0,0
56402,0,0,0
56403,0,0,0
56404,0,0,0
56405,0,0,0
56406,0,0,0
56407,0,0,0
56408,0,0,0
56409,0,0,0
56410,0,0,0
56411,0,0,0
56412,0,0,0
56413,0,0,0
56414,0,0,0
56415,0,0,0
56416,0,0,0
56417,0,0,0
56418,0,0,0
56419,0,0,0
56420,0,0,0
56421,0,0,0
56422,0,0,0
56423,0,0,0
56424,0,0,0
56425,0,0,0
56426,0,0,0
56427,0,0,0
56428,0,0,0
56429,0,0,0
56430,0,0,0
56431,0,0,0
56432,0,0,0
56433,0,0,0
56434,0,0,0
56435,0,0,0
56436,0,0,0
56437,0.008,0.008,0.008
56438,0,0,0
56439,0,0,0
56440,0,0,0
56441,0,0,0
56442,0,0,0
56443,0,0,0
56444,0,0,0
56445,0,0,0
56446,0,0,0
56447,0,0,0
56448,0,0,0
56449,0,0,0
56450,0,0,0
56451,0,0,0
56452,0,0,0
56453,0,0,0
56454,0,0,0
56455,0,0,0
56456,0,0,0
56457,0,0,0
56458,0,0,0
56459,0,0,0
56460,0,0,0
56461,0,0,0
56462,0,0,0
56463,0,0,0
56464,0,0,0
56465,0,0,0
56466,0,0,0
56467,0.004,0.004,0.004
56468,0,0,0
56469,0,0,0
56470,0,0,0
56471,0,0,0
56472,0,0,0
56473,0,0,0
56474,0,0,0
56475,0,0,0
56476,0,0,0
56477,0,0,0
56478,0,0,0
56479,0.004,0.004,0.004
56480,0.01,0.01,0.01
56481,0.014,0.014,0.014
56482,0.018,0.018,0.018
56483,0.02,0.02,0.02
56484,0.018,0.018,0.018
56485,0.018,0.018,0.018
56486,0.052,0.052,0.052
56487,0.052,0.052,0.052
56488,0.052,0.052,0.052
56489,0.046,0.046,0.046
56490,0.044,0.044,0.044
56491,0.044,0.044,0.044
56492,0.05,0.05,0.05
56493,0.046,0.046,0.046
56494,0.044,0.044,0.044
56495,0.038,0.038,0.038
56496,0.038,0.038,0.038
56497,0.038,0.038,0.038
56498,0.048,0.048,0.048
56499,0.058,0.058,0.058
56500,0.068,0.068,0.068
56501,0.058,0.058,0.058
56502,0.054,0.054,0.054
56503,0.05,0.05,0.05
56504,0.072,0.072,0.072
56505,0.088,0.088,0.088
56506,0.11,0.11,0.11
56507,0.098,0.098,0.098
56508,0.112,0.112,0.112
56509,0.104,0.104,0.104
56510,0.134,0.134,0.134
56511,0.14,0.14,0.14
56512,0.122,0.122,0.122
56513,0.118,0.118,0.118
56514,0.12,0.12,0.12
56515,0.106,0.106,0.106
56516,0.072,0.072,0.072
56517,0.054,0.054,0.054
56518,0.054,0.054,0.054
56519,0.12,0.12,0.12
56520,0.168,0.168,0.168
56521,0.15,0.15,0.15
56522,0.128,0.128,0.128
56523,0.124,0.124,0.124
56524,0.146,0.146,0.146
56525,0.146,0.146,0.146
56526,0.144,0.144,0.144
56527,0.136,0.136,0.136
56528,0.132,0.132,0.132
56529,0.118,0.118,0.118
56530,0.13,0.13,0.13
56531,0.106,0.106,0.106
56532,0.116,0.116,0.116
56533,0.126,0.126,0.126
56534,0.12,0.12,0.12
56535,0.14,0.14,0.14
56536,0.126,0.126,0.126
56537,0.122,0.122,0.122
56538,0.118,0.118,0.118
56539,0.106,0.106,0.106
56540,0.118,0.118,0.118
56541,0.12,0.12,0.12
56542,0.108,0.108,0.108
56543,0.124,0.124,0.124
56544,0.126,0.126,0.126
56545,0.106,0.106,0.106
56546,0.098,0.098,0.098
56547,0.106,0.106,0.106
56548,0.116,0.116,0.116
56549,0.116,0.116,0.116
56550,0.13,0.13,0.13
56551,0.148,0.148,0.148
56552,0.154,0.154,0.154
56553,0.134,0.134,0.134
56554,0.154,0.154,0.154
56555,0.132,0.132,0.132
56556,0.126,0.126,0.126
56557,0.122,0.122,0.122
56558,0.134,0.134,0.134
56559,0.142,0.142,0.142
56560,0.136,0.136,0.136
56561,0.122,0.122,0.122
56562,0.16,0.16,0.16
56563,0.188,0.188,0.188
56564,0.154,0.154,0.154
56565,0.188,0.188,0.188
56566,0.17,0.17,0.17
56567,0.174,0.174,0.174
56568,0.17,0.17,0.17
56569,0.162,0.162,0.162
56570,0.158,0.158,0.158
56571,0.156,0.156,0.156
56572,0.164,0.164,0.164
56573,0.16,0.16,0.16
56574,0.164,0.164,0.164
56575,0.112,0.112,0.112
56576,0.154,0.154,0.154
56577,0.154,0.154,0.154
56578,0.154,0.154,0.154
56579,0.158,0.158,0.158
56580,0.156,0.156,0.156
56581,0.156,0.156,0.156
56582,0.16,0.16,0.16
56583,0.138,0.138,0.138
56584,0.15,0.15,0.15
56585,0.154,0.154,0.154
56586,0.162,0.162,0.162
56587,0.172,0.172,0.172
56588,0.17,0.17,0.17
56589,0.19,0.19,0.19
56590,0.23,0.23,0.23
56591,0.274,0.274,0.274
56592,0.246,0.246,0.246
56593,0.24,0.24,0.24
56594,0.276,0.276,0.276
56595,0.308,0.308,0.308
56596,0.248,0.248,0.248
56597,0.264,0.264,0.264
56598,0.262,0.262,0.262
56599,0.304,0.304,0.304
56600,0.302,0.302,0.302
56601,0.29,0.29,0.29
56602,0.246,0.246,0.246
56603,0.248,0.248,0.248
56604,0.244,0.244,0.244
56605,0.222,0.222,0.222
56606,0.228,0.228,0.228
56607,0.234,0.234,0.234
56608,0.238,0.238,0.238
56609,0.246,0.246,0.246
56610,0.242,0.242,0.242
56611,0.248,0.248,0.248
56612,0.238,0.238,0.238
56613,0.25,0.25,0.25
56614,0.248,0.248,0.248
56615,0.248,0.248,0.248
56616,0.278,0.278,0.278
56617,0.268,0.268,0.268
56618,0.274,0.274,0.274
56619,0.272,0.272,0.272
56620,0.276,0.276,0.276
56621,0.28,0.28,0.28
56622,0.288,0.288,0.288
56623,0.302,0.302,0.302
56624,0.298,0.298,0.298
56625,0.31,0.31,0.31
56626,0.312,0.312,0.312
56627,0.358,0.358,0.358
56628,0.342,0.342,0.342
56629,0.338,0.338,0.338
56630,0.338,0.338,0.338
56631,0.344,0.344,0.344
56632,0.342,0.342,0.342
56633,0.33,0.33,0.33
56634,0.332,0.332,0.332
56635,0.342,0.342,0.342
56636,0.336,0.336,0.336
56637,0.382,0.382,0.382
56638,0.368,0.368,0.368
56639,0.35,0.35,0.35
56640,0.376,0.376,0.376
56641,0.406,0.406,0.406
56642,0.39,0.39,0.39
56643,0.39,0.39,0.39
56644,0.372,0.372,0.372
56645,0.368,0.368,0.368
56646,0.38,0.38,0.38
56647,0.368,0.296,0.296
56648,0.372,0.282,0.282
56649,0.358,0.268,0.268
56650,0.366,0.24,0.24
56651,0.372,0.224,0.224
56652,0.382,0.218,0.218
56653,0.388,0.184,0.184
56654,0.39,0.182,0.182
56655,0.382,0.17,0.17
56656,0.386,0.166,0.166
56657,0.416,0.152,0.152
56658,0.406,0.148,0.148
56659,0.406,0.12,0.12
56660,0.404,0.116,0.116
56661,0.404,0.102,0.102
56662,0.402,0.066,0.066
56663,0.404,0.042,0.042
56664,0.426,0.036,0.036
56665,0.422,0.02,0.02
56666,0.418,0.018,0.018
56667,0.418,0.016,0.016
56668,0.412,0.016,0.016
56669,0.414,0.01,0.01
56670,0.398,0.01,0.01
56671,0.388,0.004,0.004
56672,0.39,0.004,0.004
56673,0.378,0.004,0.004
56674,0.374,0.004,0.004
56675,0.384,0,0
56676,0.446,0,0
56677,0.432,0,0
56678,0.442,0,0
56679,0.44,0,0
56680,0.432,0,0
56681,0.436,0,0
56682,0.432,0,0
56683,0.43,0,0
56684,0.43,0,0
56685,0.41,0,0
56686,0.422,0,0
56687,0.43,0,0
56688,0.426,0,0
56689,0.42,0,0
56690,0.434,0,0
56691,0.422,0,0
56692,0.428,0,0
56693,0.44,0,0
56694,0.428,0,0
56695,0.428,0,0
56696,0.418,0,0
56697,0.41,0,0
56698,0.416,0,0
56699,0.402,0,0
56700,0.398,0,0
56701,0.394,0,0
56702,0.396,0,0
56703,0.384,0,0
56704,0.378,0,0
56705,0.37,0,0
56706,0.36,0,0
56707,0.35,0,0
56708,0.35,0,0
56709,0.346,0,0
56710,0.342,0,0
56711,0.336,0,0
56712,0.332,0,0
56713,0.326,0,0
56714,0.314,0,0
56715,0.318,0,0
56716,0.312,0,0
56717,0.294,0,0
56718,0.292,0,0
56719,0.294,0,0
56720,0.288,0,0
56721,0.284,0,0
56722,0.292,0,0
56723,0.306,0,0
56724,0.296,0,0
56725,0.282,0,0
56726,0.268,0,0
56727,0.24,0,0
56728,0.224,0,0
56729,0.218,0,0
56730,0.184,0,0
56731,0.182,0,0
56732,0.17,0,0
56733,0.166,0,0
56734,0.152,0,0
56735,0.148,0,0
56736,0.12,0,0
56737,0.116,0,0
56738,0.102,0,0
56739,0.066,0,0
56740,0.042,0,0
56741,0.036,0,0
56742,0.02,0,0
56743,0.018,0,0
56744,0.016,0,0
56745,0.016,0,0
56746,0.01,0,0
56747,0.01,0,0
56748,0.004,0,0
56749,0.004,0,0
56750,0.004,0,0
56751,0.004,0,0
56752,0,0,0
56753,0,0,0
56754,0,0,0
56755,0,0,0
56756,0,0,0
56757,0,0,0
56758,0,0,0
56759,0,0,0
56760,0,0,0
56761,0,0,0
56762,0,0,0
56763,0,0,0
56764,0,0,0
56765,0,0,0
56766,0,0,0
56767,0,0,0
56768,0,0,0
56769,0,0,0
56770,0,0,0
56771,0,0,0
56772,0,0,0
56773,0,0,0
56774,0,0,0
56775,0,0,0
56776,0,0,0
56777,0,0,0
56778,0,0,0
56779,0,0,0
56780,0,0,0
56781,0,0,0
56782,0,0,0
56783,0,0,0
56784,0,0,0
56785,0,0,0
56786,0,0,0
56787,0,0,0
56788,0,0,0
56789,0,0,0
56790,0,0,0
56791,0,0,0
56792,0,0,0
56793,0,0,0
56794,0,0,0
56795,0,0,0
56796,0,0,0
56797,0,0,0
56798,0,0,0
56799,0,0,0
56800,0,0,0
56801,0,0,0
56802,0.008,0.008,0.008
56803,0,0,0
56804,0,0,0
56805,0,0,0
56806,0,0,0
56807,0,0,0
56808,0,0,0
56809,0,0,0
56810,0,0,0
56811,0,0,0
56812,0,0,0
56813,0,0,0
56814,0,0,0
56815,0,0,0
56816,0,0,0
56817,0,0,0
56818,0,0,0
56819,0,0,0
56820,0,0,0
56821,0,0,0
56822,0,0,0
56823,0,0,0
56824,0,0,0
56825,0,0,0
56826,0,0,0
56827,0,0,0
56828,0,0,0
56829,0,0,0
56830,0,0,0
56831,0,0,0
56832,0.004,0.004,0.004
56833,0,0,0
56834,0,0,0
56835,0,0,0
56836,0,0,0
56837,0,0,0
56838,0,0,0
56839,0,0,0
56840,0,0,0
56841,0,0,0
56842,0,0,0
56843,0,0,0
56844,0.004,0.004,0.004
56845,0.01,0.01,0.01
56846,0.014,0.014,0.014
56847,0.018,0.018,0.018
56848,0.02,0.02,0.02
56849,0.018,0.018,0.018
56850,0.018,0.018,0.018
56851,0.052,0.052,0.052
56852,0.052,0.052,0.052
56853,0.052,0.052,0.052
56854,0.046,0.046,0.046
56855,0.044,0.044,0.044
56856,0.044,0.044,0.044
56857,0.05,0.05,0.05
56858,0.046,0.046,0.046
56859,0.044,0.044,0.044
56860,0.038,0.038,0.038
56861,0.038,0.038,0.038
56862,0.038,0.038,0.038
56863,0.048,0.048,0.048
56864,0.058,0.058,0.058
56865,0.068,0.068,0.068
56866,0.058,0.058,0.058
56867,0.054,0.054,0.054
56868,0.05,0.05,0.05
56869,0.072,0.072,0.072
56870,0.088,0.088,0.088
56871,0.11,0.11,0.11
56872,0.098,0.098,0.098
56873,0.112,0.112,0.112
56874,0.104,0.104,0.104
56875,0.134,0.134,0.134
56876,0.14,0.14,0.14
56877,0.122,0.122,0.122
56878,0.118,0.118,0.118
56879,0.12,0.12,0.12
56880,0.106,0.106,0.106
56881,0.072,0.072,0.072
56882,0.054,0.054,0.054
56883,0.054,0.054,0.054
56884,0.12,0.12,0.12
56885,0.168,0.168,0.168
56886,0.15,0.15,0.15
56887,0.128,0.128,0.128
56888,0.124,0.124,0.124
56889,0.146,0.146,0.146
56890,0.146,0.146,0.146
56891,0.144,0.144,0.144
56892,0.136,0.136,0.136
56893,0.132,0.132,0.132
56894,0.118,0.118,0.118
56895,0.13,0.13,0.13
56896,0.106,0.106,0.106
56897,0.116,0.116,0.116
56898,0.126,0.126,0.126
56899,0.12,0.12,0.12
56900,0.14,0.14,0.14
56901,0.126,0.126,0.126
56902,0.122,0.122,0.122
56903,0.118,0.118,0.118
56904,0.106,0.106,0.106
56905,0.118,0.118,0.118
56906,0.12,0.12,0.12
56907,0.108,0.108,0.108
56908,0.124,0.124,0.124
56909,0.126,0.126,0.126
56910,0.106,0.106,0.106
56911,0.098,0.098,0.098
56912,0.106,0.106,0.106
56913,0.116,0.116,0.116
56914,0.116,0.116,0.116
56915,0.13,0.13,0.13
56916,0.148,0.148,0.148
56917,0.154,0.154,0.154
56918,0.134,0.134,0.134
56919,0.154,0.154,0.154
56920,0.132,0.132,0.132
56921,0.126,0.126,0.126
56922,0.122,0.122,0.122
56923,0.134,0.134,0.134
56924,0.142,0.142,0.142
56925,0.136,0.136,0.136
56926,0.122,0.122,0.122
56927,0.16,0.16,0.16
56928,0.188,0.188,0.188
56929,0.154,0.154,0.154
56930,0.188,0.188,0.188
56931,0.17,0.17,0.17
56932,0.174,0.174,0.174
56933,0.17,0.17,0.17
56934,0.162,0.162,0.162
56935,0.158,0.158,0.158
56936,0.156,0.156,0.156
56937,0.164,0.164,0.164
56938,0.16,0.16,0.16
56939,0.164,0.164,0.164
56940,0.112,0.112,0.112
56941,0.154,0.154,0.154
56942,0.154,0.154,0.154
56943,0.154,0.154,0.154
56944,0.158,0.158,0.158
56945,0.156,0.156,0.156
56946,0.156,0.156,0.156
56947,0.16,0.16,0.16
56948,0.138,0.138,0.138
56949,0.15,0.15,0.15
56950,0.154,0.154,0.154
56951,0.162,0.162,0.162
56952,0.172,0.172,0.172
56953,0.17,0.17,0.17
56954,0.19,0.19,0.19
56955,0.23,0.23,0.23
56956,0.274,0.274,0.274
56957,0.246,0.246,0.246
56958,0.24,0.24,0.24
56959,0.276,0.276,0.276
56960,0.308,0.308,0.308
56961,0.248,0.248,0.248
56962,0.264,0.264,0.264
56963,0.262,0.262,0.262
56964,0.304,0.304,0.304
56965,0.302,0.302,0.302
56966,0.29,0.29,0.29
56967,0.246,0.246,0.246
56968,0.248,0.248,0.248
56969,0.244,0.244,0.244
56970,0.222,0.222,0.222
56971,0.228,0.228,0.228
56972,0.234,0.234,0.234
56973,0.238,0.238,0.238
56974,0.246,0.246,0.246
56975,0.242,0.242,0.242
56976,0.248,0.248,0.248
56977,0.238,0.238,0.238
56978,0.25,0.25,0.25
56979,0.248,0.248,0.248
56980,0.248,0.248,0.248
56981,0.278,0.278,0.278
56982,0.268,0.268,0.268
56983,0.274,0.274,0.274
56984,0.272,0.272,0.272
56985,0.276,0.276,0.276
56986,0.28,0.28,0.28
56987,0.288,0.288,0.288
56988,0.302,0.302,0.302
56989,0.298,0.298,0.298
56990,0.31,0.31,0.31
56991,0.312,0.312,0.312
56992,0.358,0.358,0.358
56993,0.342,0.342,0.342
56994,0.338,0.338,0.338
56995,0.338,0.338,0.338
56996,0.344,0.344,0.344
56997,0.342,0.342,0.342
56998,0.33,0.33,0.33
56999,0.332,0.332,0.332
57000,0.342,0.342,0.342
57001,0.336,0.336,0.336
57002,0.382,0.382,0.382
57003,0.368,0.368,0.368
57004,0.35,0.35,0.35
57005,0.376,0.376,0.376
57006,0.406,0.406,0.406
57007,0.39,0.39,0.39
57008,0.39,0.39,0.39
57009,0.372,0.372,0.372
57010,0.368,0.368,0.368
57011,0.38,0.296,0.296
57012,0.368,0.282,0.282
57013,0.372,0.268,0.268
57014,0.358,0.24,0.24
57015,0.366,0.224,0.224
57016,0.372,0.218,0.218
57017,0.382,0.184,0.184
57018,0.388,0.182,0.182
57019,0.39,0.17,0.17
57020,0.382,0.166,0.166
57021,0.386,0.152,0.152
57022,0.416,0.148,0.148
57023,0.406,0.12,0.12
57024,0.406,0.116,0.116
57025,0.404,0.102,0.102
57026,0.404,0.066,0.066
57027,0.402,0.042,0.042
57028,0.404,0.036,0.036
57029,0.426,0.02,0.02
57030,0.422,0.018,0.018
57031,0.418,0.016,0.016
57032,0.418,0.016,0.016
57033,0.412,0.01,0.01
57034,0.414,0.01,0.01
57035,0.398,0.004,0.004
57036,0.388,0.004,0.004
57037,0.39,0.004,0.004
57038,0.378,0.004,0.004
57039,0.374,0,0
57040,0.384,0,0
57041,0.446,0,0
57042,0.432,0,0
57043,0.442,0,0
57044,0.44,0,0
57045,0.432,0,0
57046,0.436,0,0
57047,0.432,0,0
57048,0.43,0,0
57049,0.43,0,0
57050,0.41,0,0
57051,0.422,0,0
57052,0.43,0,0
57053,0.426,0,0
57054,0.42,0,0
57055,0.434,0,0
57056,0.422,0,0
57057,0.428,0,0
57058,0.44,0,0
57059,0.428,0,0
57060,0.428,0,0
57061,0.418,0,0
57062,0.41,0,0
57063,0.416,0,0
57064,0.402,0,0
57065,0.398,0,0
57066,0.394,0,0
57067,0.396,0,0
57068,0.384,0,0
57069,0.378,0,0
57070,0.37,0,0
57071,0.36,0,0
57072,0.35,0,0
57073,0.35,0,0
57074,0.346,0,0
57075,0.342,0,0
57076,0.336,0,0
57077,0.332,0,0
57078,0.326,0,0
57079,0.314,0,0
57080,0.318,0,0
57081,0.312,0,0
57082,0.294,0,0
57083,0.292,0,0
57084,0.294,0,0
57085,0.288,0,0
57086,0.284,0,0
57087,0.292,0,0
57088,0.306,0,0
57089,0.296,0,0
57090,0.282,0,0
57091,0.268,0,0
57092,0.24,0,0
57093,0.224,0,0
57094,0.218,0,0
57095,0.184,0,0
57096,0.182,0,0
57097,0.17,0,0
57098,0.166,0,0
57099,0.152,0,0
57100,0.148,0,0
57101,0.12,0,0
57102,0.116,0,0
57103,0.102,0,0
57104,0.066,0,0
57105,0.042,0,0
57106,0.036,0,0
57107,0.02,0,0
57108,0.018,0,0
57109,0.016,0,0
57110,0.016,0,0
57111,0.01,0,0
57112,0.01,0,0
57113,0.004,0,0
57114,0.004,0,0
57115,0.004,0,0
57116,0.004,0,0
57117,0,0,0
57118,0,0,0
57119,0,0,0
57120,0,0,0
57121,0,0,0
57122,0,0,0
57123,0,0,0
57124,0,0,0
57125,0,0,0
57126,0,0,0
57127,0,0,0
57128,0,0,0
57129,0,0,0
57130,0,0,0
57131,0,0,0
57132,0,0,0
57133,0,0,0
57134,0,0,0
57135,0,0,0
57136,0,0,0
57137,0,0,0
57138,0,0,0
57139,0,0,0
57140,0,0,0
57141,0,0,0
57142,0,0,0
57143,0,0,0
57144,0,0,0
57145,0,0,0
57146,0,0,0
57147,0,0,0
57148,0,0,0
57149,0,0,0
57150,0,0,0
57151,0,0,0
57152,0,0,0
57153,0,0,0
57154,0,0,0
57155,0,0,0
57156,0,0,0
57157,0,0,0
57158,0,0,0
57159,0,0,0
57160,0,0,0
57161,0,0,0
57162,0,0,0
57163,0,0,0
57164,0,0,0
57165,0,0,0
57166,0,0,0
57167,0.008,0.008,0.008
57168,0,0,0
57169,0,0,0
57170,0,0,0
57171,0,0,0
57172,0,0,0
57173,0,0,0
57174,0,0,0
57175,0,0,0
57176,0,0,0
57177,0,0,0
57178,0,0,0
57179,0,0,0
57180,0,0,0
57181,0,0,0
57182,0,0,0
57183,0,0,0
57184,0,0,0
57185,0,0,0
57186,0,0,0
57187,0,0,0
57188,0,0,0
57189,0,0,0
57190,0,0,0
57191,0,0,0
57192,0,0,0
57193,0,0,0
57194,0,0,0
57195,0,0,0
57196,0,0,0
57197,0.004,0.004,0.004
57198,0,0,0
57199,0,0,0
57200,0,0,0
57201,0,0,0
57202,0,0,0
57203,0,0,0
57204,0,0,0
57205,0,0,0
57206,0,0,0
57207,0,0,0
57208,0,0,0
57209,0.004,0.004,0.004
57210,0.01,0.01,0.01
57211,0.014,0.014,0.014
57212,0.018,0.018,0.018
57213,0.02,0.02,0.02
57214,0.018,0.018,0.018
57215,0.018,0.018,0.018
57216,0.052,0.052,0.052
57217,0.052,0.052,0.052
57218,0.052,0.052,0.052
57219,0.046,0.046,0.046
57220,0.044,0.044,0.044
57221,0.044,0.044,0.044
57222,0.05,0.05,0.05
57223,0.046,0.046,0.046
57224,0.044,0.044,0.044
57225,0.038,0.038,0.038
57226,0.038,0.038,0.038
57227,0.038,0.038,0.038
57228,0.048,0.048,0.048
57229,0.058,0.058,0.058
57230,0.068,0.068,0.068
57231,0.058,0.058,0.058
57232,0.054,0.054,0.054
57233,0.05,0.05,0.05
57234,0.072,0.072,0.072
57235,0.088,0.088,0.088
57236,0.11,0.11,0.11
57237,0.098,0.098,0.098
57238,0.112,0.112,0.112
57239,0.104,0.104,0.104
57240,0.134,0.134,0.134
57241,0.14,0.14,0.14
57242,0.122,0.122,0.122
57243,0.118,0.118,0.118
57244,0.12,0.12,0.12
57245,0.106,0.106,0.106
57246,0.072,0.072,0.072
57247,0.054,0.054,0.054
57248,0.054,0.054,0.054
57249,0.12,0.12,0.12
57250,0.168,0.168,0.168
57251,0.15,0.15,0.15
57252,0.128,0.128,0.128
57253,0.124,0.124,0.124
57254,0.146,0.146,0.146
57255,0.146,0.146,0.146
57256,0.144,0.144,0.144
57257,0.136,0.136,0.136
57258,0.132,0.132,0.132
57259,0.118,0.118,0.118
57260,0.13,0.13,0.13
57261,0.106,0.106,0.106
57262,0.116,0.116,0.116
57263,0.126,0.126,0.126
57264,0.12,0.12,0.12
57265,0.14,0.14,0.14
57266,0.126,0.126,0.126
57267,0.122,0.122,0.122
57268,0.118,0.118,0.118
57269,0.106,0.106,0.106
57270,0.118,0.118,0.118
57271,0.12,0.12,0.12
57272,0.108,0.108,0.108
57273,0.124,0.124,0.124
57274,0.126,0.126,0.126
57275,0.106,0.106,0.106
57276,0.098,0.098,0.098
57277,0.106,0.106,0.106
57278,0.116,0.116,0.116
57279,0.116,0.116,0.116
57280,0.13,0.13,0.13
57281,0.148,0.148,0.148
57282,0.154,0.154,0.154
57283,0.134,0.134,0.134
57284,0.154,0.154,0.154
57285,0.132,0.132,0.132
57286,0.126,0.126,0.126
57287,0.122,0.122,0.122
57288,0.134,0.134,0.134
57289,0.142,0.142,0.142
57290,0.136,0.136,0.136
57291,0.122,0.122,0.122
57292,0.16,0.16,0.16
57293,0.188,0.188,0.188
57294,0.154,0.154,0.154
57295,0.188,0.188,0.188
57296,0.17,0.17,0.17
57297,0.174,0.174,0.174
57298,0.17,0.17,0.17
57299,0.162,0.162,0.162
57300,0.158,0.158,0.158
57301,0.156,0.156,0.156
57302,0.164,0.164,0.164
57303,0.16,0.16,0.16
57304,0.164,0.164,0.164
57305,0.112,0.112,0.112
57306,0.154,0.154,0.154
57307,0.154,0.154,0.154
57308,0.154,0.154,0.154
57309,0.158,0.158,0.158
57310,0.156,0.156,0.156
57311,0.156,0.156,0.156
57312,0.16,0.16,0.16
57313,0.138,0.138,0.138
57314,0.15,0.15,0.15
57315,0.154,0.154,0.154
57316,0.162,0.162,0.162
57317,0.172,0.172,0.172
57318,0.17,0.17,0.17
57319,0.19,0.19,0.19
57320,0.23,0.23,0.23
57321,0.274,0.274,0.274
57322,0.246,0.246,0.246
57323,0.24,0.24,0.24
57324,0.276,0.276,0.276
57325,0.308,0.308,0.308
57326,0.248,0.248,0.248
57327,0.264,0.264,0.264
57328,0.262,0.262,0.262
57329,0.304,0.304,0.304
57330,0.302,0.302,0.302
57331,0.29,0.29,0.29
57332,0.246,0.246,0.246
57333,0.248,0.248,0.248
57334,0.244,0.244,0.244
57335,0.222,0.222,0.222
57336,0.228,0.228,0.228
57337,0.234,0.234,0.234
57338,0.238,0.238,0.238
57339,0.246,0.246,0.246
57340,0.242,0.242,0.242
57341,0.248,0.248,0.248
57342,0.238,0.238,0.238
57343,0.25,0.25,0.25
57344,0.248,0.248,0.248
57345,0.248,0.248,0.248
57346,0.278,0.278,0.278
57347,0.268,0.268,0.268
57348,0.274,0.274,0.274
57349,0.272,0.272,0.272
57350,0.276,0.276,0.276
57351,0.28,0.28,0.28
57352,0.288,0.288,0.288
57353,0.302,0.302,0.302
57354,0.298,0.298,0.298
57355,0.31,0.31,0.31
57356,0.312,0.312,0.312
57357,0.358,0.358,0.358
57358,0.342,0.342,0.342
57359,0.338,0.338,0.338
57360,0.338,0.338,0.338
57361,0.344,0.344,0.344
57362,0.342,0.342,0.342
57363,0.33,0.33,0.33
57364,0.332,0.332,0.332
57365,0.342,0.342,0.342
57366,0.336,0.336,0.336
57367,0.382,0.382,0.382
57368,0.368,0.368,0.368
57369,0.35,0.35,0.35
57370,0.376,0.376,0.376
57371,0.406,0.406,0.406
57372,0.39,0.39,0.39
57373,0.39,0.39,0.39
57374,0.372,0.372,0.372
57375,0.368,0.368,0.368
57376,0.38,0.296,0.296
57377,0.368,0.282,0.282
57378,0.372,0.268,0.268
57379,0.358,0.24,0.24
57380,0.366,0.224,0.224
57381,0.372,0.218,0.218
57382,0.382,0.184,0.184
57383,0.388,0.182,0.182
57384,0.39,0.17,0.17
57385,0.382,0.166,0.166
57386,0.386,0.152,0.152
57387,0.416,0.148,0.148
57388,0.406,0.12,0.12
57389,0.406,0.116,0.116
57390,0.404,0.102,0.102
57391,0.404,0.066,0.066
57392,0.402,0.042,0.042
57393,0.404,0.036,0.036
57394,0.426,0.02,0.02
57395,0.422,0.018,0.018
57396,0.418,0.016,0.016
57397,0.418,0.016,0.016
57398,0.412,0.01,0.01
57399,0.414,0.01,0.01
57400,0.398,0.004,0.004
57401,0.388,0.004,0.004
57402,0.39,0.004,0.004
57403,0.378,0.004,0.004
57404,0.374,0,0
57405,0.384,0,0
57406,0.446,0,0
57407,0.432,0,0
57408,0.442,0,0
57409,0.44,0,0
57410,0.432,0,0
57411,0.436,0,0
57412,0.432,0,0
57413,0.43,0,0
57414,0.43,0,0
57415,0.41,0,0
57416,0.422,0,0
57417,0.43,0,0
57418,0.426,0,0
57419,0.42,0,0
57420,0.434,0,0
57421,0.422,0,0
57422,0.428,0,0
57423,0.44,0,0
57424,0.428,0,0
57425,0.428,0,0
57426,0.418,0,0
57427,0.41,0,0
57428,0.416,0,0
57429,0.402,0,0
57430,0.398,0,0
57431,0.394,0,0
57432,0.396,0,0
57433,0.384,0,0
57434,0.378,0,0
57435,0.37,0,0
57436,0.36,0,0
57437,0.35,0,0
57438,0.35,0,0
57439,0.346,0,0
57440,0.342,0,0
57441,0.336,0,0
57442,0.332,0,0
57443,0.326,0,0
57444,0.314,0,0
57445,0.318,0,0
57446,0.312,0,0
57447,0.294,0,0
57448,0.292,0,0
57449,0.294,0,0
57450,0.288,0,0
57451,0.284,0,0
57452,0.292,0,0
57453,0.306,0,0
57454,0.296,0,0
57455,0.282,0,0
57456,0.268,0,0
57457,0.24,0,0
57458,0.224,0,0
57459,0.218,0,0
57460,0.184,0,0
57461,0.182,0,0
57462,0.17,0,0
57463,0.166,0,0
57464,0.152,0,0
57465,0.148,0,0
57466,0.12,0,0
57467,0.116,0,0
57468,0.102,0,0
57469,0.066,0,0
57470,0.042,0,0
57471,0.036,0,0
57472,0.02,0,0
57473,0.018,0,0
57474,0.016,0,0
57475,0.016,0,0
57476,0.01,0,0
57477,0.01,0,0
57478,0.004,0,0
57479,0.004,0,0
57480,0.004,0,0
57481,0.004,0,0
57482,0,0,0
57483,0,0,0
57484,0,0,0
57485,0,0,0
57486,0,0,0
57487,0,0,0
57488,0,0,0
57489,0,0,0
57490,0,0,0
57491,0,0,0
57492,0,0,0
57493,0,0,0
57494,0,0,0
57495,0,0,0
57496,0,0,0
57497,0,0,0
57498,0,0,0
57499,0,0,0
57500,0,0,0
57501,0,0,0
57502,0,0,0
57503,0,0,0
57504,0,0,0
57505,0,0,0
57506,0,0,0
57507,0,0,0
57508,0,0,0
57509,0,0,0
57510,0,0,0
57511,0,0,0
57512,0,0,0
57513,0,0,0
57514,0,0,0
57515,0,0,0
57516,0,0,0
57517,0,0,0
57518,0,0,0
57519,0,0,0
57520,0,0,0
57521,0,0,0
57522,0,0,0
57523,0,0,0
57524,0,0,0
57525,0,0,0
57526,0,0,0
57527,0,0,0
57528,0,0,0
57529,0,0,0
57530,0,0,0
57531,0,0,0
57532,0.008,0.008,0.008
57533,0,0,0
57534,0,0,0
57535,0,0,0
57536,0,0,0
57537,0,0,0
57538,0,0,0
57539,0,0,0
57540,0,0,0
57541,0,0,0
57542,0,0,0
57543,0,0,0
57544,0,0,0
57545,0,0,0
57546,0,0,0
57547,0,0,0
57548,0,0,0
57549,0,0,0
57550,0,0,0
57551,0,0,0
57552,0,0,0
57553,0,0,0
57554,0,0,0
57555,0,0,0
57556,0,0,0
57557,0,0,0
57558,0,0,0
57559,0,0,0
57560,0,0,0
57561,0,0,0
57562,0.004,0.004,0.004
57563,0,0,0
57564,0,0,0
57565,0,0,0
57566,0,0,0
57567,0,0,0
57568,0,0,0
57569,0,0,0
57570,0,0,0
57571,0,0,0
57572,0,0,0
57573,0,0,0
57574,0.004,0.004,0.004
57575,0.01,0.01,0.01
57576,0.014,0.014,0.014
57577,0.018,0.018,0.018
57578,0.02,0.02,0.02
57579,0.018,0.018,0.018
57580,0.018,0.018,0.018
57581,0.052,0.052,0.052
57582,0.052,0.052,0.052
57583,0.052,0.052,0.052
57584,0.046,0.046,0.046
57585,0.044,0.044,0.044
57586,0.044,0.044,0.044
57587,0.05,0.05,0.05
57588,0.046,0.046,0.046
57589,0.044,0.044,0.044
57590,0.038,0.038,0.038
57591,0.038,0.038,0.038
57592,0.038,0.038,0.038
57593,0.048,0.048,0.048
57594,0.058,0.058,0.058
57595,0.068,0.068,0.068
57596,0.058,0.058,0.058
57597,0.054,0.054,0.054
57598,0.05,0.05,0.05
57599,0.072,0.072,0.072
57600,0.088,0.088,0.088
57601,0.11,0.11,0.11
57602,0.098,0.098,0.098
57603,0.112,0.112,0.112
57604,0.104,0.104,0.104
57605,0.134,0.134,0.134
57606,0.14,0.14,0.14
57607,0.122,0.122,0.122
57608,0.118,0.118,0.118
57609,0.12,0.12,0.12
57610,0.106,0.106,0.106
57611,0.072,0.072,0.072
57612,0.054,0.054,0.054
57613,0.054,0.054,0.054
57614,0.12,0.12,0.12
57615,0.168,0.168,0.168
57616,0.15,0.15,0.15
57617,0.128,0.128,0.128
57618,0.124,0.124,0.124
57619,0.146,0.146,0.146
57620,0.146,0.146,0.146
57621,0.144,0.144,0.144
57622,0.136,0.136,0.136
57623,0.132,0.132,0.132
57624,0.118,0.118,0.118
57625,0.13,0.13,0.13
57626,0.106,0.106,0.106
57627,0.116,0.116,0.116
57628,0.126,0.126,0.126
57629,0.12,0.12,0.12
57630,0.14,0.14,0.14
57631,0.126,0.126,0.126
57632,0.122,0.122,0.122
57633,0.118,0.118,0.118
57634,0.106,0.106,0.106
57635,0.118,0.118,0.118
57636,0.12,0.12,0.12
57637,0.108,0.108,0.108
57638,0.124,0.124,0.124
57639,0.126,0.126,0.126
57640,0.106,0.106,0.106
57641,0.098,0.098,0.098
57642,0.106,0.106,0.106
57643,0.116,0.116,0.116
57644,0.116,0.116,0.116
57645,0.13,0.13,0.13
57646,0.148,0.148,0.148
57647,0.154,0.154,0.154
57648,0.134,0.134,0.134
57649,0.154,0.154,0.154
57650,0.132,0.132,0.132
57651,0.126,0.126,0.126
57652,0.122,0.122,0.122
57653,0.134,0.134,0.134
57654,0.142,0.142,0.142
57655,0.136,0.136,0.136
57656,0.122,0.122,0.122
57657,0.16,0.16,0.16
57658,0.188,0.188,0.188
57659,0.154,0.154,0.154
57660,0.188,0.188,0.188
57661,0.17,0.17,0.17
57662,0.174,0.174,0.174
57663,0.17,0.17,0.17
57664,0.162,0.162,0.162
57665,0.158,0.158,0.158
57666,0.156,0.156,0.156
57667,0.164,0.164,0.164
57668,0.16,0.16,0.16
57669,0.164,0.164,0.164
57670,0.112,0.112,0.112
57671,0.154,0.154,0.154
57672,0.154,0.154,0.154
57673,0.154,0.154,0.154
57674,0.158,0.158,0.158
57675,0.156,0.156,0.156
57676,0.156,0.156,0.156
57677,0.16,0.16,0.16
57678,0.138,0.138,0.138
57679,0.15,0.15,0.15
57680,0.154,0.154,0.154
57681,0.162,0.162,0.162
57682,0.172,0.172,0.172
57683,0.17,0.17,0.17
57684,0.19,0.19,0.19
57685,0.23,0.23,0.23
57686,0.274,0.274,0.274
57687,0.246,0.246,0.246
57688,0.24,0.24,0.24
57689,0.276,0.276,0.276
57690,0.308,0.308,0.308
57691,0.248,0.248,0.248
57692,0.264,0.264,0.264
57693,0.262,0.262,0.262
57694,0.304,0.304,0.304
57695,0.302,0.302,0.302
57696,0.29,0.29,0.29
57697,0.246,0.246,0.246
57698,0.248,0.248,0.248
57699,0.244,0.244,0.244
57700,0.222,0.222,0.222
57701,0.228,0.228,0.228
57702,0.234,0.234,0.234
57703,0.238,0.238,0.238
57704,0.246,0.246,0.246
57705,0.242,0.242,0.242
57706,0.248,0.248,0.248
57707,0.238,0.238,0.238
57708,0.25,0.25,0.25
57709,0.248,0.248,0.248
57710,0.248,0.248,0.248
57711,0.278,0.278,0.278
57712,0.268,0.268,0.268
57713,0.274,0.274,0.274
57714,0.272,0.272,0.272
57715,0.276,0.276,0.276
57716,0.28,0.28,0.28
57717,0.288,0.288,0.288
57718,0.302,0.302,0.302
57719,0.298,0.298,0.298
57720,0.31,0.31,0.31
57721,0.312,0.312,0.312
57722,0.358,0.358,0.358
57723,0.342,0.342,0.342
57724,0.338,0.338,0.338
57725,0.338,0.338,0.338
57726,0.344,0.344,0.344
57727,0.342,0.342,0.342
57728,0.33,0.33,0.33
57729,0.332,0.332,0.332
57730,0.342,0.342,0.342
57731,0.336,0.336,0.336
57732,0.382,0.382,0.382
57733,0.368,0.368,0.368
57734,0.35,0.35,0.35
57735,0.376,0.376,0.376
57736,0.406,0.406,0.406
57737,0.39,0.39,0.39
57738,0.39,0.39,0.39
57739,0.372,0.372,0.372
57740,0.368,0.296,0.296
57741,0.38,0.282,0.282
57742,0.368,0.268,0.268
57743,0.372,0.24,0.24
57744,0.358,0.224,0.224
57745,0.366,0.218,0.218
57746,0.372,0.184,0.184
57747,0.382,0.182,0.182
57748,0.388,0.17,0.17
57749,0.39,0.166,0.166
57750,0.382,0.152,0.152
57751,0.386,0.148,0.148
57752,0.416,0.12,0.12
57753,0.406,0.116,0.116
57754,0.406,0.102,0.102
57755,0.404,0.066,0.066
57756,0.404,0.042,0.042
57757,0.402,0.036,0.036
57758,0.404,0.02,0.02
57759,0.426,0.018,0.018
57760,0.422,0.016,0.016
57761,0.418,0.016,0.016
57762,0.418,0.01,0.01
57763,0.412,0.01,0.01
57764,0.414,0.004,0.004
57765,0.398,0.004,0.004
57766,0.388,0.004,0.004
57767,0.39,0.004,0.004
57768,0.378,0,0
57769,0.374,0,0
57770,0.384,0,0
57771,0.446,0,0
57772,0.432,0,0
57773,0.442,0,0
57774,0.44,0,0
57775,0.432,0,0
57776,0.436,0,0
57777,0.432,0,0
57778,0.43,0,0
57779,0.43,0,0
57780,0.41,0,0
57781,0.422,0,0
57782,0.43,0,0
57783,0.426,0,0
57784,0.42,0,0
57785,0.434,0,0
57786,0.422,0,0
57787,0.428,0,0
57788,0.44,0,0
57789,0.428,0,0
57790,0.428,0,0
57791,0.418,0,0
57792,0.41,0,0
57793,0.416,0,0
57794,0.402,0,0
57795,0.398,0,0
57796,0.394,0,0
57797,0.396,0,0
57798,0.384,0,0
57799,0.378,0,0
57800,0.37,0,0
57801,0.36,0,0
57802,0.35,0,0
57803,0.35,0,0
57804,0.346,0,0
57805,0.342,0,0
57806,0.336,0,0
57807,0.332,0,0
57808,0.326,0,0
57809,0.314,0,0
57810,0.318,0,0
57811,0.312,0,0
57812,0.294,0,0
57813,0.292,0,0
57814,0.294,0,0
57815,0.288,0,0
57816,0.284,0,0
57817,0.292,0,0
57818,0.306,0,0
57819,0.296,0,0
57820,0.282,0,0
57821,0.268,0,0
57822,0.24,0,0
57823,0.224,0,0
57824,0.218,0,0
57825,0.184,0,0
57826,0.182,0,0
57827,0.17,0,0
57828,0.166,0,0
57829,0.152,0,0
57830,0.148,0,0
57831,0.12,0,0
57832,0.116,0,0
57833,0.102,0,0
57834,0.066,0,0
57835,0.042,0,0
57836,0.036,0,0
57837,0.02,0,0
57838,0.018,0,0
57839,0.016,0,0
57840,0.016,0,0
57841,0.01,0,0
57842,0.01,0,0
57843,0.004,0,0
57844,0.004,0,0
57845,0.004,0,0
57846,0.004,0,0
57847,0,0,0
57848,0,0,0
57849,0,0,0
57850,0,0,0
57851,0,0,0
57852,0,0,0
57853,0,0,0
57854,0,0,0
57855,0,0,0
57856,0,0,0
57857,0,0,0
57858,0,0,0
57859,0,0,0
57860,0,0,0
57861,0,0,0
57862,0,0,0
57863,0,0,0
57864,0,0,0
57865,0,0,0
57866,0,0,0
57867,0,0,0
57868,0,0,0
57869,0,0,0
57870,0,0,0
57871,0,0,0
57872,0,0,0
57873,0,0,0
57874,0,0,0
57875,0,0,0
57876,0,0,0
57877,0,0,0
57878,0,0,0
57879,0,0,0
57880,0,0,0
57881,0,0,0
57882,0,0,0
57883,0,0,0
57884,0,0,0
57885,0,0,0
57886,0,0,0
57887,0,0,0
57888,0,0,0
57889,0,0,0
57890,0,0,0
57891,0,0,0
57892,0,0,0
57893,0,0,0
57894,0,0,0
57895,0,0,0
57896,0,0,0
57897,0.008,0.008,0.008
57898,0,0,0
57899,0,0,0
57900,0,0,0
57901,0,0,0
57902,0,0,0
57903,0,0,0
57904,0,0,0
57905,0,0,0
57906,0,0,0
57907,0,0,0
57908,0,0,0
57909,0,0,0
57910,0,0,0
57911,0,0,0
57912,0,0,0
57913,0,0,0
57914,0,0,0
57915,0,0,0
57916,0,0,0
57917,0,0,0
57918,0,0,0
57919,0,0,0
57920,0,0,0
57921,0,0,0
57922,0,0,0
57923,0,0,0
57924,0,0,0
57925,0,0,0
57926,0,0,0
57927,0.004,0.004,0.004
57928,0,0,0
57929,0,0,0
57930,0,0,0
57931,0,0,0
57932,0,0,0
57933,0,0,0
57934,0,0,0
57935,0,0,0
57936,0,0,0
57937,0,0,0
57938,0,0,0
57939,0.004,0.004,0.004
57940,0.01,0.01,0.01
57941,0.014,0.014,0.014
57942,0.018,0.018,0.018
57943,0.02,0.02,0.02
57944,0.018,0.018,0.018
57945,0.018,0.018,0.018
57946,0.052,0.052,0.052
57947,0.052,0.052,0.052
57948,0.052,0.052,0.052
57949,0.046,0.046,0.046
57950,0.044,0.044,0.044
57951,0.044,0.044,0.044
57952,0.05,0.05,0.05
57953,0.046,0.046,0.046
57954,0.044,0.044,0.044
57955,0.038,0.038,0.038
57956,0.038,0.038,0.038
57957,0.038,0.038,0.038
57958,0.048,0.048,0.048
57959,0.058,0.058,0.058
57960,0.068,0.068,0.068
57961,0.058,0.058,0.058
57962,0.054,0.054,0.054
57963,0.05,0.05,0.05
57964,0.072,0.072,0.072
57965,0.088,0.088,0.088
57966,0.11,0.11,0.11
57967,0.098,0.098,0.098
57968,0.112,0.112,0.112
57969,0.104,0.104,0.104
57970,0.134,0.134,0.134
57971,0.14,0.14,0.14
57972,0.122,0.122,0.122
57973,0.118,0.118,0.118
57974,0.12,0.12,0.12
57975,0.106,0.106,0.106
57976,0.072,0.072,0.072
57977,0.054,0.054,0.054
57978,0.054,0.054,0.054
57979,0.12,0.12,0.12
57980,0.168,0.168,0.168
57981,0.15,0.15,0.15
57982,0.128,0.128,0.128
57983,0.124,0.124,0.124
57984,0.146,0.146,0.146
57985,0.146,0.146,0.146
57986,0.144,0.144,0.144
57987,0.136,0.136,0.136
57988,0.132,0.132,0.132
57989,0.118,0.118,0.118
57990,0.13,0.13,0.13
57991,0.106,0.106,0.106
57992,0.116,0.116,0.116
57993,0.126,0.126,0.126
57994,0.12,0.12,0.12
57995,0.14,0.14,0.14
57996,0.126,0.126,0.126
57997,0.122,0.122,0.122
57998,0.118,0.118,0.118
57999,0.106,0.106,0.106
58000,0.118,0.118,0.118
58001,0.12,0.12,0.12
58002,0.108,0.108,0.108
58003,0.124,0.124,0.124
58004,0.126,0.126,0.126
58005,0.106,0.106,0.106
58006,0.098,0.098,0.098
58007,0.106,0.106,0.106
58008,0.116,0.116,0.116
58009,0.116,0.116,0.116
58010,0.13,0.13,0.13
58011,0.148,0.148,0.148
58012,0.154,0.154,0.154
58013,0.134,0.134,0.134
58014,0.154,0.154,0.154
58015,0.132,0.132,0.132
58016,0.126,0.126,0.126
58017,0.122,0.122,0.122
58018,0.134,0.134,0.134
58019,0.142,0.142,0.142
58020,0.136,0.136,0.136
58021,0.122,0.122,0.122
58022,0.16,0.16,0.16
58023,0.188,0.188,0.188
58024,0.154,0.154,0.154
58025,0.188,0.188,0.188
58026,0.17,0.17,0.17
58027,0.174,0.174,0.174
58028,0.17,0.17,0.17
58029,0.162,0.162,0.162
58030,0.158,0.158,0.158
58031,0.156,0.156,0.156
58032,0.164,0.164,0.164
58033,0.16,0.16,0.16
58034,0.164,0.164,0.164
58035,0.112,0.112,0.112
58036,0.154,0.154,0.154
58037,0.154,0.154,0.154
58038,0.154,0.154,0.154
58039,0.158,0.158,0.158
58040,0.156,0.156,0.156
58041,0.156,0.156,0.156
58042,0.16,0.16,0.16
58043,0.138,0.138,0.138
58044,0.15,0.15,0.15
58045,0.154,0.154,0.154
58046,0.162,0.162,0.162
58047,0.172,0.172,0.172
58048,0.17,0.17,0.17
58049,0.19,0.19,0.19
58050,0.23,0.23,0.23
58051,0.274,0.274,0.274
58052,0.246,0.246,0.246
58053,0.24,0.24,0.24
58054,0.276,0.276,0.276
58055,0.308,0.308,0.308
58056,0.248,0.248,0.248
58057,0.264,0.264,0.264
58058,0.262,0.262,0.262
58059,0.304,0.304,0.304
58060,0.302,0.302,0.302
58061,0.29,0.29,0.29
58062,0.246,0.246,0.246
58063,0.248,0.248,0.248
58064,0.244,0.244,0.244
58065,0.222,0.222,0.222
58066,0.228,0.228,0.228
58067,0.234,0.234,0.234
58068,0.238,0.238,0.238
58069,0.246,0.246,0.246
58070,0.242,0.242,0.242
58071,0.248,0.248,0.248
58072,0.238,0.238,0.238
58073,0.25,0.25,0.25
58074,0.248,0.248,0.248
58075,0.248,0.248,0.248
58076,0.278,0.278,0.278
58077,0.268,0.268,0.268
58078,0.274,0.274,0.274
58079,0.272,0.272,0.272
58080,0.276,0.276,0.276
58081,0.28,0.28,0.28
58082,0.288,0.288,0.288
58083,0.302,0.302,0.302
58084,0.298,0.298,0.298
58085,0.31,0.31,0.31
58086,0.312,0.312,0.312
58087,0.358,0.358,0.358
58088,0.342,0.342,0.342
58089,0.338,0.338,0.338
58090,0.338,0.338,0.338
58091,0.344,0.344,0.344
58092,0.342,0.342,0.342
58093,0.33,0.33,0.33
58094,0.332,0.332,0.332
58095,0.342,0.342,0.342
58096,0.336,0.336,0.336
58097,0.382,0.382,0.382
58098,0.368,0.368,0.368
58099,0.35,0.35,0.35
58100,0.376,0.376,0.376
58101,0.406,0.406,0.406
58102,0.39,0.39,0.39
58103,0.39,0.39,0.39
58104,0.372,0.372,0.372
58105,0.368,0.296,0.296
58106,0.38,0.282,0.282
58107,0.368,0.268,0.268
58108,0.372,0.24,0.24
58109,0.358,0.224,0.224
58110,0.366,0.218,0.218
58111,0.372,0.184,0.184
58112,0.382,0.182,0.182
58113,0.388,0.17,0.17
58114,0.39,0.166,0.166
58115,0.382,0.152,0.152
58116,0.386,0.148,0.148
58117,0.416,0.12,0.12
58118,0.406,0.116,0.116
58119,0.406,0.102,0.102
58120,0.404,0.066,0.066
58121,0.404,0.042,0.042
58122,0.402,0.036,0.036
58123,0.404,0.02,0.02
58124,0.426,0.018,0.018
58125,0.422,0.016,0.016
58126,0.418,0.016,0.016
58127,0.418,0.01,0.01
58128,0.412,0.01,0.01
58129,0.414,0.004,0.004
58130,0.398,0.004,0.004
58131,0.388,0.004,0.004
58132,0.39,0.004,0.004
58133,0.378,0,0
58134,0.374,0,0
58135,0.384,0,0
58136,0.446,0,0
58137,0.432,0,0
58138,0.442,0,0
58139,0.44,0,0
58140,0.432,0,0
58141,0.436,0,0
58142,0.432,0,0
58143,0.43,0,0
58144,0.43,0,0
58145,0.41,0,0
58146,0.422,0,0
58147,0.43,0,0
58148,0.426,0,0
58149,0.42,0,0
58150,0.434,0,0
58151,0.422,0,0
58152,0.428,0,0
58153,0.44,0,0
58154,0.428,0,0
58155,0.428,0,0
58156,0.418,0,0
58157,0.41,0,0
58158,0.416,0,0
58159,0.402,0,0
58160,0.398,0,0
58161,0.394,0,0
58162,0.396,0,0
58163,0.384,0,0
58164,0.378,0,0
58165,0.37,0,0
58166,0.36,0,0
58167,0.35,0,0
58168,0.35,0,0
58169,0.346,0,0
58170,0.342,0,0
58171,0.336,0,0
58172,0.332,0,0
58173,0.326,0,0
58174,0.314,0,0
58175,0.318,0,0
58176,0.312,0,0
58177,0.294,0,0
58178,0.292,0,0
58179,0.294,0,0
58180,0.288,0,0
58181,0.284,0,0
58182,0.292,0,0
58183,0.306,0,0
58184,0.296,0,0
58185,0.282,0,0
58186,0.268,0,0
58187,0.24,0,0
58188,0.224,0,0
58189,0.218,0,0
58190,0.184,0,0
58191,0.182,0,0
58192,0.17,0,0
58193,0.166,0,0
58194,0.152,0,0
58195,0.148,0,0
58196,0.12,0,0
58197,0.116,0,0
58198,0.102,0,0
58199,0.066,0,0
58200,0.042,0,0
58201,0.036,0,0
58202,0.02,0,0
58203,0.018,0,0
58204,0.016,0,0
58205,0.016,0,0
58206,0.01,0,0
58207,0.01,0,0
58208,0.004,0,0
58209,0.004,0,0
58210,0.004,0,0
58211,0.004,0,0
58212,0,0,0
58213,0,0,0
58214,0,0,0
58215,0,0,0
58216,0,0,0
58217,0,0,0
58218,0,0,0
58219,0,0,0
58220,0,0,0
58221,0,0,0
58222,0,0,0
58223,0,0,0
58224,0,0,0
58225,0,0,0
58226,0,0,0
58227,0,0,0
58228,0,0,0
58229,0,0,0
58230,0,0,0
58231,0,0,0
58232,0,0,0
58233,0,0,0
58234,0,0,0
58235,0,0,0
58236,0,0,0
58237,0,0,0
58238,0,0,0
58239,0,0,0
58240,0,0,0
58241,0,0,0
58242,0,0,0
58243,0,0,0
58244,0,0,0
58245,0,0,0
58246,0,0,0
58247,0,0,0
58248,0,0,0
58249,0,0,0
58250,0,0,0
58251,0,0,0
58252,0,0,0
58253,0,0,0
58254,0,0,0
58255,0,0,0
58256,0,0,0
58257,0,0,0
58258,0,0,0
58259,0,0,0
58260,0,0,0
58261,0,0,0
58262,0.008,0.008,0.008
58263,0,0,0
58264,0,0,0
58265,0,0,0
58266,0,0,0
58267,0,0,0
58268,0,0,0
58269,0,0,0
58270,0,0,0
58271,0,0,0
58272,0,0,0
58273,0,0,0
58274,0,0,0
58275,0,0,0
58276,0,0,0
58277,0,0,0
58278,0,0,0
58279,0,0,0
58280,0,0,0
58281,0,0,0
58282,0,0,0
58283,0,0,0
58284,0,0,0
58285,0,0,0
58286,0,0,0
58287,0,0,0
58288,0,0,0
58289,0,0,0
58290,0,0,0
58291,0,0,0
58292,0.004,0.004,0.004
58293,0,0,0
58294,0,0,0
58295,0,0,0
58296,0,0,0
58297,0,0,0
58298,0,0,0
58299,0,0,0
58300,0,0,0
58301,0,0,0
58302,0,0,0
58303,0,0,0
58304,0.004,0.004,0.004
58305,0.01,0.01,0.01
58306,0.014,0.014,0.014
58307,0.018,0.018,0.018
58308,0.02,0.02,0.02
58309,0.018,0.018,0.018
58310,0.018,0.018,0.018
58311,0.052,0.052,0.052
58312,0.052,0.052,0.052
58313,0.052,0.052,0.052
58314,0.046,0.046,0.046
58315,0.044,0.044,0.044
58316,0.044,0.044,0.044
58317,0.05,0.05,0.05
58318,0.046,0.046,0.046
58319,0.044,0.044,0.044
58320,0.038,0.038,0.038
58321,0.038,0.038,0.038
58322,0.038,0.038,0.038
58323,0.048,0.048,0.048
58324,0.058,0.058,0.058
58325,0.068,0.068,0.068
58326,0.058,0.058,0.058
58327,0.054,0.054,0.054
58328,0.05,0.05,0.05
58329,0.072,0.072,0.072
58330,0.088,0.088,0.088
58331,0.11,0.11,0.11
58332,0.098,0.098,0.098
58333,0.112,0.112,0.112
58334,0.104,0.104,0.104
58335,0.134,0.134,0.134
58336,0.14,0.14,0.14
58337,0.122,0.122,0.122
58338,0.118,0.118,0.118
58339,0.12,0.12,0.12
58340,0.106,0.106,0.106
58341,0.072,0.072,0.072
58342,0.054,0.054,0.054
58343,0.054,0.054,0.054
58344,0.12,0.12,0.12
58345,0.168,0.168,0.168
58346,0.15,0.15,0.15
58347,0.128,0.128,0.128
58348,0.124,0.124,0.124
58349,0.146,0.146,0.146
58350,0.146,0.146,0.146
58351,0.144,0.144,0.144
58352,0.136,0.136,0.136
58353,0.132,0.132,0.132
58354,0.118,0.118,0.118
58355,0.13,0.13,0.13
58356,0.106,0.106,0.106
58357,0.116,0.116,0.116
58358,0.126,0.126,0.126
58359,0.12,0.12,0.12
58360,0.14,0.14,0.14
58361,0.126,0.126,0.126
58362,0.122,0.122,0.122
58363,0.118,0.118,0.118
58364,0.106,0.106,0.106
58365,0.118,0.118,0.118
58366,0.12,0.12,0.12
58367,0.108,0.108,0.108
58368,0.124,0.124,0.124
58369,0.126,0.126,0.126
58370,0.106,0.106,0.106
58371,0.098,0.098,0.098
58372,0.106,0.106,0.106
58373,0.116,0.116,0.116
58374,0.116,0.116,0.116
58375,0.13,0.13,0.13
58376,0.148,0.148,0.148
58377,0.154,0.154,0.154
58378,0.134,0.134,0.134
58379,0.154,0.154,0.154
58380,0.132,0.132,0.132
58381,0.126,0.126,0.126
58382,0.122,0.122,0.122
58383,0.134,0.134,0.134
58384,0.142,0.142,0.142
58385,0.136,0.136,0.136
58386,0.122,0.122,0.122
58387,0.16,0.16,0.16
58388,0.188,0.188,0.188
58389,0.154,0.154,0.154
58390,0.188,0.188,0.188
58391,0.17,0.17,0.17
58392,0.174,0.174,0.174
58393,0.17,0.17,0.17
58394,0.162,0.162,0.162
58395,0.158,0.158,0.158
58396,0.156,0.156,0.156
58397,0.164,0.164,0.164
58398,0.16,0.16,0.16
58399,0.164,0.164,0.164
58400,0.112,0.112,0.112
58401,0.154,0.154,0.154
58402,0.154,0.154,0.154
58403,0.154,0.154,0.154
58404,0.158,0.158,0.158
58405,0.156,0.156,0.156
58406,0.156,0.156,0.156
58407,0.16,0.16,0.16
58408,0.138,0.138,0.138
58409,0.15,0.15,0.15
58410,0.154,0.154,0.154
58411,0.162,0.162,0.162
58412,0.172,0.172,0.172
58413,0.17,0.17,0.17
58414,0.19,0.19,0.19
58415,0.23,0.23,0.23
58416,0.274,0.274,0.274
58417,0.246,0.246,0.246
58418,0.24,0.24,0.24
58419,0.276,0.276,0.276
58420,0.308,0.308,0.308
58421,0.248,0.248,0.248
58422,0.264,0.264,0.264
58423,0.262,0.262,0.262
58424,0.304,0.304,0.304
58425,0.302,0.302,0.302
58426,0.29,0.29,0.29
58427,0.246,0.246,0.246
58428,0.248,0.248,0.248
58429,0.244,0.244,0.244
58430,0.222,0.222,0.222
58431,0.228,0.228,0.228
58432,0.234,0.234,0.234
58433,0.238,0.238,0.238
58434,0.246,0.246,0.246
58435,0.242,0.242,0.242
58436,0.248,0.248,0.248
58437,0.238,0.238,0.238
58438,0.25,0.25,0.25
58439,0.248,0.248,0.248
58440,0.248,0.248,0.248
58441,0.278,0.278,0.278
58442,0.268,0.268,0.268
58443,0.274,0.274,0.274
58444,0.272,0.272,0.272
58445,0.276,0.276,0.276
58446,0.28,0.28,0.28
58447,0.288,0.288,0.288
58448,0.302,0.302,0.302
58449,0.298,0.298,0.298
58450,0.31,0.31,0.31
58451,0.312,0.312,0.312
58452,0.358,0.358,0.358
58453,0.342,0.342,0.342
58454,0.338,0.338,0.338
58455,0.338,0.338,0.338
58456,0.344,0.344,0.344
58457,0.342,0.342,0.342
58458,0.33,0.33,0.33
58459,0.332,0.332,0.332
58460,0.342,0.342,0.342
58461,0.336,0.336,0.336
58462,0.382,0.382,0.382
58463,0.368,0.368,0.368
58464,0.35,0.35,0.35
58465,0.376,0.376,0.376
58466,0.406,0.406,0.406
58467,0.39,0.39,0.39
58468,0.39,0.39,0.39
58469,0.372,0.296,0.296
58470,0.368,0.282,0.282
58471,0.38,0.268,0.268
58472,0.368,0.24,0.24
58473,0.372,0.224,0.224
58474,0.358,0.218,0.218
58475,0.366,0.184,0.184
58476,0.372,0.182,0.182
58477,0.382,0.17,0.17
58478,0.388,0.166,0.166
58479,0.39,0.152,0.152
58480,0.382,0.148,0.148
58481,0.386,0.12,0.12
58482,0.416,0.116,0.116
58483,0.406,0.102,0.102
58484,0.406,0.066,0.066
58485,0.404,0.042,0.042
58486,0.404,0.036,0.036
58487,0.402,0.02,0.02
58488,0.404,0.018,0.018
58489,0.426,0.016,0.016
58490,0.422,0.016,0.016
58491,0.418,0.01,0.01
58492,0.418,0.01,0.01
58493,0.412,0.004,0.004
58494,0.414,0.004,0.004
58495,0.398,0.004,0.004
58496,0.388,0.004,0.004
58497,0.39,0,0
58498,0.378,0,0
58499,0.374,0,0
58500,0.384,0,0
58501,0.446,0,0
58502,0.432,0,0
58503,0.442,0,0
58504,0.44,0,0
58505,0.432,0,0
58506,0.436,0,0
58507,0.432,0,0
58508,0.43,0,0
58509,0.43,0,0
58510,0.41,0,0
58511,0.422,0,0
58512,0.43,0,0
58513,0.426,0,0
58514,0.42,0,0
58515,0.434,0,0
58516,0.422,0,0
58517,0.428,0,0
58518,0.44,0,0
58519,0.428,0,0
58520,0.428,0,0
58521,0.418,0,0
58522,0.41,0,0
58523,0.416,0,0
58524,0.402,0,0
58525,0.398,0,0
58526,0.394,0,0
58527,0.396,0,0
58528,0.384,0,0
58529,0.378,0,0
58530,0.37,0,0
58531,0.36,0,0
58532,0.35,0,0
58533,0.35,0,0
58534,0.346,0,0
58535,0.342,0,0
58536,0.336,0,0
58537,0.332,0,0
58538,0.326,0,0
58539,0.314,0,0
58540,0.318,0,0
58541,0.312,0,0
58542,0.294,0,0
58543,0.292,0,0
58544,0.294,0,0
58545,0.288,0,0
58546,0.284,0,0
58547,0.292,0,0
58548,0.306,0,0
58549,0.296,0,0
58550,0.282,0,0
58551,0.268,0,0
58552,0.24,0,0
58553,0.224,0,0
58554,0.218,0,0
58555,0.184,0,0
58556,0.182,0,0
58557,0.17,0,0
58558,0.166,0,0
58559,0.152,0,0
58560,0.148,0,0
58561,0.12,0,0
58562,0.116,0,0
58563,0.102,0,0
58564,0.066,0,0
58565,0.042,0,0
58566,0.036,0,0
58567,0.02,0,0
58568,0.018,0,0
58569,0.016,0,0
58570,0.016,0,0
58571,0.01,0,0
58572,0.01,0,0
58573,0.004,0,0
58574,0.004,0,0
58575,0.004,0,0
58576,0.004,0,0
58577,0,0,0
58578,0,0,0
58579,0,0,0
58580,0,0,0
58581,0,0,0
58582,0,0,0
58583,0,0,0
58584,0,0,0
58585,0,0,0
58586,0,0,0
58587,0,0,0
58588,0,0,0
58589,0,0,0
58590,0,0,0
58591,0,0,0
58592,0,0,0
58593,0,0,0
58594,0,0,0
58595,0,0,0
58596,0,0,0
58597,0,0,0
58598,0,0,0
58599,0,0,0
58600,0,0,0
58601,0,0,0
58602,0,0,0
58603,0,0,0
58604,0,0,0
58605,0,0,0
58606,0,0,0
58607,0,0,0
58608,0,0,0
58609,0,0,0
58610,0,0,0
58611,0,0,0
58612,0,0,0
58613,0,0,0
58614,0,0,0
58615,0,0,0
58616,0,0,0
58617,0,0,0
58618,0,0,0
58619,0,0,0
58620,0,0,0
58621,0,0,0
58622,0,0,0
58623,0,0,0
58624,0,0,0
58625,0,0,0
58626,0,0,0
58627,0.008,0.008,0.008
58628,0,0,0
58629,0,0,0
58630,0,0,0
58631,0,0,0
58632,0,0,0
58633,0,0,0
58634,0,0,0
58635,0,0,0
58636,0,0,0
58637,0,0,0
58638,0,0,0
58639,0,0,0
58640,0,0,0
58641,0,0,0
58642,0,0,0
58643,0,0,0
58644,0,0,0
58645,0,0,0
58646,0,0,0
58647,0,0,0
58648,0,0,0
58649,0,0,0
58650,0,0,0
58651,0,0,0
58652,0,0,0
58653,0,0,0
58654,0,0,0
58655,0,0,0
58656,0,0,0
58657,0.004,0.004,0.004
58658,0,0,0
58659,0,0,0
58660,0,0,0
58661,0,0,0
58662,0,0,0
58663,0,0,0
58664,0,0,0
58665,0,0,0
58666,0,0,0
58667,0,0,0
58668,0,0,0
58669,0.004,0.004,0.004
58670,0.01,0.01,0.01
58671,0.014,0.014,0.014
58672,0.018,0.018,0.018
58673,0.02,0.02,0.02
58674,0.018,0.018,0.018
58675,0.018,0.018,0.018
58676,0.052,0.052,0.052
58677,0.052,0.052,0.052
58678,0.052,0.052,0.052
58679,0.046,0.046,0.046
58680,0.044,0.044,0.044
58681,0.044,0.044,0.044
58682,0.05,0.05,0.05
58683,0.046,0.046,0.046
58684,0.044,0.044,0.044
58685,0.038,0.038,0.038
58686,0.038,0.038,0.038
58687,0.038,0.038,0.038
58688,0.048,0.048,0.048
58689,0.058,0.058,0.058
58690,0.068,0.068,0.068
58691,0.058,0.058,0.058
58692,0.054,0.054,0.054
58693,0.05,0.05,0.05
58694,0.072,0.072,0.072
58695,0.088,0.088,0.088
58696,0.11,0.11,0.11
58697,0.098,0.098,0.098
58698,0.112,0.112,0.112
58699,0.104,0.104,0.104
58700,0.134,0.134,0.134
58701,0.14,0.14,0.14
58702,0.122,0.122,0.122
58703,0.118,0.118,0.118
58704,0.12,0.12,0.12
58705,0.106,0.106,0.106
58706,0.072,0.072,0.072
58707,0.054,0.054,0.054
58708,0.054,0.054,0.054
58709,0.12,0.12,0.12
58710,0.168,0.168,0.168
58711,0.15,0.15,0.15
58712,0.128,0.128,0.128
58713,0.124,0.124,0.124
58714,0.146,0.146,0.146
58715,0.146,0.146,0.146
58716,0.144,0.144,0.144
58717,0.136,0.136,0.136
58718,0.132,0.132,0.132
58719,0.118,0.118,0.118
58720,0.13,0.13,0.13
58721,0.106,0.106,0.106
58722,0.116,0.116,0.116
58723,0.126,0.126,0.126
58724,0.12,0.12,0.12
58725,0.14,0.14,0.14
58726,0.126,0.126,0.126
58727,0.122,0.122,0.122
58728,0.118,0.118,0.118
58729,0.106,0.106,0.106
58730,0.118,0.118,0.118
58731,0.12,0.12,0.12
58732,0.108,0.108,0.108
58733,0.124,0.124,0.124
58734,0.126,0.126,0.126
58735,0.106,0.106,0.106
58736,0.098,0.098,0.098
58737,0.106,0.106,0.106
58738,0.116,0.116,0.116
58739,0.116,0.116,0.116
58740,0.13,0.13,0.13
58741,0.148,0.148,0.148
58742,0.154,0.154,0.154
58743,0.134,0.134,0.134
58744,0.154,0.154,0.154
58745,0.132,0.132,0.132
58746,0.126,0.126,0.126
58747,0.122,0.122,0.122
58748,0.134,0.134,0.134
58749,0.142,0.142,0.142
58750,0.136,0.136,0.136
58751,0.122,0.122,0.122
58752,0.16,0.16,0.16
58753,0.188,0.188,0.188
58754,0.154,0.154,0.154
58755,0.188,0.188,0.188
58756,0.17,0.17,0.17
58757,0.174,0.174,0.174
58758,0.17,0.17,0.17
58759,0.162,0.162,0.162
58760,0.158,0.158,0.158
58761,0.156,0.156,0.156
58762,0.164,0.164,0.164
58763,0.16,0.16,0.16
58764,0.164,0.164,0.164
58765,0.112,0.112,0.112
58766,0.154,0.154,0.154
58767,0.154,0.154,0.154
58768,0.154,0.154,0.154
58769,0.158,0.158,0.158
58770,0.156,0.156,0.156
58771,0.156,0.156,0.156
58772,0.16,0.16,0.16
58773,0.138,0.138,0.138
58774,0.15,0.15,0.15
58775,0.154,0.154,0.154
58776,0.162,0.162,0.162
58777,0.172,0.172,0.172
58778,0.17,0.17,0.17
58779,0.19,0.19,0.19
58780,0.23,0.23,0.23
58781,0.274,0.274,0.274
58782,0.246,0.246,0.246
58783,0.24,0.24,0.24
58784,0.276,0.276,0.276
58785,0.308,0.308,0.308
58786,0.248,0.248,0.248
58787,0.264,0.264,0.264
58788,0.262,0.262,0.262
58789,0.304,0.304,0.304
58790,0.302,0.302,0.302
58791,0.29,0.29,0.29
58792,0.246,0.246,0.246
58793,0.248,0.248,0.248
58794,0.244,0.244,0.244
58795,0.222,0.222,0.222
58796,0.228,0.228,0.228
58797,0.234,0.234,0.234
58798,0.238,0.238,0.238
58799,0.246,0.246,0.246
58800,0.242,0.242,0.242
58801,0.248,0.248,0.248
58802,0.238,0.238,0.238
58803,0.25,0.25,0.25
58804,0.248,0.248,0.248
58805,0.248,0.248,0.248
58806,0.278,0.278,0.278
58807,0.268,0.268,0.268
58808,0.274,0.274,0.274
58809,0.272,0.272,0.272
58810,0.276,0.276,0.276
58811,0.28,0.28,0.28
58812,0.288,0.288,0.288
58813,0.302,0.302,0.302
58814,0.298,0.298,0.298
58815,0.31,0.31,0.31
58816,0.312,0.312,0.312
58817,0.358,0.358,0.358
58818,0.342,0.342,0.342
58819,0.338,0.338,0.338
58820,0.338,0.338,0.338
58821,0.344,0.344,0.344
58822,0.342,0.342,0.342
58823,0.33,0.33,0.33
58824,0.332,0.332,0.332
58825,0.342,0.342,0.342
58826,0.336,0.336,0.336
58827,0.382,0.382,0.382
58828,0.368,0.368,0.368
58829,0.35,0.35,0.35
58830,0.376,0.376,0.376
58831,0.406,0.406,0.406
58832,0.39,0.39,0.39
58833,0.39,0.39,0.39
58834,0.372,0.296,0.296
58835,0.368,0.282,0.282
58836,0.38,0.268,0.268
58837,0.368,0.24,0.24
58838,0.372,0.224,0.224
58839,0.358,0.218,0.218
58840,0.366,0.184,0.184
58841,0.372,0.182,0.182
58842,0.382,0.17,0.17
58843,0.388,0.166,0.166
58844,0.39,0.152,0.152
58845,0.382,0.148,0.148
58846,0.386,0.12,0.12
58847,0.416,0.116,0.116
58848,0.406,0.102,0.102
58849,0.406,0.066,0.066
58850,0.404,0.042,0.042
58851,0.404,0.036,0.036
58852,0.402,0.02,0.02
58853,0.404,0.018,0.018
58854,0.426,0.016,0.016
58855,0.422,0.016,0.016
58856,0.418,0.01,0.01
58857,0.418,0.01,0.01
58858,0.412,0.004,0.004
58859,0.414,0.004,0.004
58860,0.398,0.004,0.004
58861,0.388,0.004,0.004
58862,0.39,0,0
58863,0.378,0,0
58864,0.374,0,0
58865,0.384,0,0
58866,0.446,0,0
58867,0.432,0,0
58868,0.442,0,0
58869,0.44,0,0
58870,0.432,0,0
58871,0.436,0,0
58872,0.432,0,0
58873,0.43,0,0
58874,0.43,0,0
58875,0.41,0,0
58876,0.422,0,0
58877,0.43,0,0
58878,0.426,0,0
58879,0.42,0,0
58880,0.434,0,0
58881,0.422,0,0
58882,0.428,0,0
58883,0.44,0,0
58884,0.428,0,0
58885,0.428,0,0
58886,0.418,0,0
58887,0.41,0,0
58888,0.416,0,0
58889,0.402,0,0
58890,0.398,0,0
58891,0.394,0,0
58892,0.396,0,0
58893,0.384,0,0
58894,0.378,0,0
58895,0.37,0,0
58896,0.36,0,0
58897,0.35,0,0
58898,0.35,0,0
58899,0.346,0,0
58900,0.342,0,0
58901,0.336,0,0
58902,0.332,0,0
58903,0.326,0,0
58904,0.314,0,0
58905,0.318,0,0
58906,0.312,0,0
58907,0.294,0,0
58908,0.292,0,0
58909,0.294,0,0
58910,0.288,0,0
58911,0.284,0,0
58912,0.292,0,0
58913,0.306,0,0
58914,0.296,0,0
58915,0.282,0,0
58916,0.268,0,0
58917,0.24,0,0
58918,0.224,0,0
58919,0.218,0,0
58920,0.184,0,0
58921,0.182,0,0
58922,0.17,0,0
58923,0.166,0,0
58924,0.152,0,0
58925,0.148,0,0
58926,0.12,0,0
58927,0.116,0,0
58928,0.102,0,0
58929,0.066,0,0
58930,0.042,0,0
58931,0.036,0,0
58932,0.02,0,0
58933,0.018,0,0
58934,0.016,0,0
58935,0.016,0,0
58936,0.01,0,0
58937,0.01,0,0
58938,0.004,0,0
58939,0.004,0,0
58940,0.004,0,0
58941,0.004,0,0
58942,0,0,0
58943,0,0,0
58944,0,0,0
58945,0,0,0
58946,0,0,0
58947,0,0,0
58948,0,0,0
58949,0,0,0
58950,0,0,0
58951,0,0,0
58952,0,0,0
58953,0,0,0
58954,0,0,0
58955,0,0,0
58956,0,0,0
58957,0,0,0
58958,0,0,0
58959,0,0,0
58960,0,0,0
58961,0,0,0
58962,0,0,0
58963,0,0,0
58964,0,0,0
58965,0,0,0
58966,0,0,0
58967,0,0,0
58968,0,0,0
58969,0,0,0
58970,0,0,0
58971,0,0,0
58972,0,0,0
58973,0,0,0
58974,0,0,0
58975,0,0,0
58976,0,0,0
58977,0,0,0
58978,0,0,0
58979,0,0,0
58980,0,0,0
58981,0,0,0
58982,0,0,0
58983,0,0,0
58984,0,0,0
58985,0,0,0
58986,0,0,0
58987,0,0,0
58988,0,0,0
58989,0,0,0
58990,0,0,0
58991,0,0,0
58992,0.008,0.008,0.008
58993,0,0,0
58994,0,0,0
58995,0,0,0
58996,0,0,0
58997,0,0,0
58998,0,0,0
58999,0,0,0
59000,0,0,0
59001,0,0,0
59002,0,0,0
59003,0,0,0
59004,0,0,0
59005,0,0,0
59006,0,0,0
59007,0,0,0
59008,0,0,0
59009,0,0,0
59010,0,0,0
59011,0,0,0
59012,0,0,0
59013,0,0,0
59014,0,0,0
59015,0,0,0
59016,0,0,0
59017,0,0,0
59018,0,0,0
59019,0,0,0
59020,0,0,0
59021,0,0,0
59022,0.004,0.004,0.004
59023,0,0,0
59024,0,0,0
59025,0,0,0
59026,0,0,0
59027,0,0,0
59028,0,0,0
59029,0,0,0
59030,0,0,0
59031,0,0,0
59032,0,0,0
59033,0,0,0
59034,0.004,0.004,0.004
59035,0.01,0.01,0.01
59036,0.014,0.014,0.014
59037,0.018,0.018,0.018
59038,0.02,0.02,0.02
59039,0.018,0.018,0.018
59040,0.018,0.018,0.018
59041,0.052,0.052,0.052
59042,0.052,0.052,0.052
59043,0.052,0.052,0.052
59044,0.046,0.046,0.046
59045,0.044,0.044,0.044
59046,0.044,0.044,0.044
59047,0.05,0.05,0.05
59048,0.046,0.046,0.046
59049,0.044,0.044,0.044
59050,0.038,0.038,0.038
59051,0.038,0.038,0.038
59052,0.038,0.038,0.038
59053,0.048,0.048,0.048
59054,0.058,0.058,0.058
59055,0.068,0.068,0.068
59056,0.058,0.058,0.058
59057,0.054,0.054,0.054
59058,0.05,0.05,0.05
59059,0.072,0.072,0.072
59060,0.088,0.088,0.088
59061,0.11,0.11,0.11
59062,0.098,0.098,0.098
59063,0.112,0.112,0.112
59064,0.104,0.104,0.104
59065,0.134,0.134,0.134
59066,0.14,0.14,0.14
59067,0.122,0.122,0.122
59068,0.118,0.118,0.118
59069,0.12,0.12,0.12
59070,0.106,0.106,0.106
59071,0.072,0.072,0.072
59072,0.054,0.054,0.054
59073,0.054,0.054,0.054
59074,0.12,0.12,0.12
59075,0.168,0.168,0.168
59076,0.15,0.15,0.15
59077,0.128,0.128,0.128
59078,0.124,0.124,0.124
59079,0.146,0.146,0.146
59080,0.146,0.146,0.146
59081,0.144,0.144,0.144
59082,0.136,0.136,0.136
59083,0.132,0.132,0.132
59084,0.118,0.118,0.118
59085,0.13,0.13,0.13
59086,0.106,0.106,0.106
59087,0.116,0.116,0.116
59088,0.126,0.126,0.126
59089,0.12,0.12,0.12
59090,0.14,0.14,0.14
59091,0.126,0.126,0.126
59092,0.122,0.122,0.122
59093,0.118,0.118,0.118
59094,0.106,0.106,0.106
59095,0.118,0.118,0.118
59096,0.12,0.12,0.12
59097,0.108,0.108,0.108
59098,0.124,0.124,0.124
59099,0.126,0.126,0.126
59100,0.106,0.106,0.106
59101,0.098,0.098,0.098
59102,0.106,0.106,0.106
59103,0.116,0.116,0.116
59104,0.116,0.116,0.116
59105,0.13,0.13,0.13
59106,0.148,0.148,0.148
59107,0.154,0.154,0.154
59108,0.134,0.134,0.134
59109,0.154,0.154,0.154
59110,0.132,0.132,0.132
59111,0.126,0.126,0.126
59112,0.122,0.122,0.122
59113,0.134,0.134,0.134
59114,0.142,0.142,0.142
59115,0.136,0.136,0.136
59116,0.122,0.122,0.122
59117,0.16,0.16,0.16
59118,0.188,0.188,0.188
59119,0.154,0.154,0.154
59120,0.188,0.188,0.188
59121,0.17,0.17,0.17
59122,0.174,0.174,0.174
59123,0.17,0.17,0.17
59124,0.162,0.162,0.162
59125,0.158,0.158,0.158
59126,0.156,0.156,0.156
59127,0.164,0.164,0.164
59128,0.16,0.16,0.16
59129,0.164,0.164,0.164
59130,0.112,0.112,0.112
59131,0.154,0.154,0.154
59132,0.154,0.154,0.154
59133,0.154,0.154,0.154
59134,0.158,0.158,0.158
59135,0.156,0.156,0.156
59136,0.156,0.156,0.156
59137,0.16,0.16,0.16
59138,0.138,0.138,0.138
59139,0.15,0.15,0.15
59140,0.154,0.154,0.154
59141,0.162,0.162,0.162
59142,0.172,0.172,0.172
59143,0.17,0.17,0.17
59144,0.19,0.19,0.19
59145,0.23,0.23,0.23
59146,0.274,0.274,0.274
59147,0.246,0.246,0.246
59148,0.24,0.24,0.24
59149,0.276,0.276,0.276
59150,0.308,0.308,0.308
59151,0.248,0.248,0.248
59152,0.264,0.264,0.264
59153,0.262,0.262,0.262
59154,0.304,0.304,0.304
59155,0.302,0.302,0.302
59156,0.29,0.29,0.29
59157,0.246,0.246,0.246
59158,0.248,0.248,0.248
59159,0.244,0.244,0.244
59160,0.222,0.222,0.222
59161,0.228,0.228,0.228
59162,0.234,0.234,0.234
59163,0.238,0.238,0.238
59164,0.246,0.246,0.246
59165,0.242,0.242,0.242
59166,0.248,0.248,0.248
59167,0.238,0.238,0.238
59168,0.25,0.25,0.25
59169,0.248,0.248,0.248
59170,0.248,0.248,0.248
59171,0.278,0.278,0.278
59172,0.268,0.268,0.268
59173,0.274,0.274,0.274
59174,0.272,0.272,0.272
59175,0.276,0.276,0.276
59176,0.28,0.28,0.28
59177,0.288,0.288,0.288
59178,0.302,0.302,0.302
59179,0.298,0.298,0.298
59180,0.31,0.31,0.31
59181,0.312,0.312,0.312
59182,0.358,0.358,0.358
59183,0.342,0.342,0.342
59184,0.338,0.338,0.338
59185,0.338,0.338,0.338
59186,0.344,0.344,0.344
59187,0.342,0.342,0.342
59188,0.33,0.33,0.33
59189,0.332,0.332,0.332
59190,0.342,0.342,0.342
59191,0.336,0.336,0.336
59192,0.382,0.382,0.382
59193,0.368,0.368,0.368
59194,0.35,0.35,0.35
59195,0.376,0.376,0.376
59196,0.406,0.406,0.406
59197,0.39,0.39,0.39
59198,0.39,0.296,0.296
59199,0.372,0.282,0.282
59200,0.368,0.268,0.268
59201,0.38,0.24,0.24
59202,0.368,0.224,0.224
59203,0.372,0.218,0.218
59204,0.358,0.184,0.184
59205,0.366,0.182,0.182
59206,0.372,0.17,0.17
59207,0.382,0.166,0.166
59208,0.388,0.152,0.152
59209,0.39,0.148,0.148
59210,0.382,0.12,0.12
59211,0.386,0.116,0.116
59212,0.416,0.102,0.102
59213,0.406,0.066,0.066
59214,0.406,0.042,0.042
59215,0.404,0.036,0.036
59216,0.404,0.02,0.02
59217,0.402,0.018,0.018
59218,0.404,0.016,0.016
59219,0.426,0.016,0.016
59220,0.422,0.01,0.01
59221,0.418,0.01,0.01
59222,0.418,0.004,0.004
59223,0.412,0.004,0.004
59224,0.414,0.004,0.004
59225,0.398,0.004,0.004
59226,0.388,0,0
59227,0.39,0,0
59228,0.378,0,0
59229,0.374,0,0
59230,0.384,0,0
59231,0.446,0,0
59232,0.432,0,0
59233,0.442,0,0
59234,0.44,0,0
59235,0.432,0,0
59236,0.436,0,0
59237,0.432,0,0
59238,0.43,0,0
59239,0.43,0,0
59240,0.41,0,0
59241,0.422,0,0
59242,0.43,0,0
59243,0.426,0,0
59244,0.42,0,0
59245,0.434,0,0
59246,0.422,0,0
59247,0.428,0,0
59248,0.44,0,0
59249,0.428,0,0
59250,0.428,0,0
59251,0.418,0,0
59252,0.41,0,0
59253,0.416,0,0
59254,0.402,0,0
59255,0.398,0,0
59256,0.394,0,0
59257,0.396,0,0
59258,0.384,0,0
59259,0.378,0,0
59260,0.37,0,0
59261,0.36,0,0
59262,0.35,0,0
59263,0.35,0,0
59264,0.346,0,0
59265,0.342,0,0
59266,0.336,0,0
59267,0.332,0,0
59268,0.326,0,0
59269,0.314,0,0
59270,0.318,0,0
59271,0.312,0,0
59272,0.294,0,0
59273,0.292,0,0
59274,0.294,0,0
59275,0.288,0,0
59276,0.284,0,0
59277,0.292,0,0
59278,0.306,0,0
59279,0.296,0,0
59280,0.282,0,0
59281,0.268,0,0
59282,0.24,0,0
59283,0.224,0,0
59284,0.218,0,0
59285,0.184,0,0
59286,0.182,0,0
59287,0.17,0,0
59288,0.166,0,0
59289,0.152,0,0
59290,0.148,0,0
59291,0.12,0,0
59292,0.116,0,0
59293,0.102,0,0
59294,0.066,0,0
59295,0.042,0,0
59296,0.036,0,0
59297,0.02,0,0
59298,0.018,0,0
59299,0.016,0,0
59300,0.016,0,0
59301,0.01,0,0
59302,0.01,0,0
59303,0.004,0,0
59304,0.004,0,0
59305,0.004,0,0
59306,0.004,0,0
59307,0,0,0
59308,0,0,0
59309,0,0,0
59310,0,0,0
59311,0,0,0
59312,0,0,0
59313,0,0,0
59314,0,0,0
59315,0,0,0
59316,0,0,0
59317,0,0,0
59318,0,0,0
59319,0,0,0
59320,0,0,0
59321,0,0,0
59322,0,0,0
59323,0,0,0
59324,0,0,0
59325,0,0,0
59326,0,0,0
59327,0,0,0
59328,0,0,0
59329,0,0,0
59330,0,0,0
59331,0,0,0
59332,0,0,0
59333,0,0,0
59334,0,0,0
59335,0,0,0
59336,0,0,0
59337,0,0,0
59338,0,0,0
59339,0,0,0
59340,0,0,0
59341,0,0,0
59342,0,0,0
59343,0,0,0
59344,0,0,0
59345,0,0,0
59346,0,0,0
59347,0,0,0
59348,0,0,0
59349,0,0,0
59350,0,0,0
59351,0,0,0
59352,0,0,0
59353,0,0,0
59354,0,0,0
59355,0,0,0
59356,0,0,0
59357,0.008,0.008,0.008
59358,0,0,0
59359,0,0,0
59360,0,0,0
59361,0,0,0
59362,0,0,0
59363,0,0,0
59364,0,0,0
59365,0,0,0
59366,0,0,0
59367,0,0,0
59368,0,0,0
59369,0,0,0
59370,0,0,0
59371,0,0,0
59372,0,0,0
59373,0,0,0
59374,0,0,0
59375,0,0,0
59376,0,0,0
59377,0,0,0
59378,0,0,0
59379,0,0,0
59380,0,0,0
59381,0,0,0
59382,0,0,0
59383,0,0,0
59384,0,0,0
59385,0,0,0
59386,0,0,0
59387,0.004,0.004,0.004
59388,0,0,0
59389,0,0,0
59390,0,0,0
59391,0,0,0
59392,0,0,0
59393,0,0,0
59394,0,0,0
59395,0,0,0
59396,0,0,0
59397,0,0,0
59398,0,0,0
59399,0.004,0.004,0.004
59400,0.01,0.01,0.01
59401,0.014,0.014,0.014
59402,0.018,0.018,0.018
59403,0.02,0.02,0.02
59404,0.018,0.018,0.018
59405,0.018,0.018,0.018
59406,0.052,0.052,0.052
59407,0.052,0.052,0.052
59408,0.052,0.052,0.052
59409,0.046,0.046,0.046
59410,0.044,0.044,0.044
59411,0.044,0.044,0.044
59412,0.05,0.05,0.05
59413,0.046,0.046,0.046
59414,0.044,0.044,0.044
59415,0.038,0.038,0.038
59416,0.038,0.038,0.038
59417,0.038,0.038,0.038
59418,0.048,0.048,0.048
59419,0.058,0.058,0.058
59420,0.068,0.068,0.068
59421,0.058,0.058,0.058
59422,0.054,0.054,0.054
59423,0.05,0.05,0.05
59424,0.072,0.072,0.072
59425,0.088,0.088,0.088
59426,0.11,0.11,0.11
59427,0.098,0.098,0.098
59428,0.112,0.112,0.112
59429,0.104,0.104,0.104
59430,0.134,0.134,0.134
59431,0.14,0.14,0.14
59432,0.122,0.122,0.122
59433,0.118,0.118,0.118
59434,0.12,0.12,0.12
59435,0.106,0.106,0.106
59436,0.072,0.072,0.072
59437,0.054,0.054,0.054
59438,0.054,0.054,0.054
59439,0.12,0.12,0.12
59440,0.168,0.168,0.168
59441,0.15,0.15,0.15
59442,0.128,0.128,0.128
59443,0.124,0.124,0.124
59444,0.146,0.146,0.146
59445,0.146,0.146,0.146
59446,0.144,0.144,0.144
59447,0.136,0.136,0.136
59448,0.132,0.132,0.132
59449,0.118,0.118,0.118
59450,0.13,0.13,0.13
59451,0.106,0.106,0.106
59452,0.116,0.116,0.116
59453,0.126,0.126,0.126
59454,0.12,0.12,0.12
59455,0.14,0.14,0.14
59456,0.126,0.126,0.126
59457,0.122,0.122,0.122
59458,0.118,0.118,0.118
59459,0.106,0.106,0.106
59460,0.118,0.118,0.118
59461,0.12,0.12,0.12
59462,0.108,0.108,0.108
59463,0.124,0.124,0.124
59464,0.126,0.126,0.126
59465,0.106,0.106,0.106
59466,0.098,0.098,0.098
59467,0.106,0.106,0.106
59468,0.116,0.116,0.116
59469,0.116,0.116,0.116
59470,0.13,0.13,0.13
59471,0.148,0.148,0.148
59472,0.154,0.154,0.154
59473,0.134,0.134,0.134
59474,0.154,0.154,0.154
59475,0.132,0.132,0.132
59476,0.126,0.126,0.126
59477,0.122,0.122,0.122
59478,0.134,0.134,0.134
59479,0.142,0.142,0.142
59480,0.136,0.136,0.136
59481,0.122,0.122,0.122
59482,0.16,0.16,0.16
59483,0.188,0.188,0.188
59484,0.154,0.154,0.154
59485,0.188,0.188,0.188
59486,0.17,0.17,0.17
59487,0.174,0.174,0.174
59488,0.17,0.17,0.17
59489,0.162,0.162,0.162
59490,0.158,0.158,0.158
59491,0.156,0.156,0.156
59492,0.164,0.164,0.164
59493,0.16,0.16,0.16
59494,0.164,0.164,0.164
59495,0.112,0.112,0.112
59496,0.154,0.154,0.154
59497,0.154,0.154,0.154
59498,0.154,0.154,0.154
59499,0.158,0.158,0.158
59500,0.156,0.156,0.156
59501,0.156,0.156,0.156
59502,0.16,0.16,0.16
59503,0.138,0.138,0.138
59504,0.15,0.15,0.15
59505,0.154,0.154,0.154
59506,0.162,0.162,0.162
59507,0.172,0.172,0.172
59508,0.17,0.17,0.17
59509,0.19,0.19,0.19
59510,0.23,0.23,0.23
59511,0.274,0.274,0.274
59512,0.246,0.246,0.246
59513,0.24,0.24,0.24
59514,0.276,0.276,0.276
59515,0.308,0.308,0.308
59516,0.248,0.248,0.248
59517,0.264,0.264,0.264
59518,0.262,0.262,0.262
59519,0.304,0.304,0.304
59520,0.302,0.302,0.302
59521,0.29,0.29,0.29
59522,0.246,0.246,0.246
59523,0.248,0.248,0.248
59524,0.244,0.244,0.244
59525,0.222,0.222,0.222
59526,0.228,0.228,0.228
59527,0.234,0.234,0.234
59528,0.238,0.238,0.238
59529,0.246,0.246,0.246
59530,0.242,0.242,0.242
59531,0.248,0.248,0.248
59532,0.238,0.238,0.238
59533,0.25,0.25,0.25
59534,0.248,0.248,0.248
59535,0.248,0.248,0.248
59536,0.278,0.278,0.278
59537,0.268,0.268,0.268
59538,0.274,0.274,0.274
59539,0.272,0.272,0.272
59540,0.276,0.276,0.276
59541,0.28,0.28,0.28
59542,0.288,0.288,0.288
59543,0.302,0.302,0.302
59544,0.298,0.298,0.298
59545,0.31,0.31,0.31
59546,0.312,0.312,0.312
59547,0.358,0.358,0.358
59548,0.342,0.342,0.342
59549,0.338,0.338,0.338
59550,0.338,0.338,0.338
59551,0.344,0.344,0.344
59552,0.342,0.342,0.342
59553,0.33,0.33,0.33
59554,0.332,0.332,0.332
59555,0.342,0.342,0.342
59556,0.336,0.336,0.336
59557,0.382,0.382,0.382
59558,0.368,0.368,0.368
59559,0.35,0.35,0.35
59560,0.376,0.376,0.376
59561,0.406,0.406,0.406
59562,0.39,0.39,0.39
59563,0.39,0.296,0.296
59564,0.372,0.282,0.282
59565,0.368,0.268,0.268
59566,0.38,0.24,0.24
59567,0.368,0.224,0.224
59568,0.372,0.218,0.218
59569,0.358,0.184,0.184
59570,0.366,0.182,0.182
59571,0.372,0.17,0.17
59572,0.382,0.166,0.166
59573,0.388,0.152,0.152
59574,0.39,0.148,0.148
59575,0.382,0.12,0.12
59576,0.386,0.116,0.116
59577,0.416,0.102,0.102
59578,0.406,0.066,0.066
59579,0.406,0.042,0.042
59580,0.404,0.036,0.036
59581,0.404,0.02,0.02
59582,0.402,0.018,0.018
59583,0.404,0.016,0.016
59584,0.426,0.016,0.016
59585,0.422,0.01,0.01
59586,0.418,0.01,0.01
59587,0.418,0.004,0.004
59588,0.412,0.004,0.004
59589,0.414,0.004,0.004
59590,0.398,0.004,0.004
59591,0.388,0,0
59592,0.39,0,0
59593,0.378,0,0
59594,0.374,0,0
59595,0.384,0,0
59596,0.446,0,0
59597,0.432,0,0
59598,0.442,0,0
59599,0.44,0,0
59600,0.432,0,0
59601,0.436,0,0
59602,0.432,0,0
59603,0.43,0,0
59604,0.43,0,0
59605,0.41,0,0
59606,0.422,0,0
59607,0.43,0,0
59608,0.426,0,0
59609,0.42,0,0
59610,0.434,0,0
59611,0.422,0,0
59612,0.428,0,0
59613,0.44,0,0
59614,0.428,0,0
59615,0.428,0,0
59616,0.418,0,0
59617,0.41,0,0
59618,0.416,0,0
59619,0.402,0,0
59620,0.398,0,0
59621,0.394,0,0
59622,0.396,0,0
59623,0.384,0,0
59624,0.378,0,0
59625,0.37,0,0
59626,0.36,0,0
59627,0.35,0,0
59628,0.35,0,0
59629,0.346,0,0
59630,0.342,0,0
59631,0.336,0,0
59632,0.332,0,0
59633,0.326,0,0
59634,0.314,0,0
59635,0.318,0,0
59636,0.312,0,0
59637,0.294,0,0
59638,0.292,0,0
59639,0.294,0,0
59640,0.288,0,0
59641,0.284,0,0
59642,0.292,0,0
59643,0.306,0,0
59644,0.296,0,0
59645,0.282,0,0
59646,0.268,0,0
59647,0.24,0,0
59648,0.224,0,0
59649,0.218,0,0
59650,0.184,0,0
59651,0.182,0,0
59652,0.17,0,0
59653,0.166,0,0
59654,0.152,0,0
59655,0.148,0,0
59656,0.12,0,0
59657,0.116,0,0
59658,0.102,0,0
59659,0.066,0,0
59660,0.042,0,0
59661,0.036,0,0
59662,0.02,0,0
59663,0.018,0,0
59664,0.016,0,0
59665,0.016,0,0
59666,0.01,0,0
59667,0.01,0,0
59668,0.004,0,0
59669,0.004,0,0
59670,0.004,0,0
59671,0.004,0,0
59672,0,0,0
59673,0,0,0
59674,0,0,0
59675,0,0,0
59676,0,0,0
59677,0,0,0
59678,0,0,0
59679,0,0,0
59680,0,0,0
59681,0,0,0
59682,0,0,0
59683,0,0,0
59684,0,0,0
59685,0,0,0
59686,0,0,0
59687,0,0,0
59688,0,0,0
59689,0,0,0
59690,0,0,0
59691,0,0,0
59692,0,0,0
59693,0,0,0
59694,0,0,0
59695,0,0,0
59696,0,0,0
59697,0,0,0
59698,0,0,0
59699,0,0,0
59700,0,0,0
59701,0,0,0
59702,0,0,0
59703,0,0,0
59704,0,0,0
59705,0,0,0
59706,0,0,0
59707,0,0,0
59708,0,0,0
59709,0,0,0
59710,0,0,0
59711,0,0,0
59712,0,0,0
59713,0,0,0
59714,0,0,0
59715,0,0,0
59716,0,0,0
59717,0,0,0
59718,0,0,0
59719,0,0,0
59720,0,0,0
59721,0,0,0
59722,0.008,0.008,0.008
59723,0,0,0
59724,0,0,0
59725,0,0,0
59726,0,0,0
59727,0,0,0
59728,0,0,0
59729,0,0,0
59730,0,0,0
59731,0,0,0
59732,0,0,0
59733,0,0,0
59734,0,0,0
59735,0,0,0
59736,0,0,0
59737,0,0,0
59738,0,0,0
59739,0,0,0
59740,0,0,0
59741,0,0,0
59742,0,0,0
59743,0,0,0
59744,0,0,0
59745,0,0,0
59746,0,0,0
59747,0,0,0
59748,0,0,0
59749,0,0,0
59750,0,0,0
59751,0,0,0
59752,0.004,0.004,0.004
59753,0,0,0
59754,0,0,0
59755,0,0,0
59756,0,0,0
59757,0,0,0
59758,0,0,0
59759,0,0,0
59760,0,0,0
59761,0,0,0
59762,0,0,0
59763,0,0,0
59764,0.004,0.004,0.004
59765,0.01,0.01,0.01
59766,0.014,0.014,0.014
59767,0.018,0.018,0.018
59768,0.02,0.02,0.02
59769,0.018,0.018,0.018
59770,0.018,0.018,0.018
59771,0.052,0.052,0.052
59772,0.052,0.052,0.052
59773,0.052,0.052,0.052
59774,0.046,0.046,0.046
59775,0.044,0.044,0.044
59776,0.044,0.044,0.044
59777,0.05,0.05,0.05
59778,0.046,0.046,0.046
59779,0.044,0.044,0.044
59780,0.038,0.038,0.038
59781,0.038,0.038,0.038
59782,0.038,0.038,0.038
59783,0.048,0.048,0.048
59784,0.058,0.058,0.058
59785,0.068,0.068,0.068
59786,0.058,0.058,0.058
59787,0.054,0.054,0.054
59788,0.05,0.05,0.05
59789,0.072,0.072,0.072
59790,0.088,0.088,0.088
59791,0.11,0.11,0.11
59792,0.098,0.098,0.098
59793,0.112,0.112,0.112
59794,0.104,0.104,0.104
59795,0.134,0.134,0.134
59796,0.14,0.14,0.14
59797,0.122,0.122,0.122
59798,0.118,0.118,0.118
59799,0.12,0.12,0.12
59800,0.106,0.106,0.106
59801,0.072,0.072,0.072
59802,0.054,0.054,0.054
59803,0.054,0.054,0.054
59804,0.12,0.12,0.12
59805,0.168,0.168,0.168
59806,0.15,0.15,0.15
59807,0.128,0.128,0.128
59808,0.124,0.124,0.124
59809,0.146,0.146,0.146
59810,0.146,0.146,0.146
59811,0.144,0.144,0.144
59812,0.136,0.136,0.136
59813,0.132,0.132,0.132
59814,0.118,0.118,0.118
59815,0.13,0.13,0.13
59816,0.106,0.106,0.106
59817,0.116,0.116,0.116
59818,0.126,0.126,0.126
59819,0.12,0.12,0.12
59820,0.14,0.14,0.14
59821,0.126,0.126,0.126
59822,0.122,0.122,0.122
59823,0.118,0.118,0.118
59824,0.106,0.106,0.106
59825,0.118,0.118,0.118
59826,0.12,0.12,0.12
59827,0.108,0.108,0.108
59828,0.124,0.124,0.124
59829,0.126,0.126,0.126
59830,0.106,0.106,0.106
59831,0.098,0.098,0.098
59832,0.106,0.106,0.106
59833,0.116,0.116,0.116
59834,0.116,0.116,0.116
59835,0.13,0.13,0.13
59836,0.148,0.148,0.148
59837,0.154,0.154,0.154
59838,0.134,0.134,0.134
59839,0.154,0.154,0.154
59840,0.132,0.132,0.132
59841,0.126,0.126,0.126
59842,0.122,0.122,0.122
59843,0.134,0.134,0.134
59844,0.142,0.142,0.142
59845,0.136,0.136,0.136
59846,0.122,0.122,0.122
59847,0.16,0.16,0.16
59848,0.188,0.188,0.188
59849,0.154,0.154,0.154
59850,0.188,0.188,0.188
59851,0.17,0.17,0.17
59852,0.174,0.174,0.174
59853,0.17,0.17,0.17
59854,0.162,0.162,0.162
59855,0.158,0.158,0.158
59856,0.156,0.156,0.156
59857,0.164,0.164,0.164
59858,0.16,0.16,0.16
59859,0.164,0.164,0.164
59860,0.112,0.112,0.112
59861,0.154,0.154,0.154
59862,0.154,0.154,0.154
59863,0.154,0.154,0.154
59864,0.158,0.158,0.158
59865,0.156,0.156,0.156
59866,0.156,0.156,0.156
59867,0.16,0.16,0.16
59868,0.138,0.138,0.138
59869,0.15,0.15,0.15
59870,0.154,0.154,0.154
59871,0.162,0.162,0.162
59872,0.172,0.172,0.172
59873,0.17,0.17,0.17
59874,0.19,0.19,0.19
59875,0.23,0.23,0.23
59876,0.274,0.274,0.274
59877,0.246,0.246,0.246
59878,0.24,0.24,0.24
59879,0.276,0.276,0.276
59880,0.308,0.308,0.308
59881,0.248,0.248,0.248
59882,0.264,0.264,0.264
59883,0.262,0.262,0.262
59884,0.304,0.304,0.304
59885,0.302,0.302,0.302
59886,0.29,0.29,0.29
59887,0.246,0.246,0.246
59888,0.248,0.248,0.248
59889,0.244,0.244,0.244
59890,0.222,0.222,0.222
59891,0.228,0.228,0.228
59892,0.234,0.234,0.234
59893,0.238,0.238,0.238
59894,0.246,0.246,0.246
59895,0.242,0.242,0.242
59896,0.248,0.248,0.248
59897,0.238,0.238,0.238
59898,0.25,0.25,0.25
59899,0.248,0.248,0.248
59900,0.248,0.248,0.248
59901,0.278,0.278,0.278
59902,0.268,0.268,0.268
59903,0.274,0.274,0.274
59904,0.272,0.272,0.272
59905,0.276,0.276,0.276
59906,0.28,0.28,0.28
59907,0.288,0.288,0.288
59908,0.302,0.302,0.302
59909,0.298,0.298,0.298
59910,0.31,0.31,0.31
59911,0.312,0.312,0.312
59912,0.358,0.358,0.358
59913,0.342,0.342,0.342
59914,0.338,0.338,0.338
59915,0.338,0.338,0.338
59916,0.344,0.344,0.344
59917,0.342,0.342,0.342
59918,0.33,0.33,0.33
59919,0.332,0.332,0.332
59920,0.342,0.342,0.342
59921,0.336,0.336,0.336
59922,0.382,0.382,0.382
59923,0.368,0.368,0.368
59924,0.35,0.35,0.35
59925,0.376,0.376,0.376
59926,0.406,0.406,0.406
59927,0.39,0.296,0.296
59928,0.39,0.282,0.282
59929,0.372,0.268,0.268
59930,0.368,0.24,0.24
59931,0.38,0.224,0.224
59932,0.368,0.218,0.218
59933,0.372,0.184,0.184
59934,0.358,0.182,0.182
59935,0.366,0.17,0.17
59936,0.372,0.166,0.166
59937,0.382,0.152,0.152
59938,0.388,0.148,0.148
59939,0.39,0.12,0.12
59940,0.382,0.116,0.116
59941,0.386,0.102,0.102
59942,0.416,0.066,0.066
59943,0.406,0.042,0.042
59944,0.406,0.036,0.036
59945,0.404,0.02,0.02
59946,0.404,0.018,0.018
59947,0.402,0.016,0.016
59948,0.404,0.016,0.016
59949,0.426,0.01,0.01
59950,0.422,0.01,0.01
59951,0.418,0.004,0.004
59952,0.418,0.004,0.004
59953,0.412,0.004,0.004
59954,0.414,0.004,0.004
59955,0.398,0,0
59956,0.388,0,0
59957,0.39,0,0
59958,0.378,0,0
59959,0.374,0,0
59960,0.384,0,0
59961,0.446,0,0
59962,0.432,0,0
59963,0.442,0,0
59964,0.44,0,0
59965,0.432,0,0
59966,0.436,0,0
59967,0.432,0,0
59968,0.43,0,0
59969,0.43,0,0
59970,0.41,0,0
59971,0.422,0,0
59972,0.43,0,0
59973,0.426,0,0
59974,0.42,0,0
59975,0.434,0,0
59976,0.422,0,0
59977,0.428,0,0
59978,0.44,0,0
59979,0.428,0,0
59980,0.428,0,0
59981,0.418,0,0
59982,0.41,0,0
59983,0.416,0,0
59984,0.402,0,0
59985,0.398,0,0
59986,0.394,0,0
59987,0.396,0,0
59988,0.384,0,0
59989,0.378,0,0
59990,0.37,0,0
59991,0.36,0,0
59992,0.35,0,0
59993,0.35,0,0
59994,0.346,0,0
59995,0.342,0,0
59996,0.336,0,0
59997,0.332,0,0
59998,0.326,0,0
59999,0.314,0,0
60000,0.318,0,0
60001,0.312,0,0
60002,0.294,0,0
60003,0.292,0,0
60004,0.294,0,0
60005,0.288,0,0
60006,0.284,0,0
60007,0.292,0,0
60008,0.306,0,0
60009,0.296,0,0
60010,0.282,0,0
60011,0.268,0,0
60012,0.24,0,0
60013,0.224,0,0
60014,0.218,0,0
60015,0.184,0,0
60016,0.182,0,0
60017,0.17,0,0
60018,0.166,0,0
60019,0.152,0,0
60020,0.148,0,0
60021,0.12,0,0
60022,0.116,0,0
60023,0.102,0,0
60024,0.066,0,0
60025,0.042,0,0
60026,0.036,0,0
60027,0.02,0,0
60028,0.018,0,0
60029,0.016,0,0
60030,0.016,0,0
60031,0.01,0,0
60032,0.01,0,0
60033,0.004,0,0
60034,0.004,0,0
60035,0.004,0,0
60036,0.004,0,0
60037,0,0,0
60038,0,0,0
60039,0,0,0
60040,0,0,0
60041,0,0,0
60042,0,0,0
60043,0,0,0
60044,0,0,0
60045,0,0,0
60046,0,0,0
60047,0,0,0
60048,0,0,0
60049,0,0,0
60050,0,0,0
60051,0,0,0
60052,0,0,0
60053,0,0,0
60054,0,0,0
60055,0,0,0
60056,0,0,0
60057,0,0,0
60058,0,0,0
60059,0,0,0
60060,0,0,0
60061,0,0,0
60062,0,0,0
60063,0,0,0
60064,0,0,0
60065,0,0,0
60066,0,0,0
60067,0,0,0
60068,0,0,0
60069,0,0,0
60070,0,0,0
60071,0,0,0
60072,0,0,0
60073,0,0,0
60074,0,0,0
60075,0,0,0
60076,0,0,0
60077,0,0,0
60078,0,0,0
60079,0,0,0
60080,0,0,0
60081,0,0,0
60082,0,0,0
60083,0,0,0
60084,0,0,0
60085,0,0,0
60086,0,0,0
60087,0.008,0.008,0.008
60088,0,0,0
60089,0,0,0
60090,0,0,0
60091,0,0,0
60092,0,0,0
60093,0,0,0
60094,0,0,0
60095,0,0,0
60096,0,0,0
60097,0,0,0
60098,0,0,0
60099,0,0,0
60100,0,0,0
60101,0,0,0
60102,0,0,0
60103,0,0,0
60104,0,0,0
60105,0,0,0
60106,0,0,0
60107,0,0,0
60108,0,0,0
60109,0,0,0
60110,0,0,0
60111,0,0,0
60112,0,0,0
60113,0,0,0
60114,0,0,0
60115,0,0,0
60116,0,0,0
60117,0.004,0.004,0.004
60118,0,0,0
60119,0,0,0
60120,0,0,0
60121,0,0,0
60122,0,0,0
60123,0,0,0
60124,0,0,0
60125,0,0,0
60126,0,0,0
60127,0,0,0
60128,0,0,0
60129,0.004,0.004,0.004
60130,0.01,0.01,0.01
60131,0.014,0.014,0.014
60132,0.018,0.018,0.018
60133,0.02,0.02,0.02
60134,0.018,0.018,0.018
60135,0.018,0.018,0.018
60136,0.052,0.052,0.052
60137,0.052,0.052,0.052
60138,0.052,0.052,0.052
60139,0.046,0.046,0.046
60140,0.044,0.044,0.044
60141,0.044,0.044,0.044
60142,0.05,0.05,0.05
60143,0.046,0.046,0.046
60144,0.044,0.044,0.044
60145,0.038,0.038,0.038
60146,0.038,0.038,0.038
60147,0.038,0.038,0.038
60148,0.048,0.048,0.048
60149,0.058,0.058,0.058
60150,0.068,0.068,0.068
60151,0.058,0.058,0.058
60152,0.054,0.054,0.054
60153,0.05,0.05,0.05
60154,0.072,0.072,0.072
60155,0.088,0.088,0.088
60156,0.11,0.11,0.11
60157,0.098,0.098,0.098
60158,0.112,0.112,0.112
60159,0.104,0.104,0.104
60160,0.134,0.134,0.134
60161,0.14,0.14,0.14
60162,0.122,0.122,0.122
60163,0.118,0.118,0.118
60164,0.12,0.12,0.12
60165,0.106,0.106,0.106
60166,0.072,0.072,0.072
60167,0.054,0.054,0.054
60168,0.054,0.054,0.054
60169,0.12,0.12,0.12
60170,0.168,0.168,0.168
60171,0.15,0.15,0.15
60172,0.128,0.128,0.128
60173,0.124,0.124,0.124
60174,0.146,0.146,0.146
60175,0.146,0.146,0.146
60176,0.144,0.144,0.144
60177,0.136,0.136,0.136
60178,0.132,0.132,0.132
60179,0.118,0.118,0.118
60180,0.13,0.13,0.13
60181,0.106,0.106,0.106
60182,0.116,0.116,0.116
60183,0.126,0.126,0.126
60184,0.12,0.12,0.12
60185,0.14,0.14,0.14
60186,0.126,0.126,0.126
60187,0.122,0.122,0.122
60188,0.118,0.118,0.118
60189,0.106,0.106,0.106
60190,0.118,0.118,0.118
60191,0.12,0.12,0.12
60192,0.108,0.108,0.108
60193,0.124,0.124,0.124
60194,0.126,0.126,0.126
60195,0.106,0.106,0.106
60196,0.098,0.098,0.098
60197,0.106,0.106,0.106
60198,0.116,0.116,0.116
60199,0.116,0.116,0.116
60200,0.13,0.13,0.13
60201,0.148,0.148,0.148
60202,0.154,0.154,0.154
60203,0.134,0.134,0.134
60204,0.154,0.154,0.154
60205,0.132,0.132,0.132
60206,0.126,0.126,0.126
60207,0.122,0.122,0.122
60208,0.134,0.134,0.134
60209,0.142,0.142,0.142
60210,0.136,0.136,0.136
60211,0.122,0.122,0.122
60212,0.16,0.16,0.16
60213,0.188,0.188,0.188
60214,0.154,0.154,0.154
60215,0.188,0.188,0.188
60216,0.17,0.17,0.17
60217,0.174,0.174,0.174
60218,0.17,0.17,0.17
60219,0.162,0.162,0.162
60220,0.158,0.158,0.158
60221,0.156,0.156,0.156
60222,0.164,0.164,0.164
60223,0.16,0.16,0.16
60224,0.164,0.164,0.164
60225,0.112,0.112,0.112
60226,0.154,0.154,0.154
60227,0.154,0.154,0.154
60228,0.154,0.154,0.154
60229,0.158,0.158,0.158
60230,0.156,0.156,0.156
60231,0.156,0.156,0.156
60232,0.16,0.16,0.16
60233,0.138,0.138,0.138
60234,0.15,0.15,0.15
60235,0.154,0.154,0.154
60236,0.162,0.162,0.162
60237,0.172,0.172,0.172
60238,0.17,0.17,0.17
60239,0.19,0.19,0.19
60240,0.23,0.23,0.23
60241,0.274,0.274,0.274
60242,0.246,0.246,0.246
60243,0.24,0.24,0.24
60244,0.276,0.276,0.276
60245,0.308,0.308,0.308
60246,0.248,0.248,0.248
60247,0.264,0.264,0.264
60248,0.262,0.262,0.262
60249,0.304,0.304,0.304
60250,0.302,0.302,0.302
60251,0.29,0.29,0.29
60252,0.246,0.246,0.246
60253,0.248,0.248,0.248
60254,0.244,0.244,0.244
60255,0.222,0.222,0.222
60256,0.228,0.228,0.228
60257,0.234,0.234,0.234
60258,0.238,0.238,0.238
60259,0.246,0.246,0.246
60260,0.242,0.242,0.242
60261,0.248,0.248,0.248
60262,0.238,0.238,0.238
60263,0.25,0.25,0.25
60264,0.248,0.248,0.248
60265,0.248,0.248,0.248
60266,0.278,0.278,0.278
60267,0.268,0.268,0.268
60268,0.274,0.274,0.274
60269,0.272,0.272,0.272
60270,0.276,0.276,0.276
60271,0.28,0.28,0.28
60272,0.288,0.288,0.288
60273,0.302,0.302,0.302
60274,0.298,0.298,0.298
60275,0.31,0.31,0.31
60276,0.312,0.312,0.312
60277,0.358,0.358,0.358
60278,0.342,0.342,0.342
60279,0.338,0.338,0.338
60280,0.338,0.338,0.338
60281,0.344,0.344,0.344
60282,0.342,0.342,0.342
60283,0.33,0.33,0.33
60284,0.332,0.332,0.332
60285,0.342,0.342,0.342
60286,0.336,0.336,0.336
60287,0.382,0.382,0.382
60288,0.368,0.368,0.368
60289,0.35,0.35,0.35
60290,0.376,0.376,0.376
60291,0.406,0.406,0.406
60292,0.39,0.296,0.296
60293,0.39,0.282,0.282
60294,0.372,0.268,0.268
60295,0.368,0.24,0.24
60296,0.38,0.224,0.224
60297,0.368,0.218,0.218
60298,0.372,0.184,0.184
60299,0.358,0.182,0.182
60300,0.366,0.17,0.17
60301,0.372,0.166,0.166
60302,0.382,0.152,0.152
60303,0.388,0.148,0.148
60304,0.39,0.12,0.12
60305,0.382,0.116,0.116
60306,0.386,0.102,0.102
60307,0.416,0.066,0.066
60308,0.406,0.042,0.042
60309,0.406,0.036,0.036
60310,0.404,0.02,0.02
60311,0.404,0.018,0.018
60312,0.402,0.016,0.016
60313,0.404,0.016,0.016
60314,0.426,0.01,0.01
60315,0.422,0.01,0.01
60316,0.418,0.004,0.004
60317,0.418,0.004,0.004
60318,0.412,0.004,0.004
60319,0.414,0.004,0.004
60320,0.398,0,0
60321,0.388,0,0
60322,0.39,0,0
60323,0.378,0,0
60324,0.374,0,0
60325,0.384,0,0
60326,0.446,0,0
60327,0.432,0,0
60328,0.442,0,0
60329,0.44,0,0
60330,0.432,0,0
60331,0.436,0,0
60332,0.432,0,0
60333,0.43,0,0
60334,0.43,0,0
60335,0.41,0,0
60336,0.422,0,0
60337,0.43,0,0
60338,0.426,0,0
60339,0.42,0,0
60340,0.434,0,0
60341,0.422,0,0
60342,0.428,0,0
60343,0.44,0,0
60344,0.428,0,0
60345,0.428,0,0
60346,0.418,0,0
60347,0.41,0,0
60348,0.416,0,0
60349,0.402,0,0
60350,0.398,0,0
60351,0.394,0,0
60352,0.396,0,0
60353,0.384,0,0
60354,0.378,0,0
60355,0.37,0,0
60356,0.36,0,0
60357,0.35,0,0
60358,0.35,0,0
60359,0.346,0,0
60360,0.342,0,0
60361,0.336,0,0
60362,0.332,0,0
60363,0.326,0,0
60364,0.314,0,0
60365,0.318,0,0
60366,0.312,0,0
60367,0.294,0,0
60368,0.292,0,0
60369,0.294,0,0
60370,0.288,0,0
60371,0.284,0,0
60372,0.292,0,0
60373,0.306,0,0
60374,0.296,0,0
60375,0.282,0,0
60376,0.268,0,0
60377,0.24,0,0
60378,0.224,0,0
60379,0.218,0,0
60380,0.184,0,0
60381,0.182,0,0
60382,0.17,0,0
60383,0.166,0,0
60384,0.152,0,0
60385,0.148,0,0
60386,0.12,0,0
60387,0.116,0,0
60388,0.102,0,0
60389,0.066,0,0
60390,0.042,0,0
60391,0.036,0,0
60392,0.02,0,0
60393,0.018,0,0
60394,0.016,0,0
60395,0.016,0,0
60396,0.01,0,0
60397,0.01,0,0
60398,0.004,0,0
60399,0.004,0,0
60400,0.004,0,0
60401,0.004,0,0
60402,0,0,0
60403,0,0,0
60404,0,0,0
60405,0,0,0
60406,0,0,0
60407,0,0,0
60408,0,0,0
60409,0,0,0
60410,0,0,0
60411,0,0,0
60412,0,0,0
60413,0,0,0
60414,0,0,0
60415,0,0,0
60416,0,0,0
60417,0,0,0
60418,0,0,0
60419,0,0,0
60420,0,0,0
60421,0,0,0
60422,0,0,0
60423,0,0,0
60424,0,0,0
60425,0,0,0
60426,0,0,0
60427,0,0,0
60428,0,0,0
60429,0,0,0
60430,0,0,0
60431,0,0,0
60432,0,0,0
60433,0,0,0
60434,0,0,0
60435,0,0,0
60436,0,0,0
60437,0,0,0
60438,0,0,0
60439,0,0,0
60440,0,0,0
60441,0,0,0
60442,0,0,0
60443,0,0,0
60444,0,0,0
60445,0,0,0
60446,0,0,0
60447,0,0,0
60448,0,0,0
60449,0,0,0
60450,0,0,0
60451,0,0,0
60452,0.008,0.008,0.008
60453,0,0,0
60454,0,0,0
60455,0,0,0
60456,0,0,0
60457,0,0,0
60458,0,0,0
60459,0,0,0
60460,0,0,0
60461,0,0,0
60462,0,0,0
60463,0,0,0
60464,0,0,0
60465,0,0,0
60466,0,0,0
60467,0,0,0
60468,0,0,0
60469,0,0,0
60470,0,0,0
60471,0,0,0
60472,0,0,0
60473,0,0,0
60474,0,0,0
60475,0,0,0
60476,0,0,0
60477,0,0,0
60478,0,0,0
60479,0,0,0
60480,0,0,0
60481,0,0,0
60482,0.004,0.004,0.004
60483,0,0,0
60484,0,0,0
60485,0,0,0
60486,0,0,0
60487,0,0,0
60488,0,0,0
60489,0,0,0
60490,0,0,0
60491,0,0,0
60492,0,0,0
60493,0,0,0
60494,0.004,0.004,0.004
60495,0.01,0.01,0.01
60496,0.014,0.014,0.014
60497,0.018,0.018,0.018
60498,0.02,0.02,0.02
60499,0.018,0.018,0.018
60500,0.018,0.018,0.018
60501,0.052,0.052,0.052
60502,0.052,0.052,0.052
60503,0.052,0.052,0.052
60504,0.046,0.046,0.046
60505,0.044,0.044,0.044
60506,0.044,0.044,0.044
60507,0.05,0.05,0.05
60508,0.046,0.046,0.046
60509,0.044,0.044,0.044
60510,0.038,0.038,0.038
60511,0.038,0.038,0.038
60512,0.038,0.038,0.038
60513,0.048,0.048,0.048
60514,0.058,0.058,0.058
60515,0.068,0.068,0.068
60516,0.058,0.058,0.058
60517,0.054,0.054,0.054
60518,0.05,0.05,0.05
60519,0.072,0.072,0.072
60520,0.088,0.088,0.088
60521,0.11,0.11,0.11
60522,0.098,0.098,0.098
60523,0.112,0.112,0.112
60524,0.104,0.104,0.104
60525,0.134,0.134,0.134
60526,0.14,0.14,0.14
60527,0.122,0.122,0.122
60528,0.118,0.118,0.118
60529,0.12,0.12,0.12
60530,0.106,0.106,0.106
60531,0.072,0.072,0.072
60532,0.054,0.054,0.054
60533,0.054,0.054,0.054
60534,0.12,0.12,0.12
60535,0.168,0.168,0.168
60536,0.15,0.15,0.15
60537,0.128,0.128,0.128
60538,0.124,0.124,0.124
60539,0.146,0.146,0.146
60540,0.146,0.146,0.146
60541,0.144,0.144,0.144
60542,0.136,0.136,0.136
60543,0.132,0.132,0.132
60544,0.118,0.118,0.118
60545,0.13,0.13,0.13
60546,0.106,0.106,0.106
60547,0.116,0.116,0.116
60548,0.126,0.126,0.126
60549,0.12,0.12,0.12
60550,0.14,0.14,0.14
60551,0.126,0.126,0.126
60552,0.122,0.122,0.122
60553,0.118,0.118,0.118
60554,0.106,0.106,0.106
60555,0.118,0.118,0.118
60556,0.12,0.12,0.12
60557,0.108,0.108,0.108
60558,0.124,0.124,0.124
60559,0.126,0.126,0.126
60560,0.106,0.106,0.106
60561,0.098,0.098,0.098
60562,0.106,0.106,0.106
60563,0.116,0.116,0.116
60564,0.116,0.116,0.116
60565,0.13,0.13,0.13
60566,0.148,0.148,0.148
60567,0.154,0.154,0.154
60568,0.134,0.134,0.134
60569,0.154,0.154,0.154
60570,0.132,0.132,0.132
60571,0.126,0.126,0.126
60572,0.122,0.122,0.122
60573,0.134,0.134,0.134
60574,0.142,0.142,0.142
60575,0.136,0.136,0.136
60576,0.122,0.122,0.122
60577,0.16,0.16,0.16
60578,0.188,0.188,0.188
60579,0.154,0.154,0.154
60580,0.188,0.188,0.188
60581,0.17,0.17,0.17
60582,0.174,0.174,0.174
60583,0.17,0.17,0.17
60584,0.162,0.162,0.162
60585,0.158,0.158,0.158
60586,0.156,0.156,0.156
60587,0.164,0.164,0.164
60588,0.16,0.16,0.16
60589,0.164,0.164,0.164
60590,0.112,0.112,0.112
60591,0.154,0.154,0.154
60592,0.154,0.154,0.154
60593,0.154,0.154,0.154
60594,0.158,0.158,0.158
60595,0.156,0.156,0.156
60596,0.156,0.156,0.156
60597,0.16,0.16,0.16
60598,0.138,0.138,0.138
60599,0.15,0.15,0.15
60600,0.154,0.154,0.154
60601,0.162,0.162,0.162
60602,0.172,0.172,0.172
60603,0.17,0.17,0.17
60604,0.19,0.19,0.19
60605,0.23,0.23,0.23
60606,0.274,0.274,0.274
60607,0.246,0.246,0.246
60608,0.24,0.24,0.24
60609,0.276,0.276,0.276
60610,0.308,0.308,0.308
60611,0.248,0.248,0.248
60612,0.264,0.264,0.264
60613,0.262,0.262,0.262
60614,0.304,0.304,0.304
60615,0.302,0.302,0.302
60616,0.29,0.29,0.29
60617,0.246,0.246,0.246
60618,0.248,0.248,0.248
60619,0.244,0.244,0.244
60620,0.222,0.222,0.222
60621,0.228,0.228,0.228
60622,0.234,0.234,0.234
60623,0.238,0.238,0.238
60624,0.246,0.246,0.246
60625,0.242,0.242,0.242
60626,0.248,0.248,0.248
60627,0.238,0.238,0.238
60628,0.25,0.25,0.25
60629,0.248,0.248,0.248
60630,0.248,0.248,0.248
60631,0.278,0.278,0.278
60632,0.268,0.268,0.268
60633,0.274,0.274,0.274
60634,0.272,0.272,0.272
60635,0.276,0.276,0.276
60636,0.28,0.28,0.28
60637,0.288,0.288,0.288
60638,0.302,0.302,0.302
60639,0.298,0.298,0.298
60640,0.31,0.31,0.31
60641,0.312,0.312,0.312
60642,0.358,0.358,0.358
60643,0.342,0.342,0.342
60644,0.338,0.338,0.338
60645,0.338,0.338,0.338
60646,0.344,0.344,0.344
60647,0.342,0.342,0.342
60648,0.33,0.33,0.33
60649,0.332,0.332,0.332
60650,0.342,0.342,0.342
60651,0.336,0.336,0.336
60652,0.382,0.382,0.382
60653,0.368,0.368,0.368
60654,0.35,0.35,0.35
60655,0.376,0.376,0.376
60656,0.406,0.296,0.296
60657,0.39,0.282,0.282
60658,0.39,0.268,0.268
60659,0.372,0.24,0.24
60660,0.368,0.224,0.224
60661,0.38,0.218,0.218
60662,0.368,0.184,0.184
60663,0.372,0.182,0.182
60664,0.358,0.17,0.17
60665,0.366,0.166,0.166
60666,0.372,0.152,0.152
60667,0.382,0.148,0.148
60668,0.388,0.12,0.12
60669,0.39,0.116,0.116
60670,0.382,0.102,0.102
60671,0.386,0.066,0.066
60672,0.416,0.042,0.042
60673,0.406,0.036,0.036
60674,0.406,0.02,0.02
60675,0.404,0.018,0.018
60676,0.404,0.016,0.016
60677,0.402,0.016,0.016
60678,0.404,0.01,0.01
60679,0.426,0.01,0.01
60680,0.422,0.004,0.004
60681,0.418,0.004,0.004
60682,0.418,0.004,0.004
60683,0.412,0.004,0.004
60684,0.414,0,0
60685,0.398,0,0
60686,0.388,0,0
60687,0.39,0,0
60688,0.378,0,0
60689,0.374,0,0
60690,0.384,0,0
60691,0.446,0,0
60692,0.432,0,0
60693,0.442,0,0
60694,0.44,0,0
60695,0.432,0,0
60696,0.436,0,0
60697,0.432,0,0
60698,0.43,0,0
60699,0.43,0,0
60700,0.41,0,0
60701,0.422,0,0
60702,0.43,0,0
60703,0.426,0,0
60704,0.42,0,0
60705,0.434,0,0
60706,0.422,0,0
60707,0.428,0,0
60708,0.44,0,0
60709,0.428,0,0
60710,0.428,0,0
60711,0.418,0,0
60712,0.41,0,0
60713,0.416,0,0
60714,0.402,0,0
60715,0.398,0,0
60716,0.394,0,0
60717,0.396,0,0
60718,0.384,0,0
60719,0.378,0,0
60720,0.37,0,0
60721,0.36,0,0
60722,0.35,0,0
60723,0.35,0,0
60724,0.346,0,0
60725,0.342,0,0
60726,0.336,0,0
60727,0.332,0,0
60728,0.326,0,0
60729,0.314,0,0
60730,0.318,0,0
60731,0.312,0,0
60732,0.294,0,0
60733,0.292,0,0
60734,0.294,0,0
60735,0.288,0,0
60736,0.284,0,0
60737,0.292,0,0
60738,0.306,0,0
60739,0.296,0,0
60740,0.282,0,0
60741,0.268,0,0
60742,0.24,0,0
60743,0.224,0,0
60744,0.218,0,0
60745,0.184,0,0
60746,0.182,0,0
60747,0.17,0,0
60748,0.166,0,0
60749,0.152,0,0
60750,0.148,0,0
60751,0.12,0,0
60752,0.116,0,0
60753,0.102,0,0
60754,0.066,0,0
60755,0.042,0,0
60756,0.036,0,0
60757,0.02,0,0
60758,0.018,0,0
60759,0.016,0,0
60760,0.016,0,0
60761,0.01,0,0
60762,0.01,0,0
60763,0.004,0,0
60764,0.004,0,0
60765,0.004,0,0
60766,0.004,0,0
60767,0,0,0
60768,0,0,0
60769,0,0,0
60770,0,0,0
60771,0,0,0
60772,0,0,0
60773,0,0,0
60774,0,0,0
60775,0,0,0
60776,0,0,0
60777,0,0,0
60778,0,0,0
60779,0,0,0
60780,0,0,0
60781,0,0,0
60782,0,0,0
60783,0,0,0
60784,0,0,0
60785,0,0,0
60786,0,0,0
60787,0,0,0
60788,0,0,0
60789,0,0,0
60790,0,0,0
60791,0,0,0
60792,0,0,0
60793,0,0,0
60794,0,0,0
60795,0,0,0
60796,0,0,0
60797,0,0,0
60798,0,0,0
60799,0,0,0
60800,0,0,0
60801,0,0,0
60802,0,0,0
60803,0,0,0
60804,0,0,0
60805,0,0,0
60806,0,0,0
60807,0,0,0
60808,0,0,0
60809,0,0,0
60810,0,0,0
60811,0,0,0
60812,0,0,0
60813,0,0,0
60814,0,0,0
60815,0,0,0
60816,0,0,0
60817,0.008,0.008,0.008
60818,0,0,0
60819,0,0,0
60820,0,0,0
60821,0,0,0
60822,0,0,0
60823,0,0,0
60824,0,0,0
60825,0,0,0
60826,0,0,0
60827,0,0,0
60828,0,0,0
60829,0,0,0
60830,0,0,0
60831,0,0,0
60832,0,0,0
60833,0,0,0
60834,0,0,0
60835,0,0,0
60836,0,0,0
60837,0,0,0
60838,0,0,0
60839,0,0,0
60840,0,0,0
60841,0,0,0
60842,0,0,0
60843,0,0,0
60844,0,0,0
60845,0,0,0
60846,0,0,0
60847,0.004,0.004,0.004
60848,0,0,0
60849,0,0,0
60850,0,0,0
60851,0,0,0
60852,0,0,0
60853,0,0,0
60854,0,0,0
60855,0,0,0
60856,0,0,0
60857,0,0,0
60858,0,0,0
60859,0.004,0.004,0.004
60860,0.01,0.01,0.01
60861,0.014,0.014,0.014
60862,0.018,0.018,0.018
60863,0.02,0.02,0.02
60864,0.018,0.018,0.018
60865,0.018,0.018,0.018
60866,0.052,0.052,0.052
60867,0.052,0.052,0.052
60868,0.052,0.052,0.052
60869,0.046,0.046,0.046
60870,0.044,0.044,0.044
60871,0.044,0.044,0.044
60872,0.05,0.05,0.05
60873,0.046,0.046,0.046
60874,0.044,0.044,0.044
60875,0.038,0.038,0.038
60876,0.038,0.038,0.038
60877,0.038,0.038,0.038
60878,0.048,0.048,0.048
60879,0.058,0.058,0.058
60880,0.068,0.068,0.068
60881,0.058,0.058,0.058
60882,0.054,0.054,0.054
60883,0.05,0.05,0.05
60884,0.072,0.072,0.072
60885,0.088,0.088,0.088
60886,0.11,0.11,0.11
60887,0.098,0.098,0.098
60888,0.112,0.112,0.112
60889,0.104,0.104,0.104
60890,0.134,0.134,0.134
60891,0.14,0.14,0.14
60892,0.122,0.122,0.122
60893,0.118,0.118,0.118
60894,0.12,0.12,0.12
60895,0.106,0.106,0.106
60896,0.072,0.072,0.072
60897,0.054,0.054,0.054
60898,0.054,0.054,0.054
60899,0.12,0.12,0.12
60900,0.168,0.168,0.168
60901,0.15,0.15,0.15
60902,0.128,0.128,0.128
60903,0.124,0.124,0.124
60904,0.146,0.146,0.146
60905,0.146,0.146,0.146
60906,0.144,0.144,0.144
60907,0.136,0.136,0.136
60908,0.132,0.132,0.132
60909,0.118,0.118,0.118
60910,0.13,0.13,0.13
60911,0.106,0.106,0.106
60912,0.116,0.116,0.116
60913,0.126,0.126,0.126
60914,0.12,0.12,0.12
60915,0.14,0.14,0.14
60916,0.126,0.126,0.126
60917,0.122,0.122,0.122
60918,0.118,0.118,0.118
60919,0.106,0.106,0.106
60920,0.118,0.118,0.118
60921,0.12,0.12,0.12
60922,0.108,0.108,0.108
60923,0.124,0.124,0.124
60924,0.126,0.126,0.126
60925,0.106,0.106,0.106
60926,0.098,0.098,0.098
60927,0.106,0.106,0.106
60928,0.116,0.116,0.116
60929,0.116,0.116,0.116
60930,0.13,0.13,0.13
60931,0.148,0.148,0.148
60932,0.154,0.154,0.154
60933,0.134,0.134,0.134
60934,0.154,0.154,0.154
60935,0.132,0.132,0.132
60936,0.126,0.126,0.126
60937,0.122,0.122,0.122
60938,0.134,0.134,0.134
60939,0.142,0.142,0.142
60940,0.136,0.136,0.136
60941,0.122,0.122,0.122
60942,0.16,0.16,0.16
60943,0.188,0.188,0.188
60944,0.154,0.154,0.154
60945,0.188,0.188,0.188
60946,0.17,0.17,0.17
60947,0.174,0.174,0.174
60948,0.17,0.17,0.17
60949,0.162,0.162,0.162
60950,0.158,0.158,0.158
60951,0.156,0.156,0.156
60952,0.164,0.164,0.164
60953,0.16,0.16,0.16
60954,0.164,0.164,0.164
60955,0.112,0.112,0.112
60956,0.154,0.154,0.154
60957,0.154,0.154,0.154
60958,0.154,0.154,0.154
60959,0.158,0.158,0.158
60960,0.156,0.156,0.156
60961,0.156,0.156,0.156
60962,0.16,0.16,0.16
60963,0.138,0.138,0.138
60964,0.15,0.15,0.15
60965,0.154,0.154,0.154
60966,0.162,0.162,0.162
60967,0.172,0.172,0.172
60968,0.17,0.17,0.17
60969,0.19,0.19,0.19
60970,0.23,0.23,0.23
60971,0.274,0.274,0.274
60972,0.246,0.246,0.246
60973,0.24,0.24,0.24
60974,0.276,0.276,0.276
60975,0.308,0.308,0.308
60976,0.248,0.248,0.248
60977,0.264,0.264,0.264
60978,0.262,0.262,0.262
60979,0.304,0.304,0.304
60980,0.302,0.302,0.302
60981,0.29,0.29,0.29
60982,0.246,0.246,0.246
60983,0.248,0.248,0.248
60984,0.244,0.244,0.244
60985,0.222,0.222,0.222
60986,0.228,0.228,0.228
60987,0.234,0.234,0.234
60988,0.238,0.238,0.238
60989,0.246,0.246,0.246
60990,0.242,0.242,0.242
60991,0.248,0.248,0.248
60992,0.238,0.238,0.238
60993,0.25,0.25,0.25
60994,0.248,0.248,0.248
60995,0.248,0.248,0.248
60996,0.278,0.278,0.278
60997,0.268,0.268,0.268
60998,0.274,0.274,0.274
60999,0.272,0.272,0.272
61000,0.276,0.276,0.276
61001,0.28,0.28,0.28
61002,0.288,0.288,0.288
61003,0.302,0.302,0.302
61004,0.298,0.298,0.298
61005,0.31,0.31,0.31
61006,0.312,0.312,0.312
61007,0.358,0.358,0.358
61008,0.342,0.342,0.342
61009,0.338,0.338,0.338
61010,0.338,0.338,0.338
61011,0.344,0.344,0.344
61012,0.342,0.342,0.342
61013,0.33,0.33,0.33
61014,0.332,0.332,0.332
61015,0.342,0.342,0.342
61016,0.336,0.336,0.336
61017,0.382,0.382,0.382
61018,0.368,0.368,0.368
61019,0.35,0.35,0.35
61020,0.376,0.376,0.376
61021,0.406,0.296,0.296
61022,0.39,0.282,0.282
61023,0.39,0.268,0.268
61024,0.372,0.24,0.24
61025,0.368,0.224,0.224
61026,0.38,0.218,0.218
61027,0.368,0.184,0.184
61028,0.372,0.182,0.182
61029,0.358,0.17,0.17
61030,0.366,0.166,0.166
61031,0.372,0.152,0.152
61032,0.382,0.148,0.148
61033,0.388,0.12,0.12
61034,0.39,0.116,0.116
61035,0.382,0.102,0.102
61036,0.386,0.066,0.066
61037,0.416,0.042,0.042
61038,0.406,0.036,0.036
61039,0.406,0.02,0.02
61040,0.404,0.018,0.018
61041,0.404,0.016,0.016
61042,0.402,0.016,0.016
61043,0.404,0.01,0.01
61044,0.426,0.01,0.01
61045,0.422,0.004,0.004
61046,0.418,0.004,0.004
61047,0.418,0.004,0.004
61048,0.412,0.004,0.004
61049,0.414,0,0
61050,0.398,0,0
61051,0.388,0,0
61052,0.39,0,0
61053,0.378,0,0
61054,0.374,0,0
61055,0.384,0,0
61056,0.446,0,0
61057,0.432,0,0
61058,0.442,0,0
61059,0.44,0,0
61060,0.432,0,0
61061,0.436,0,0
61062,0.432,0,0
61063,0.43,0,0
61064,0.43,0,0
61065,0.41,0,0
61066,0.422,0,0
61067,0.43,0,0
61068,0.426,0,0
61069,0.42,0,0
61070,0.434,0,0
61071,0.422,0,0
61072,0.428,0,0
61073,0.44,0,0
61074,0.428,0,0
61075,0.428,0,0
61076,0.418,0,0
61077,0.41,0,0
61078,0.416,0,0
61079,0.402,0,0
61080,0.398,0,0
61081,0.394,0,0
61082,0.396,0,0
61083,0.384,0,0
61084,0.378,0,0
61085,0.37,0,0
61086,0.36,0,0
61087,0.35,0,0
61088,0.35,0,0
61089,0.346,0,0
61090,0.342,0,0
61091,0.336,0,0
61092,0.332,0,0
61093,0.326,0,0
61094,0.314,0,0
61095,0.318,0,0
61096,0.312,0,0
61097,0.294,0,0
61098,0.292,0,0
61099,0.294,0,0
61100,0.288,0,0
61101,0.284,0,0
61102,0.292,0,0
61103,0.306,0,0
61104,0.296,0,0
61105,0.282,0,0
61106,0.268,0,0
61107,0.24,0,0
61108,0.224,0,0
61109,0.218,0,0
61110,0.184,0,0
61111,0.182,0,0
61112,0.17,0,0
61113,0.166,0,0
61114,0.152,0,0
61115,0.148,0,0
61116,0.12,0,0
61117,0.116,0,0
61118,0.102,0,0
61119,0.066,0,0
61120,0.042,0,0
61121,0.036,0,0
61122,0.02,0,0
61123,0.018,0,0
61124,0.016,0,0
61125,0.016,0,0
61126,0.01,0,0
61127,0.01,0,0
61128,0.004,0,0
61129,0.004,0,0
61130,0.004,0,0
61131,0.004,0,0
61132,0,0,0
61133,0,0,0
61134,0,0,0
61135,0,0,0
61136,0,0,0
61137,0,0,0
61138,0,0,0
61139,0,0,0
61140,0,0,0
61141,0,0,0
61142,0,0,0
61143,0,0,0
61144,0,0,0
61145,0,0,0
61146,0,0,0
61147,0,0,0
61148,0,0,0
61149,0,0,0
61150,0,0,0
61151,0,0,0
61152,0,0,0
61153,0,0,0
61154,0,0,0
61155,0,0,0
61156,0,0,0
61157,0,0,0
61158,0,0,0
61159,0,0,0
61160,0,0,0
61161,0,0,0
61162,0,0,0
61163,0,0,0
61164,0,0,0
61165,0,0,0
61166,0,0,0
61167,0,0,0
61168,0,0,0
61169,0,0,0
61170,0,0,0
61171,0,0,0
61172,0,0,0
61173,0,0,0
61174,0,0,0
61175,0,0,0
61176,0,0,0
61177,0,0,0
61178,0,0,0
61179,0,0,0
61180,0,0,0
61181,0,0,0
61182,0.008,0.008,0.008
61183,0,0,0
61184,0,0,0
61185,0,0,0
61186,0,0,0
61187,0,0,0
61188,0,0,0
61189,0,0,0
61190,0,0,0
61191,0,0,0
61192,0,0,0
61193,0,0,0
61194,0,0,0
61195,0,0,0
61196,0,0,0
61197,0,0,0
61198,0,0,0
61199,0,0,0
61200,0,0,0
61201,0,0,0
61202,0,0,0
61203,0,0,0
61204,0,0,0
61205,0,0,0
61206,0,0,0
61207,0,0,0
61208,0,0,0
61209,0,0,0
61210,0,0,0
61211,0,0,0
61212,0.004,0.004,0.004
61213,0,0,0
61214,0,0,0
61215,0,0,0
61216,0,0,0
61217,0,0,0
61218,0,0,0
61219,0,0,0
61220,0,0,0
61221,0,0,0
61222,0,0,0
61223,0,0,0
61224,0.004,0.004,0.004
61225,0.01,0.01,0.01
61226,0.014,0.014,0.014
61227,0.018,0.018,0.018
61228,0.02,0.02,0.02
61229,0.018,0.018,0.018
61230,0.018,0.018,0.018
61231,0.052,0.052,0.052
61232,0.052,0.052,0.052
61233,0.052,0.052,0.052
61234,0.046,0.046,0.046
61235,0.044,0.044,0.044
61236,0.044,0.044,0.044
61237,0.05,0.05,0.05
61238,0.046,0.046,0.046
61239,0.044,0.044,0.044
61240,0.038,0.038,0.038
61241,0.038,0.038,0.038
61242,0.038,0.038,0.038
61243,0.048,0.048,0.048
61244,0.058,0.058,0.058
61245,0.068,0.068,0.068
61246,0.058,0.058,0.058
61247,0.054,0.054,0.054
61248,0.05,0.05,0.05
61249,0.072,0.072,0.072
61250,0.088,0.088,0.088
61251,0.11,0.11,0.11
61252,0.098,0.098,0.098
61253,0.112,0.112,0.112
61254,0.104,0.104,0.104
61255,0.134,0.134,0.134
61256,0.14,0.14,0.14
61257,0.122,0.122,0.122
61258,0.118,0.118,0.118
61259,0.12,0.12,0.12
61260,0.106,0.106,0.106
61261,0.072,0.072,0.072
61262,0.054,0.054,0.054
61263,0.054,0.054,0.054
61264,0.12,0.12,0.12
61265,0.168,0.168,0.168
61266,0.15,0.15,0.15
61267,0.128,0.128,0.128
61268,0.124,0.124,0.124
61269,0.146,0.146,0.146
61270,0.146,0.146,0.146
61271,0.144,0.144,0.144
61272,0.136,0.136,0.136
61273,0.132,0.132,0.132
61274,0.118,0.118,0.118
61275,0.13,0.13,0.13
61276,0.106,0.106,0.106
61277,0.116,0.116,0.116
61278,0.126,0.126,0.126
61279,0.12,0.12,0.12
61280,0.14,0.14,0.14
61281,0.126,0.126,0.126
61282,0.122,0.122,0.122
61283,0.118,0.118,0.118
61284,0.106,0.106,0.106
61285,0.118,0.118,0.118
61286,0.12,0.12,0.12
61287,0.108,0.108,0.108
61288,0.124,0.124,0.124
61289,0.126,0.126,0.126
61290,0.106,0.106,0.106
61291,0.098,0.098,0.098
61292,0.106,0.106,0.106
61293,0.116,0.116,0.116
61294,0.116,0.116,0.116
61295,0.13,0.13,0.13
61296,0.148,0.148,0.148
61297,0.154,0.154,0.154
61298,0.134,0.134,0.134
61299,0.154,0.154,0.154
61300,0.132,0.132,0.132
61301,0.126,0.126,0.126
61302,0.122,0.122,0.122
61303,0.134,0.134,0.134
61304,0.142,0.142,0.142
61305,0.136,0.136,0.136
61306,0.122,0.122,0.122
61307,0.16,0.16,0.16
61308,0.188,0.188,0.188
61309,0.154,0.154,0.154
61310,0.188,0.188,0.188
61311,0.17,0.17,0.17
61312,0.174,0.174,0.174
61313,0.17,0.17,0.17
61314,0.162,0.162,0.162
61315,0.158,0.158,0.158
61316,0.156,0.156,0.156
61317,0.164,0.164,0.164
61318,0.16,0.16,0.16
61319,0.164,0.164,0.164
61320,0.112,0.112,0.112
61321,0.154,0.154,0.154
61322,0.154,0.154,0.154
61323,0.154,0.154,0.154
61324,0.158,0.158,0.158
61325,0.156,0.156,0.156
61326,0.156,0.156,0.156
61327,0.16,0.16,0.16
61328,0.138,0.138,0.138
61329,0.15,0.15,0.15
61330,0.154,0.154,0.154
61331,0.162,0.162,0.162
61332,0.172,0.172,0.172
61333,0.17,0.17,0.17
61334,0.19,0.19,0.19
61335,0.23,0.23,0.23
61336,0.274,0.274,0.274
61337,0.246,0.246,0.246
61338,0.24,0.24,0.24
61339,0.276,0.276,0.276
61340,0.308,0.308,0.308
61341,0.248,0.248,0.248
61342,0.264,0.264,0.264
61343,0.262,0.262,0.262
61344,0.304,0.304,0.304
61345,0.302,0.302,0.302
61346,0.29,0.29,0.29
61347,0.246,0.246,0.246
61348,0.248,0.248,0.248
61349,0.244,0.244,0.244
61350,0.222,0.222,0.222
61351,0.228,0.228,0.228
61352,0.234,0.234,0.234
61353,0.238,0.238,0.238
61354,0.246,0.246,0.246
61355,0.242,0.242,0.242
61356,0.248,0.248,0.248
61357,0.238,0.238,0.238
61358,0.25,0.25,0.25
61359,0.248,0.248,0.248
61360,0.248,0.248,0.248
61361,0.278,0.278,0.278
61362,0.268,0.268,0.268
61363,0.274,0.274,0.274
61364,0.272,0.272,0.272
61365,0.276,0.276,0.276
61366,0.28,0.28,0.28
61367,0.288,0.288,0.288
61368,0.302,0.302,0.302
61369,0.298,0.298,0.298
61370,0.31,0.31,0.31
61371,0.312,0.312,0.312
61372,0.358,0.358,0.358
61373,0.342,0.342,0.342
61374,0.338,0.338,0.338
61375,0.338,0.338,0.338
61376,0.344,0.344,0.344
61377,0.342,0.342,0.342
61378,0.33,0.33,0.33
61379,0.332,0.332,0.332
61380,0.342,0.342,0.342
61381,0.336,0.336,0.336
61382,0.382,0.382,0.382
61383,0.368,0.368,0.368
61384,0.35,0.35,0.35
61385,0.376,0.296,0.296
61386,0.406,0.282,0.282
61387,0.39,0.268,0.268
61388,0.39,0.24,0.24
61389,0.372,0.224,0.224
61390,0.368,0.218,0.218
61391,0.38,0.184,0.184
61392,0.368,0.182,0.182
61393,0.372,0.17,0.17
61394,0.358,0.166,0.166
61395,0.366,0.152,0.152
61396,0.372,0.148,0.148
61397,0.382,0.12,0.12
61398,0.388,0.116,0.116
61399,0.39,0.102,0.102
61400,0.382,0.066,0.066
61401,0.386,0.042,0.042
61402,0.416,0.036,0.036
61403,0.406,0.02,0.02
61404,0.406,0.018,0.018
61405,0.404,0.016,0.016
61406,0.404,0.016,0.016
61407,0.402,0.01,0.01
61408,0.404,0.01,0.01
61409,0.426,0.004,0.004
61410,0.422,0.004,0.004
61411,0.418,0.004,0.004
61412,0.418,0.004,0.004
61413,0.412,0,0
61414,0.414,0,0
61415,0.398,0,0
61416,0.388,0,0
61417,0.39,0,0
61418,0.378,0,0
61419,0.374,0,0
61420,0.384,0,0
61421,0.446,0,0
61422,0.432,0,0
61423,0.442,0,0
61424,0.44,0,0
61425,0.432,0,0
61426,0.436,0,0
61427,0.432,0,0
61428,0.43,0,0
61429,0.43,0,0
61430,0.41,0,0
61431,0.422,0,0
61432,0.43,0,0
61433,0.426,0,0
61434,0.42,0,0
61435,0.434,0,0
61436,0.422,0,0
61437,0.428,0,0
61438,0.44,0,0
61439,0.428,0,0
61440,0.428,0,0
61441,0.418,0,0
61442,0.41,0,0
61443,0.416,0,0
61444,0.402,0,0
61445,0.398,0,0
61446,0.394,0,0
61447,0.396,0,0
61448,0.384,0,0
61449,0.378,0,0
61450,0.37,0,0
61451,0.36,0,0
61452,0.35,0,0
61453,0.35,0,0
61454,0.346,0,0
61455,0.342,0,0
61456,0.336,0,0
61457,0.332,0,0
61458,0.326,0,0
61459,0.314,0,0
61460,0.318,0,0
61461,0.312,0,0
61462,0.294,0,0
61463,0.292,0,0
61464,0.294,0,0
61465,0.288,0,0
61466,0.284,0,0
61467,0.292,0,0
61468,0.306,0,0
61469,0.296,0,0
61470,0.282,0,0
61471,0.268,0,0
61472,0.24,0,0
61473,0.224,0,0
61474,0.218,0,0
61475,0.184,0,0
61476,0.182,0,0
61477,0.17,0,0
61478,0.166,0,0
61479,0.152,0,0
61480,0.148,0,0
61481,0.12,0,0
61482,0.116,0,0
61483,0.102,0,0
61484,0.066,0,0
61485,0.042,0,0
61486,0.036,0,0
61487,0.02,0,0
61488,0.018,0,0
61489,0.016,0,0
61490,0.016,0,0
61491,0.01,0,0
61492,0.01,0,0
61493,0.004,0,0
61494,0.004,0,0
61495,0.004,0,0
61496,0.004,0,0
61497,0,0,0
61498,0,0,0
61499,0,0,0
61500,0,0,0
61501,0,0,0
61502,0,0,0
61503,0,0,0
61504,0,0,0
61505,0,0,0
61506,0,0,0
61507,0,0,0
61508,0,0,0
61509,0,0,0
61510,0,0,0
61511,0,0,0
61512,0,0,0
61513,0,0,0
61514,0,0,0
61515,0,0,0
61516,0,0,0
61517,0,0,0
61518,0,0,0
61519,0,0,0
61520,0,0,0
61521,0,0,0
61522,0,0,0
61523,0,0,0
61524,0,0,0
61525,0,0,0
61526,0,0,0
61527,0,0,0
61528,0,0,0
61529,0,0,0
61530,0,0,0
61531,0,0,0
61532,0,0,0
61533,0,0,0
61534,0,0,0
61535,0,0,0
61536,0,0,0
61537,0,0,0
61538,0,0,0
61539,0,0,0
61540,0,0,0
61541,0,0,0
61542,0,0,0
61543,0,0,0
61544,0,0,0
61545,0,0,0
61546,0,0,0
61547,0.008,0.008,0.008
61548,0,0,0
61549,0,0,0
61550,0,0,0
61551,0,0,0
61552,0,0,0
61553,0,0,0
61554,0,0,0
61555,0,0,0
61556,0,0,0
61557,0,0,0
61558,0,0,0
61559,0,0,0
61560,0,0,0
61561,0,0,0
61562,0,0,0
61563,0,0,0
61564,0,0,0
61565,0,0,0
61566,0,0,0
61567,0,0,0
61568,0,0,0
61569,0,0,0
61570,0,0,0
61571,0,0,0
61572,0,0,0
61573,0,0,0
61574,0,0,0
61575,0,0,0
61576,0,0,0
61577,0.004,0.004,0.004
61578,0,0,0
61579,0,0,0
61580,0,0,0
61581,0,0,0
61582,0,0,0
61583,0,0,0
61584,0,0,0
61585,0,0,0
61586,0,0,0
61587,0,0,0
61588,0,0,0
61589,0.004,0.004,0.004
61590,0.01,0.01,0.01
61591,0.014,0.014,0.014
61592,0.018,0.018,0.018
61593,0.02,0.02,0.02
61594,0.018,0.018,0.018
61595,0.018,0.018,0.018
61596,0.052,0.052,0.052
61597,0.052,0.052,0.052
61598,0.052,0.052,0.052
61599,0.046,0.046,0.046
61600,0.044,0.044,0.044
61601,0.044,0.044,0.044
61602,0.05,0.05,0.05
61603,0.046,0.046,0.046
61604,0.044,0.044,0.044
61605,0.038,0.038,0.038
61606,0.038,0.038,0.038
61607,0.038,0.038,0.038
61608,0.048,0.048,0.048
61609,0.058,0.058,0.058
61610,0.068,0.068,0.068
61611,0.058,0.058,0.058
61612,0.054,0.054,0.054
61613,0.05,0.05,0.05
61614,0.072,0.072,0.072
61615,0.088,0.088,0.088
61616,0.11,0.11,0.11
61617,0.098,0.098,0.098
61618,0.112,0.112,0.112
61619,0.104,0.104,0.104
61620,0.134,0.134,0.134
61621,0.14,0.14,0.14
61622,0.122,0.122,0.122
61623,0.118,0.118,0.118
61624,0.12,0.12,0.12
61625,0.106,0.106,0.106
61626,0.072,0.072,0.072
61627,0.054,0.054,0.054
61628,0.054,0.054,0.054
61629,0.12,0.12,0.12
61630,0.168,0.168,0.168
61631,0.15,0.15,0.15
61632,0.128,0.128,0.128
61633,0.124,0.124,0.124
61634,0.146,0.146,0.146
61635,0.146,0.146,0.146
61636,0.144,0.144,0.144
61637,0.136,0.136,0.136
61638,0.132,0.132,0.132
61639,0.118,0.118,0.118
61640,0.13,0.13,0.13
61641,0.106,0.106,0.106
61642,0.116,0.116,0.116
61643,0.126,0.126,0.126
61644,0.12,0.12,0.12
61645,0.14,0.14,0.14
61646,0.126,0.126,0.126
61647,0.122,0.122,0.122
61648,0.118,0.118,0.118
61649,0.106,0.106,0.106
61650,0.118,0.118,0.118
61651,0.12,0.12,0.12
61652,0.108,0.108,0.108
61653,0.124,0.124,0.124
61654,0.126,0.126,0.126
61655,0.106,0.106,0.106
61656,0.098,0.098,0.098
61657,0.106,0.106,0.106
61658,0.116,0.116,0.116
61659,0.116,0.116,0.116
61660,0.13,0.13,0.13
61661,0.148,0.148,0.148
61662,0.154,0.154,0.154
61663,0.134,0.134,0.134
61664,0.154,0.154,0.154
61665,0.132,0.132,0.132
61666,0.126,0.126,0.126
61667,0.122,0.122,0.122
61668,0.134,0.134,0.134
61669,0.142,0.142,0.142
61670,0.136,0.136,0.136
61671,0.122,0.122,0.122
61672,0.16,0.16,0.16
61673,0.188,0.188,0.188
61674,0.154,0.154,0.154
61675,0.188,0.188,0.188
61676,0.17,0.17,0.17
61677,0.174,0.174,0.174
61678,0.17,0.17,0.17
61679,0.162,0.162,0.162
61680,0.158,0.158,0.158
61681,0.156,0.156,0.156
61682,0.164,0.164,0.164
61683,0.16,0.16,0.16
61684,0.164,0.164,0.164
61685,0.112,0.112,0.112
61686,0.154,0.154,0.154
61687,0.154,0.154,0.154
61688,0.154,0.154,0.154
61689,0.158,0.158,0.158
61690,0.156,0.156,0.156
61691,0.156,0.156,0.156
61692,0.16,0.16,0.16
61693,0.138,0.138,0.138
61694,0.15,0.15,0.15
61695,0.154,0.154,0.154
61696,0.162,0.162,0.162
61697,0.172,0.172,0.172
61698,0.17,0.17,0.17
61699,0.19,0.19,0.19
61700,0.23,0.23,0.23
61701,0.274,0.274,0.274
61702,0.246,0.246,0.246
61703,0.24,0.24,0.24
61704,0.276,0.276,0.276
61705,0.308,0.308,0.308
61706,0.248,0.248,0.248
61707,0.264,0.264,0.264
61708,0.262,0.262,0.262
61709,0.304,0.304,0.304
61710,0.302,0.302,0.302
61711,0.29,0.29,0.29
61712,0.246,0.246,0.246
61713,0.248,0.248,0.248
61714,0.244,0.244,0.244
61715,0.222,0.222,0.222
61716,0.228,0.228,0.228
61717,0.234,0.234,0.234
61718,0.238,0.238,0.238
61719,0.246,0.246,0.246
61720,0.242,0.242,0.242
61721,0.248,0.248,0.248
61722,0.238,0.238,0.238
61723,0.25,0.25,0.25
61724,0.248,0.248,0.248
61725,0.248,0.248,0.248
61726,0.278,0.278,0.278
61727,0.268,0.268,0.268
61728,0.274,0.274,0.274
61729,0.272,0.272,0.272
61730,0.276,0.276,0.276
61731,0.28,0.28,0.28
61732,0.288,0.288,0.288
61733,0.302,0.302,0.302
61734,0.298,0.298,0.298
61735,0.31,0.31,0.31
61736,0.312,0.312,0.312
61737,0.358,0.358,0.358
61738,0.342,0.342,0.342
61739,0.338,0.338,0.338
61740,0.338,0.338,0.338
61741,0.344,0.344,0.344
61742,0.342,0.342,0.342
61743,0.33,0.33,0.33
61744,0.332,0.332,0.332
61745,0.342,0.342,0.342
61746,0.336,0.336,0.336
61747,0.382,0.382,0.382
61748,0.368,0.368,0.368
61749,0.35,0.35,0.35
61750,0.376,0.296,0.296
61751,0.406,0.282,0.282
61752,0.39,0.268,0.268
61753,0.39,0.24,0.24
61754,0.372,0.224,0.224
61755,0.368,0.218,0.218
61756,0.38,0.184,0.184
61757,0.368,0.182,0.182
61758,0.372,0.17,0.17
61759,0.358,0.166,0.166
61760,0.366,0.152,0.152
61761,0.372,0.148,0.148
61762,0.382,0.12,0.12
61763,0.388,0.116,0.116
61764,0.39,0.102,0.102
61765,0.382,0.066,0.066
61766,0.386,0.042,0.042
61767,0.416,0.036,0.036
61768,0.406,0.02,0.02
61769,0.406,0.018,0.018
61770,0.404,0.016,0.016
61771,0.404,0.016,0.016
61772,0.402,0.01,0.01
61773,0.404,0.01,0.01
61774,0.426,0.004,0.004
61775,0.422,0.004,0.004
61776,0.418,0.004,0.004
61777,0.418,0.004,0.004
61778,0.412,0,0
61779,0.414,0,0
61780,0.398,0,0
61781,0.388,0,0
61782,0.39,0,0
61783,0.378,0,0
61784,0.374,0,0
61785,0.384,0,0
61786,0.446,0,0
61787,0.432,0,0
61788,0.442,0,0
61789,0.44,0,0
61790,0.432,0,0
61791,0.436,0,0
61792,0.432,0,0
61793,0.43,0,0
61794,0.43,0,0
61795,0.41,0,0
61796,0.422,0,0
61797,0.43,0,0
61798,0.426,0,0
61799,0.42,0,0
61800,0.434,0,0
61801,0.422,0,0
61802,0.428,0,0
61803,0.44,0,0
61804,0.428,0,0
61805,0.428,0,0
61806,0.418,0,0
61807,0.41,0,0
61808,0.416,0,0
61809,0.402,0,0
61810,0.398,0,0
61811,0.394,0,0
61812,0.396,0,0
61813,0.384,0,0
61814,0.378,0,0
61815,0.37,0,0
61816,0.36,0,0
61817,0.35,0,0
61818,0.35,0,0
61819,0.346,0,0
61820,0.342,0,0
61821,0.336,0,0
61822,0.332,0,0
61823,0.326,0,0
61824,0.314,0,0
61825,0.318,0,0
61826,0.312,0,0
61827,0.294,0,0
61828,0.292,0,0
61829,0.294,0,0
61830,0.288,0,0
61831,0.284,0,0
61832,0.292,0,0
61833,0.306,0,0
61834,0.296,0,0
61835,0.282,0,0
61836,0.268,0,0
61837,0.24,0,0
61838,0.224,0,0
61839,0.218,0,0
61840,0.184,0,0
61841,0.182,0,0
61842,0.17,0,0
61843,0.166,0,0
61844,0.152,0,0
61845,0.148,0,0
61846,0.12,0,0
61847,0.116,0,0
61848,0.102,0,0
61849,0.066,0,0
61850,0.042,0,0
61851,0.036,0,0
61852,0.02,0,0
61853,0.018,0,0
61854,0.016,0,0
61855,0.016,0,0
61856,0.01,0,0
61857,0.01,0,0
61858,0.004,0,0
61859,0.004,0,0
61860,0.004,0,0
61861,0.004,0,0
61862,0,0,0
61863,0,0,0
61864,0,0,0
61865,0,0,0
61866,0,0,0
61867,0,0,0
61868,0,0,0
61869,0,0,0
61870,0,0,0
61871,0,0,0
61872,0,0,0
61873,0,0,0
61874,0,0,0
61875,0,0,0
61876,0,0,0
61877,0,0,0
61878,0,0,0
61879,0,0,0
61880,0,0,0
61881,0,0,0
61882,0,0,0
61883,0,0,0
61884,0,0,0
61885,0,0,0
61886,0,0,0
61887,0,0,0
61888,0,0,0
61889,0,0,0
61890,0,0,0
61891,0,0,0
61892,0,0,0
61893,0,0,0
61894,0,0,0
61895,0,0,0
61896,0,0,0
61897,0,0,0
61898,0,0,0
61899,0,0,0
61900,0,0,0
61901,0,0,0
61902,0,0,0
61903,0,0,0
61904,0,0,0
61905,0,0,0
61906,0,0,0
61907,0,0,0
61908,0,0,0
61909,0,0,0
61910,0,0,0
61911,0,0,0
61912,0.008,0.008,0.008
61913,0,0,0
61914,0,0,0
61915,0,0,0
61916,0,0,0
61917,0,0,0
61918,0,0,0
61919,0,0,0
61920,0,0,0
61921,0,0,0
61922,0,0,0
61923,0,0,0
61924,0,0,0
61925,0,0,0
61926,0,0,0
61927,0,0,0
61928,0,0,0
61929,0,0,0
61930,0,0,0
61931,0,0,0
61932,0,0,0
61933,0,0,0
61934,0,0,0
61935,0,0,0
61936,0,0,0
61937,0,0,0
61938,0,0,0
61939,0,0,0
61940,0,0,0
61941,0,0,0
61942,0.004,0.004,0.004
61943,0,0,0
61944,0,0,0
61945,0,0,0
61946,0,0,0
61947,0,0,0
61948,0,0,0
61949,0,0,0
61950,0,0,0
61951,0,0,0
61952,0,0,0
61953,0,0,0
61954,0.004,0.004,0.004
61955,0.01,0.01,0.01
61956,0.014,0.014,0.014
61957,0.018,0.018,0.018
61958,0.02,0.02,0.02
61959,0.018,0.018,0.018
61960,0.018,0.018,0.018
61961,0.052,0.052,0.052
61962,0.052,0.052,0.052
61963,0.052,0.052,0.052
61964,0.046,0.046,0.046
61965,0.044,0.044,0.044
61966,0.044,0.044,0.044
61967,0.05,0.05,0.05
61968,0.046,0.046,0.046
61969,0.044,0.044,0.044
61970,0.038,0.038,0.038
61971,0.038,0.038,0.038
61972,0.038,0.038,0.038
61973,0.048,0.048,0.048
61974,0.058,0.058,0.058
61975,0.068,0.068,0.068
61976,0.058,0.058,0.058
61977,0.054,0.054,0.054
61978,0.05,0.05,0.05
61979,0.072,0.072,0.072
61980,0.088,0.088,0.088
61981,0.11,0.11,0.11
61982,0.098,0.098,0.098
61983,0.112,0.112,0.112
61984,0.104,0.104,0.104
61985,0.134,0.134,0.134
61986,0.14,0.14,0.14
61987,0.122,0.122,0.122
61988,0.118,0.118,0.118
61989,0.12,0.12,0.12
61990,0.106,0.106,0.106
61991,0.072,0.072,0.072
61992,0.054,0.054,0.054
61993,0.054,0.054,0.054
61994,0.12,0.12,0.12
61995,0.168,0.168,0.168
61996,0.15,0.15,0.15
61997,0.128,0.128,0.128
61998,0.124,0.124,0.124
61999,0.146,0.146,0.146
62000,0.146,0.146,0.146
62001,0.144,0.144,0.144
62002,0.136,0.136,0.136
62003,0.132,0.132,0.132
62004,0.118,0.118,0.118
62005,0.13,0.13,0.13
62006,0.106,0.106,0.106
62007,0.116,0.116,0.116
62008,0.126,0.126,0.126
62009,0.12,0.12,0.12
62010,0.14,0.14,0.14
62011,0.126,0.126,0.126
62012,0.122,0.122,0.122
62013,0.118,0.118,0.118
62014,0.106,0.106,0.106
62015,0.118,0.118,0.118
62016,0.12,0.12,0.12
62017,0.108,0.108,0.108
62018,0.124,0.124,0.124
62019,0.126,0.126,0.126
62020,0.106,0.106,0.106
62021,0.098,0.098,0.098
62022,0.106,0.106,0.106
62023,0.116,0.116,0.116
62024,0.116,0.116,0.116
62025,0.13,0.13,0.13
62026,0.148,0.148,0.148
62027,0.154,0.154,0.154
62028,0.134,0.134,0.134
62029,0.154,0.154,0.154
62030,0.132,0.132,0.132
62031,0.126,0.126,0.126
62032,0.122,0.122,0.122
62033,0.134,0.134,0.134
62034,0.142,0.142,0.142
62035,0.136,0.136,0.136
62036,0.122,0.122,0.122
62037,0.16,0.16,0.16
62038,0.188,0.188,0.188
62039,0.154,0.154,0.154
62040,0.188,0.188,0.188
62041,0.17,0.17,0.17
62042,0.174,0.174,0.174
62043,0.17,0.17,0.17
62044,0.162,0.162,0.162
62045,0.158,0.158,0.158
62046,0.156,0.156,0.156
62047,0.164,0.164,0.164
62048,0.16,0.16,0.16
62049,0.164,0.164,0.164
62050,0.112,0.112,0.112
62051,0.154,0.154,0.154
62052,0.154,0.154,0.154
62053,0.154,0.154,0.154
62054,0.158,0.158,0.158
62055,0.156,0.156,0.156
62056,0.156,0.156,0.156
62057,0.16,0.16,0.16
62058,0.138,0.138,0.138
62059,0.15,0.15,0.15
62060,0.154,0.154,0.154
62061,0.162,0.162,0.162
62062,0.172,0.172,0.172
62063,0.17,0.17,0.17
62064,0.19,0.19,0.19
62065,0.23,0.23,0.23
62066,0.274,0.274,0.274
62067,0.246,0.246,0.246
62068,0.24,0.24,0.24
62069,0.276,0.276,0.276
62070,0.308,0.308,0.308
62071,0.248,0.248,0.248
62072,0.264,0.264,0.264
62073,0.262,0.262,0.262
62074,0.304,0.304,0.304
62075,0.302,0.302,0.302
62076,0.29,0.29,0.29
62077,0.246,0.246,0.246
62078,0.248,0.248,0.248
62079,0.244,0.244,0.244
62080,0.222,0.222,0.222
62081,0.228,0.228,0.228
62082,0.234,0.234,0.234
62083,0.238,0.238,0.238
62084,0.246,0.246,0.246
62085,0.242,0.242,0.242
62086,0.248,0.248,0.248
62087,0.238,0.238,0.238
62088,0.25,0.25,0.25
62089,0.248,0.248,0.248
62090,0.248,0.248,0.248
62091,0.278,0.278,0.278
62092,0.268,0.268,0.268
62093,0.274,0.274,0.274
62094,0.272,0.272,0.272
62095,0.276,0.276,0.276
62096,0.28,0.28,0.28
62097,0.288,0.288,0.288
62098,0.302,0.302,0.302
62099,0.298,0.298,0.298
62100,0.31,0.31,0.31
62101,0.312,0.312,0.312
62102,0.358,0.358,0.358
62103,0.342,0.342,0.342
62104,0.338,0.338,0.338
62105,0.338,0.338,0.338
62106,0.344,0.344,0.344
62107,0.342,0.342,0.342
62108,0.33,0.33,0.33
62109,0.332,0.332,0.332
62110,0.342,0.342,0.342
62111,0.336,0.336,0.336
62112,0.382,0.382,0.382
62113,0.368,0.368,0.368
62114,0.35,0.296,0.296
62115,0.376,0.282,0.282
62116,0.406,0.268,0.268
62117,0.39,0.24,0.24
62118,0.39,0.224,0.224
62119,0.372,0.218,0.218
62120,0.368,0.184,0.184
62121,0.38,0.182,0.182
62122,0.368,0.17,0.17
62123,0.372,0.166,0.166
62124,0.358,0.152,0.152
62125,0.366,0.148,0.148
62126,0.372,0.12,0.12
62127,0.382,0.116,0.116
62128,0.388,0.102,0.102
62129,0.39,0.066,0.066
62130,0.382,0.042,0.042
62131,0.386,0.036,0.036
62132,0.416,0.02,0.02
62133,0.406,0.018,0.018
62134,0.406,0.016,0.016
62135,0.404,0.016,0.016
62136,0.404,0.01,0.01
62137,0.402,0.01,0.01
62138,0.404,0.004,0.004
62139,0.426,0.004,0.004
62140,0.422,0.004,0.004
62141,0.418,0.004,0.004
62142,0.418,0,0
62143,0.412,0,0
62144,0.414,0,0
62145,0.398,0,0
62146,0.388,0,0
62147,0.39,0,0
62148,0.378,0,0
62149,0.374,0,0
62150,0.384,0,0
62151,0.446,0,0
62152,0.432,0,0
62153,0.442,0,0
62154,0.44,0,0
62155,0.432,0,0
62156,0.436,0,0
62157,0.432,0,0
62158,0.43,0,0
62159,0.43,0,0
62160,0.41,0,0
62161,0.422,0,0
62162,0.43,0,0
62163,0.426,0,0
62164,0.42,0,0
62165,0.434,0,0
62166,0.422,0,0
62167,0.428,0,0
62168,0.44,0,0
62169,0.428,0,0
62170,0.428,0,0
62171,0.418,0,0
62172,0.41,0,0
62173,0.416,0,0
62174,0.402,0,0
62175,0.398,0,0
62176,0.394,0,0
62177,0.396,0,0
62178,0.384,0,0
62179,0.378,0,0
62180,0.37,0,0
62181,0.36,0,0
62182,0.35,0,0
62183,0.35,0,0
62184,0.346,0,0
62185,0.342,0,0
62186,0.336,0,0
62187,0.332,0,0
62188,0.326,0,0
62189,0.314,0,0
62190,0.318,0,0
62191,0.312,0,0
62192,0.294,0,0
62193,0.292,0,0
62194,0.294,0,0
62195,0.288,0,0
62196,0.284,0,0
62197,0.292,0,0
62198,0.306,0,0
62199,0.296,0,0
62200,0.282,0,0
62201,0.268,0,0
62202,0.24,0,0
62203,0.224,0,0
62204,0.218,0,0
62205,0.184,0,0
62206,0.182,0,0
62207,0.17,0,0
62208,0.166,0,0
62209,0.152,0,0
62210,0.148,0,0
62211,0.12,0,0
62212,0.116,0,0
62213,0.102,0,0
62214,0.066,0,0
62215,0.042,0,0
62216,0.036,0,0
62217,0.02,0,0
62218,0.018,0,0
62219,0.016,0,0
62220,0.016,0,0
62221,0.01,0,0
62222,0.01,0,0
62223,0.004,0,0
62224,0.004,0,0
62225,0.004,0,0
62226,0.004,0,0
62227,0,0,0
62228,0,0,0
62229,0,0,0
62230,0,0,0
62231,0,0,0
62232,0,0,0
62233,0,0,0
62234,0,0,0
62235,0,0,0
62236,0,0,0
62237,0,0,0
62238,0,0,0
62239,0,0,0
62240,0,0,0
62241,0,0,0
62242,0,0,0
62243,0,0,0
62244,0,0,0
62245,0,0,0
62246,0,0,0
62247,0,0,0
62248,0,0,0
62249,0,0,0
62250,0,0,0
62251,0,0,0
62252,0,0,0
62253,0,0,0
62254,0,0,0
62255,0,0,0
62256,0,0,0
62257,0,0,0
62258,0,0,0
62259,0,0,0
62260,0,0,0
62261,0,0,0
62262,0,0,0
62263,0,0,0
62264,0,0,0
62265,0,0,0
62266,0,0,0
62267,0,0,0
62268,0,0,0
62269,0,0,0
62270,0,0,0
62271,0,0,0
62272,0,0,0
62273,0,0,0
62274,0,0,0
62275,0,0,0
62276,0,0,0
62277,0.008,0.008,0.008
62278,0,0,0
62279,0,0,0
62280,0,0,0
62281,0,0,0
62282,0,0,0
62283,0,0,0
62284,0,0,0
62285,0,0,0
62286,0,0,0
62287,0,0,0
62288,0,0,0
62289,0,0,0
62290,0,0,0
62291,0,0,0
62292,0,0,0
62293,0,0,0
62294,0,0,0
62295,0,0,0
62296,0,0,0
62297,0,0,0
62298,0,0,0
62299,0,0,0
62300,0,0,0
62301,0,0,0
62302,0,0,0
62303,0,0,0
62304,0,0,0
62305,0,0,0
62306,0,0,0
62307,0.004,0.004,0.004
62308,0,0,0
62309,0,0,0
62310,0,0,0
62311,0,0,0
62312,0,0,0
62313,0,0,0
62314,0,0,0
62315,0,0,0
62316,0,0,0
62317,0,0,0
62318,0,0,0
62319,0.004,0.004,0.004
62320,0.01,0.01,0.01
62321,0.014,0.014,0.014
62322,0.018,0.018,0.018
62323,0.02,0.02,0.02
62324,0.018,0.018,0.018
62325,0.018,0.018,0.018
62326,0.052,0.052,0.052
62327,0.052,0.052,0.052
62328,0.052,0.052,0.052
62329,0.046,0.046,0.046
62330,0.044,0.044,0.044
62331,0.044,0.044,0.044
62332,0.05,0.05,0.05
62333,0.046,0.046,0.046
62334,0.044,0.044,0.044
62335,0.038,0.038,0.038
62336,0.038,0.038,0.038
62337,0.038,0.038,0.038
62338,0.048,0.048,0.048
62339,0.058,0.058,0.058
62340,0.068,0.068,0.068
62341,0.058,0.058,0.058
62342,0.054,0.054,0.054
62343,0.05,0.05,0.05
62344,0.072,0.072,0.072
62345,0.088,0.088,0.088
62346,0.11,0.11,0.11
62347,0.098,0.098,0.098
62348,0.112,0.112,0.112
62349,0.104,0.104,0.104
62350,0.134,0.134,0.134
62351,0.14,0.14,0.14
62352,0.122,0.122,0.122
62353,0.118,0.118,0.118
62354,0.12,0.12,0.12
62355,0.106,0.106,0.106
62356,0.072,0.072,0.072
62357,0.054,0.054,0.054
62358,0.054,0.054,0.054
62359,0.12,0.12,0.12
62360,0.168,0.168,0.168
62361,0.15,0.15,0.15
62362,0.128,0.128,0.128
62363,0.124,0.124,0.124
62364,0.146,0.146,0.146
62365,0.146,0.146,0.146
62366,0.144,0.144,0.144
62367,0.136,0.136,0.136
62368,0.132,0.132,0.132
62369,0.118,0.118,0.118
62370,0.13,0.13,0.13
62371,0.106,0.106,0.106
62372,0.116,0.116,0.116
62373,0.126,0.126,0.126
62374,0.12,0.12,0.12
62375,0.14,0.14,0.14
62376,0.126,0.126,0.126
62377,0.122,0.122,0.122
62378,0.118,0.118,0.118
62379,0.106,0.106,0.106
62380,0.118,0.118,0.118
62381,0.12,0.12,0.12
62382,0.108,0.108,0.108
62383,0.124,0.124,0.124
62384,0.126,0.126,0.126
62385,0.106,0.106,0.106
62386,0.098,0.098,0.098
62387,0.106,0.106,0.106
62388,0.116,0.116,0.116
62389,0.116,0.116,0.116
62390,0.13,0.13,0.13
62391,0.148,0.148,0.148
62392,0.154,0.154,0.154
62393,0.134,0.134,0.134
62394,0.154,0.154,0.154
62395,0.132,0.132,0.132
62396,0.126,0.126,0.126
62397,0.122,0.122,0.122
62398,0.134,0.134,0.134
62399,0.142,0.142,0.142
62400,0.136,0.136,0.136
62401,0.122,0.122,0.122
62402,0.16,0.16,0.16
62403,0.188,0.188,0.188
62404,0.154,0.154,0.154
62405,0.188,0.188,0.188
62406,0.17,0.17,0.17
62407,0.174,0.174,0.174
62408,0.17,0.17,0.17
62409,0.162,0.162,0.162
62410,0.158,0.158,0.158
62411,0.156,0.156,0.156
62412,0.164,0.164,0.164
62413,0.16,0.16,0.16
62414,0.164,0.164,0.164
62415,0.112,0.112,0.112
62416,0.154,0.154,0.154
62417,0.154,0.154,0.154
62418,0.154,0.154,0.154
62419,0.158,0.158,0.158
62420,0.156,0.156,0.156
62421,0.156,0.156,0.156
62422,0.16,0.16,0.16
62423,0.138,0.138,0.138
62424,0.15,0.15,0.15
62425,0.154,0.154,0.154
62426,0.162,0.162,0.162
62427,0.172,0.172,0.172
62428,0.17,0.17,0.17
62429,0.19,0.19,0.19
62430,0.23,0.23,0.23
62431,0.274,0.274,0.274
62432,0.246,0.246,0.246
62433,0.24,0.24,0.24
62434,0.276,0.276,0.276
62435,0.308,0.308,0.308
62436,0.248,0.248,0.248
62437,0.264,0.264,0.264
62438,0.262,0.262,0.262
62439,0.304,0.304,0.304
62440,0.302,0.302,0.302
62441,0.29,0.29,0.29
62442,0.246,0.246,0.246
62443,0.248,0.248,0.248
62444,0.244,0.244,0.244
62445,0.222,0.222,0.222
62446,0.228,0.228,0.228
62447,0.234,0.234,0.234
62448,0.238,0.238,0.238
62449,0.246,0.246,0.246
62450,0.242,0.242,0.242
62451,0.248,0.248,0.248
62452,0.238,0.238,0.238
62453,0.25,0.25,0.25
62454,0.248,0.248,0.248
62455,0.248,0.248,0.248
62456,0.278,0.278,0.278
62457,0.268,0.268,0.268
62458,0.274,0.274,0.274
62459,0.272,0.272,0.272
62460,0.276,0.276,0.276
62461,0.28,0.28,0.28
62462,0.288,0.288,0.288
62463,0.302,0.302,0.302
62464,0.298,0.298,0.298
62465,0.31,0.31,0.31
62466,0.312,0.312,0.312
62467,0.358,0.358,0.358
62468,0.342,0.342,0.342
62469,0.338,0.338,0.338
62470,0.338,0.338,0.338
62471,0.344,0.344,0.344
62472,0.342,0.342,0.342
62473,0.33,0.33,0.33
62474,0.332,0.332,0.332
62475,0.342,0.342,0.342
62476,0.336,0.336,0.336
62477,0.382,0.382,0.382
62478,0.368,0.368,0.368
62479,0.35,0.296,0.296
62480,0.376,0.282,0.282
62481,0.406,0.268,0.268
62482,0.39,0.24,0.24
62483,0.39,0.224,0.224
62484,0.372,0.218,0.218
62485,0.368,0.184,0.184
62486,0.38,0.182,0.182
62487,0.368,0.17,0.17
62488,0.372,0.166,0.166
62489,0.358,0.152,0.152
62490,0.366,0.148,0.148
62491,0.372,0.12,0.12
62492,0.382,0.116,0.116
62493,0.388,0.102,0.102
62494,0.39,0.066,0.066
62495,0.382,0.042,0.042
62496,0.386,0.036,0.036
62497,0.416,0.02,0.02
62498,0.406,0.018,0.018
62499,0.406,0.016,0.016
62500,0.404,0.016,0.016
62501,0.404,0.01,0.01
62502,0.402,0.01,0.01
62503,0.404,0.004,0.004
62504,0.426,0.004,0.004
62505,0.422,0.004,0.004
62506,0.418,0.004,0.004
62507,0.418,0,0
62508,0.412,0,0
62509,0.414,0,0
62510,0.398,0,0
62511,0.388,0,0
62512,0.39,0,0
62513,0.378,0,0
62514,0.374,0,0
62515,0.384,0,0
62516,0.446,0,0
62517,0.432,0,0
62518,0.442,0,0
62519,0.44,0,0
62520,0.432,0,0
62521,0.436,0,0
62522,0.432,0,0
62523,0.43,0,0
62524,0.43,0,0
62525,0.41,0,0
62526,0.422,0,0
62527,0.43,0,0
62528,0.426,0,0
62529,0.42,0,0
62530,0.434,0,0
62531,0.422,0,0
62532,0.428,0,0
62533,0.44,0,0
62534,0.428,0,0
62535,0.428,0,0
62536,0.418,0,0
62537,0.41,0,0
62538,0.416,0,0
62539,0.402,0,0
62540,0.398,0,0
62541,0.394,0,0
62542,0.396,0,0
62543,0.384,0,0
62544,0.378,0,0
62545,0.37,0,0
62546,0.36,0,0
62547,0.35,0,0
62548,0.35,0,0
62549,0.346,0,0
62550,0.342,0,0
62551,0.336,0,0
62552,0.332,0,0
62553,0.326,0,0
62554,0.314,0,0
62555,0.318,0,0
62556,0.312,0,0
62557,0.294,0,0
62558,0.292,0,0
62559,0.294,0,0
62560,0.288,0,0
62561,0.284,0,0
62562,0.292,0,0
62563,0.306,0,0
62564,0.296,0,0
62565,0.282,0,0
62566,0.268,0,0
62567,0.24,0,0
62568,0.224,0,0
62569,0.218,0,0
62570,0.184,0,0
62571,0.182,0,0
62572,0.17,0,0
62573,0.166,0,0
62574,0.152,0,0
62575,0.148,0,0
62576,0.12,0,0
62577,0.116,0,0
62578,0.102,0,0
62579,0.066,0,0
62580,0.042,0,0
62581,0.036,0,0
62582,0.02,0,0
62583,0.018,0,0
62584,0.016,0,0
62585,0.016,0,0
62586,0.01,0,0
62587,0.01,0,0
62588,0.004,0,0
62589,0.004,0,0
62590,0.004,0,0
62591,0.004,0,0
62592,0,0,0
62593,0,0,0
62594,0,0,0
62595,0,0,0
62596,0,0,0
62597,0,0,0
62598,0,0,0
62599,0,0,0
62600,0,0,0
62601,0,0,0
62602,0,0,0
62603,0,0,0
62604,0,0,0
62605,0,0,0
62606,0,0,0
62607,0,0,0
62608,0,0,0
62609,0,0,0
62610,0,0,0
62611,0,0,0
62612,0,0,0
62613,0,0,0
62614,0,0,0
62615,0,0,0
62616,0,0,0
62617,0,0,0
62618,0,0,0
62619,0,0,0
62620,0,0,0
62621,0,0,0
62622,0,0,0
62623,0,0,0
62624,0,0,0
62625,0,0,0
62626,0,0,0
62627,0,0,0
62628,0,0,0
62629,0,0,0
62630,0,0,0
62631,0,0,0
62632,0,0,0
62633,0,0,0
62634,0,0,0
62635,0,0,0
62636,0,0,0
62637,0,0,0
62638,0,0,0
62639,0,0,0
62640,0,0,0
62641,0,0,0
62642,0.008,0.008,0.008
62643,0,0,0
62644,0,0,0
62645,0,0,0
62646,0,0,0
62647,0,0,0
62648,0,0,0
62649,0,0,0
62650,0,0,0
62651,0,0,0
62652,0,0,0
62653,0,0,0
62654,0,0,0
62655,0,0,0
62656,0,0,0
62657,0,0,0
62658,0,0,0
62659,0,0,0
62660,0,0,0
62661,0,0,0
62662,0,0,0
62663,0,0,0
62664,0,0,0
62665,0,0,0
62666,0,0,0
62667,0,0,0
62668,0,0,0
62669,0,0,0
62670,0,0,0
62671,0,0,0
62672,0.004,0.004,0.004
62673,0,0,0
62674,0,0,0
62675,0,0,0
62676,0,0,0
62677,0,0,0
62678,0,0,0
62679,0,0,0
62680,0,0,0
62681,0,0,0
62682,0,0,0
62683,0,0,0
62684,0.004,0.004,0.004
62685,0.01,0.01,0.01
62686,0.014,0.014,0.014
62687,0.018,0.018,0.018
62688,0.02,0.02,0.02
62689,0.018,0.018,0.018
62690,0.018,0.018,0.018
62691,0.052,0.052,0.052
62692,0.052,0.052,0.052
62693,0.052,0.052,0.052
62694,0.046,0.046,0.046
62695,0.044,0.044,0.044
62696,0.044,0.044,0.044
62697,0.05,0.05,0.05
62698,0.046,0.046,0.046
62699,0.044,0.044,0.044
62700,0.038,0.038,0.038
62701,0.038,0.038,0.038
62702,0.038,0.038,0.038
62703,0.048,0.048,0.048
62704,0.058,0.058,0.058
62705,0.068,0.068,0.068
62706,0.058,0.058,0.058
62707,0.054,0.054,0.054
62708,0.05,0.05,0.05
62709,0.072,0.072,0.072
62710,0.088,0.088,0.088
62711,0.11,0.11,0.11
62712,0.098,0.098,0.098
62713,0.112,0.112,0.112
62714,0.104,0.104,0.104
62715,0.134,0.134,0.134
62716,0.14,0.14,0.14
62717,0.122,0.122,0.122
62718,0.118,0.118,0.118
62719,0.12,0.12,0.12
62720,0.106,0.106,0.106
62721,0.072,0.072,0.072
62722,0.054,0.054,0.054
62723,0.054,0.054,0.054
62724,0.12,0.12,0.12
62725,0.168,0.168,0.168
62726,0.15,0.15,0.15
62727,0.128,0.128,0.128
62728,0.124,0.124,0.124
62729,0.146,0.146,0.146
62730,0.146,0.146,0.146
62731,0.144,0.144,0.144
62732,0.136,0.136,0.136
62733,0.132,0.132,0.132
62734,0.118,0.118,0.118
62735,0.13,0.13,0.13
62736,0.106,0.106,0.106
62737,0.116,0.116,0.116
62738,0.126,0.126,0.126
62739,0.12,0.12,0.12
62740,0.14,0.14,0.14
62741,0.126,0.126,0.126
62742,0.122,0.122,0.122
62743,0.118,0.118,0.118
62744,0.106,0.106,0.106
62745,0.118,0.118,0.118
62746,0.12,0.12,0.12
62747,0.108,0.108,0.108
62748,0.124,0.124,0.124
62749,0.126,0.126,0.126
62750,0.106,0.106,0.106
62751,0.098,0.098,0.098
62752,0.106,0.106,0.106
62753,0.116,0.116,0.116
62754,0.116,0.116,0.116
62755,0.13,0.13,0.13
62756,0.148,0.148,0.148
62757,0.154,0.154,0.154
62758,0.134,0.134,0.134
62759,0.154,0.154,0.154
62760,0.132,0.132,0.132
62761,0.126,0.126,0.126
62762,0.122,0.122,0.122
62763,0.134,0.134,0.134
62764,0.142,0.142,0.142
62765,0.136,0.136,0.136
62766,0.122,0.122,0.122
62767,0.16,0.16,0.16
62768,0.188,0.188,0.188
62769,0.154,0.154,0.154
62770,0.188,0.188,0.188
62771,0.17,0.17,0.17
62772,0.174,0.174,0.174
62773,0.17,0.17,0.17
62774,0.162,0.162,0.162
62775,0.158,0.158,0.158
62776,0.156,0.156,0.156
62777,0.164,0.164,0.164
62778,0.16,0.16,0.16
62779,0.164,0.164,0.164
62780,0.112,0.112,0.112
62781,0.154,0.154,0.154
62782,0.154,0.154,0.154
62783,0.154,0.154,0.154
62784,0.158,0.158,0.158
62785,0.156,0.156,0.156
62786,0.156,0.156,0.156
62787,0.16,0.16,0.16
62788,0.138,0.138,0.138
62789,0.15,0.15,0.15
62790,0.154,0.154,0.154
62791,0.162,0.162,0.162
62792,0.172,0.172,0.172
62793,0.17,0.17,0.17
62794,0.19,0.19,0.19
62795,0.23,0.23,0.23
62796,0.274,0.274,0.274
62797,0.246,0.246,0.246
62798,0.24,0.24,0.24
62799,0.276,0.276,0.276
62800,0.308,0.308,0.308
62801,0.248,0.248,0.248
62802,0.264,0.264,0.264
62803,0.262,0.262,0.262
62804,0.304,0.304,0.304
62805,0.302,0.302,0.302
62806,0.29,0.29,0.29
62807,0.246,0.246,0.246
62808,0.248,0.248,0.248
62809,0.244,0.244,0.244
62810,0.222,0.222,0.222
62811,0.228,0.228,0.228
62812,0.234,0.234,0.234
62813,0.238,0.238,0.238
62814,0.246,0.246,0.246
62815,0.242,0.242,0.242
62816,0.248,0.248,0.248
62817,0.238,0.238,0.238
62818,0.25,0.25,0.25
62819,0.248,0.248,0.248
62820,0.248,0.248,0.248
62821,0.278,0.278,0.278
62822,0.268,0.268,0.268
62823,0.274,0.274,0.274
62824,0.272,0.272,0.272
62825,0.276,0.276,0.276
62826,0.28,0.28,0.28
62827,0.288,0.288,0.288
62828,0.302,0.302,0.302
62829,0.298,0.298,0.298
62830,0.31,0.31,0.31
62831,0.312,0.312,0.312
62832,0.358,0.358,0.358
62833,0.342,0.342,0.342
62834,0.338,0.338,0.338
62835,0.338,0.338,0.338
62836,0.344,0.344,0.344
62837,0.342,0.342,0.342
62838,0.33,0.33,0.33
62839,0.332,0.332,0.332
62840,0.342,0.342,0.342
62841,0.336,0.336,0.336
62842,0.382,0.382,0.382
62843,0.368,0.296,0.296
62844,0.35,0.282,0.282
62845,0.376,0.268,0.268
62846,0.406,0.24,0.24
62847,0.39,0.224,0.224
62848,0.39,0.218,0.218
62849,0.372,0.184,0.184
62850,0.368,0.182,0.182
62851,0.38,0.17,0.17
62852,0.368,0.166,0.166
62853,0.372,0.152,0.152
62854,0.358,0.148,0.148
62855,0.366,0.12,0.12
62856,0.372,0.116,0.116
62857,0.382,0.102,0.102
62858,0.388,0.066,0.066
62859,0.39,0.042,0.042
62860,0.382,0.036,0.036
62861,0.386,0.02,0.02
62862,0.416,0.018,0.018
62863,0.406,0.016,0.016
62864,0.406,0.016,0.016
62865,0.404,0.01,0.01
62866,0.404,0.01,0.01
62867,0.402,0.004,0.004
62868,0.404,0.004,0.004
62869,0.426,0.004,0.004
62870,0.422,0.004,0.004
62871,0.418,0,0
62872,0.418,0,0
62873,0.412,0,0
62874,0.414,0,0
62875,0.398,0,0
62876,0.388,0,0
62877,0.39,0,0
62878,0.378,0,0
62879,0.374,0,0
62880,0.384,0,0
62881,0.446,0,0
62882,0.432,0,0
62883,0.442,0,0
62884,0.44,0,0
62885,0.432,0,0
62886,0.436,0,0
62887,0.432,0,0
62888,0.43,0,0
62889,0.43,0,0
62890,0.41,0,0
62891,0.422,0,0
62892,0.43,0,0
62893,0.426,0,0
62894,0.42,0,0
62895,0.434,0,0
62896,0.422,0,0
62897,0.428,0,0
62898,0.44,0,0
62899,0.428,0,0
62900,0.428,0,0
62901,0.418,0,0
62902,0.41,0,0
62903,0.416,0,0
62904,0.402,0,0
62905,0.398,0,0
62906,0.394,0,0
62907,0.396,0,0
62908,0.384,0,0
62909,0.378,0,0
62910,0.37,0,0
62911,0.36,0,0
62912,0.35,0,0
62913,0.35,0,0
62914,0.346,0,0
62915,0.342,0,0
62916,0.336,0,0
62917,0.332,0,0
62918,0.326,0,0
62919,0.314,0,0
62920,0.318,0,0
62921,0.312,0,0
62922,0.294,0,0
62923,0.292,0,0
62924,0.294,0,0
62925,0.288,0,0
62926,0.284,0,0
62927,0.292,0,0
62928,0.306,0,0
62929,0.296,0,0
62930,0.282,0,0
62931,0.268,0,0
62932,0.24,0,0
62933,0.224,0,0
62934,0.218,0,0
62935,0.184,0,0
62936,0.182,0,0
62937,0.17,0,0
62938,0.166,0,0
62939,0.152,0,0
62940,0.148,0,0
62941,0.12,0,0
62942,0.116,0,0
62943,0.102,0,0
62944,0.066,0,0
62945,0.042,0,0
62946,0.036,0,0
62947,0.02,0,0
62948,0.018,0,0
62949,0.016,0,0
62950,0.016,0,0
62951,0.01,0,0
62952,0.01,0,0
62953,0.004,0,0
62954,0.004,0,0
62955,0.004,0,0
62956,0.004,0,0
62957,0,0,0
62958,0,0,0
62959,0,0,0
62960,0,0,0
62961,0,0,0
62962,0,0,0
62963,0,0,0
62964,0,0,0
62965,0,0,0
62966,0,0,0
62967,0,0,0
62968,0,0,0
62969,0,0,0
62970,0,0,0
62971,0,0,0
62972,0,0,0
62973,0,0,0
62974,0,0,0
62975,0,0,0
62976,0,0,0
62977,0,0,0
62978,0,0,0
62979,0,0,0
62980,0,0,0
62981,0,0,0
62982,0,0,0
62983,0,0,0
62984,0,0,0
62985,0,0,0
62986,0,0,0
62987,0,0,0
62988,0,0,0
62989,0,0,0
62990,0,0,0
62991,0,0,0
62992,0,0,0
62993,0,0,0
62994,0,0,0
62995,0,0,0
62996,0,0,0
62997,0,0,0
62998,0,0,0
62999,0,0,0
63000,0,0,0
63001,0,0,0
63002,0,0,0
63003,0,0,0
63004,0,0,0
63005,0,0,0
63006,0,0,0
63007,0.008,0.008,0.008
63008,0,0,0
63009,0,0,0
63010,0,0,0
63011,0,0,0
63012,0,0,0
63013,0,0,0
63014,0,0,0
63015,0,0,0
63016,0,0,0
63017,0,0,0
63018,0,0,0
63019,0,0,0
63020,0,0,0
63021,0,0,0
63022,0,0,0
63023,0,0,0
63024,0,0,0
63025,0,0,0
63026,0,0,0
63027,0,0,0
63028,0,0,0
63029,0,0,0
63030,0,0,0
63031,0,0,0
63032,0,0,0
63033,0,0,0
63034,0,0,0
63035,0,0,0
63036,0,0,0
63037,0.004,0.004,0.004
63038,0,0,0
63039,0,0,0
63040,0,0,0
63041,0,0,0
63042,0,0,0
63043,0,0,0
63044,0,0,0
63045,0,0,0
63046,0,0,0
63047,0,0,0
63048,0,0,0
63049,0.004,0.004,0.004
63050,0.01,0.01,0.01
63051,0.014,0.014,0.014
63052,0.018,0.018,0.018
63053,0.02,0.02,0.02
63054,0.018,0.018,0.018
63055,0.018,0.018,0.018
63056,0.052,0.052,0.052
63057,0.052,0.052,0.052
63058,0.052,0.052,0.052
63059,0.046,0.046,0.046
63060,0.044,0.044,0.044
63061,0.044,0.044,0.044
63062,0.05,0.05,0.05
63063,0.046,0.046,0.046
63064,0.044,0.044,0.044
63065,0.038,0.038,0.038
63066,0.038,0.038,0.038
63067,0.038,0.038,0.038
63068,0.048,0.048,0.048
63069,0.058,0.058,0.058
63070,0.068,0.068,0.068
63071,0.058,0.058,0.058
63072,0.054,0.054,0.054
63073,0.05,0.05,0.05
63074,0.072,0.072,0.072
63075,0.088,0.088,0.088
63076,0.11,0.11,0.11
63077,0.098,0.098,0.098
63078,0.112,0.112,0.112
63079,0.104,0.104,0.104
63080,0.134,0.134,0.134
63081,0.14,0.14,0.14
63082,0.122,0.122,0.122
63083,0.118,0.118,0.118
63084,0.12,0.12,0.12
63085,0.106,0.106,0.106
63086,0.072,0.072,0.072
63087,0.054,0.054,0.054
63088,0.054,0.054,0.054
63089,0.12,0.12,0.12
63090,0.168,0.168,0.168
63091,0.15,0.15,0.15
63092,0.128,0.128,0.128
63093,0.124,0.124,0.124
63094,0.146,0.146,0.146
63095,0.146,0.146,0.146
63096,0.144,0.144,0.144
63097,0.136,0.136,0.136
63098,0.132,0.132,0.132
63099,0.118,0.118,0.118
63100,0.13,0.13,0.13
63101,0.106,0.106,0.106
63102,0.116,0.116,0.116
63103,0.126,0.126,0.126
63104,0.12,0.12,0.12
63105,0.14,0.14,0.14
63106,0.126,0.126,0.126
63107,0.122,0.122,0.122
63108,0.118,0.118,0.118
63109,0.106,0.106,0.106
63110,0.118,0.118,0.118
63111,0.12,0.12,0.12
63112,0.108,0.108,0.108
63113,0.124,0.124,0.124
63114,0.126,0.126,0.126
63115,0.106,0.106,0.106
63116,0.098,0.098,0.098
63117,0.106,0.106,0.106
63118,0.116,0.116,0.116
63119,0.116,0.116,0.116
63120,0.13,0.13,0.13
63121,0.148,0.148,0.148
63122,0.154,0.154,0.154
63123,0.134,0.134,0.134
63124,0.154,0.154,0.154
63125,0.132,0.132,0.132
63126,0.126,0.126,0.126
63127,0.122,0.122,0.122
63128,0.134,0.134,0.134
63129,0.142,0.142,0.142
63130,0.136,0.136,0.136
63131,0.122,0.122,0.122
63132,0.16,0.16,0.16
63133,0.188,0.188,0.188
63134,0.154,0.154,0.154
63135,0.188,0.188,0.188
63136,0.17,0.17,0.17
63137,0.174,0.174,0.174
63138,0.17,0.17,0.17
63139,0.162,0.162,0.162
63140,0.158,0.158,0.158
63141,0.156,0.156,0.156
63142,0.164,0.164,0.164
63143,0.16,0.16,0.16
63144,0.164,0.164,0.164
63145,0.112,0.112,0.112
63146,0.154,0.154,0.154
63147,0.154,0.154,0.154
63148,0.154,0.154,0.154
63149,0.158,0.158,0.158
63150,0.156,0.156,0.156
63151,0.156,0.156,0.156
63152,0.16,0.16,0.16
63153,0.138,0.138,0.138
63154,0.15,0.15,0.15
63155,0.154,0.154,0.154
63156,0.162,0.162,0.162
63157,0.172,0.172,0.172
63158,0.17,0.17,0.17
63159,0.19,0.19,0.19
63160,0.23,0.23,0.23
63161,0.274,0.274,0.274
63162,0.246,0.246,0.246
63163,0.24,0.24,0.24
63164,0.276,0.276,0.276
63165,0.308,0.308,0.308
63166,0.248,0.248,0.248
63167,0.264,0.264,0.264
63168,0.262,0.262,0.262
63169,0.304,0.304,0.304
63170,0.302,0.302,0.302
63171,0.29,0.29,0.29
63172,0.246,0.246,0.246
63173,0.248,0.248,0.248
63174,0.244,0.244,0.244
63175,0.222,0.222,0.222
63176,0.228,0.228,0.228
63177,0.234,0.234,0.234
63178,0.238,0.238,0.238
63179,0.246,0.246,0.246
63180,0.242,0.242,0.242
63181,0.248,0.248,0.248
63182,0.238,0.238,0.238
63183,0.25,0.25,0.25
63184,0.248,0.248,0.248
63185,0.248,0.248,0.248
63186,0.278,0.278,0.278
63187,0.268,0.268,0.268
63188,0.274,0.274,0.274
63189,0.272,0.272,0.272
63190,0.276,0.276,0.276
63191,0.28,0.28,0.28
63192,0.288,0.288,0.288
63193,0.302,0.302,0.302
63194,0.298,0.298,0.298
63195,0.31,0.31,0.31
63196,0.312,0.312,0.312
63197,0.358,0.358,0.358
63198,0.342,0.342,0.342
63199,0.338,0.338,0.338
63200,0.338,0.338,0.338
63201,0.344,0.344,0.344
63202,0.342,0.342,0.342
63203,0.33,0.33,0.33
63204,0.332,0.332,0.332
63205,0.342,0.342,0.342
63206,0.336,0.336,0.336
63207,0.382,0.382,0.382
63208,0.368,0.296,0.296
63209,0.35,0.282,0.282
63210,0.376,0.268,0.268
63211,0.406,0.24,0.24
63212,0.39,0.224,0.224
63213,0.39,0.218,0.218
63214,0.372,0.184,0.184
63215,0.368,0.182,0.182
63216,0.38,0.17,0.17
63217,0.368,0.166,0.166
63218,0.372,0.152,0.152
63219,0.358,0.148,0.148
63220,0.366,0.12,0.12
63221,0.372,0.116,0.116
63222,0.382,0.102,0.102
63223,0.388,0.066,0.066
63224,0.39,0.042,0.042
63225,0.382,0.036,0.036
63226,0.386,0.02,0.02
63227,0.416,0.018,0.018
63228,0.406,0.016,0.016
63229,0.406,0.016,0.016
63230,0.404,0.01,0.01
63231,0.404,0.01,0.01
63232,0.402,0.004,0.004
63233,0.404,0.004,0.004
63234,0.426,0.004,0.004
63235,0.422,0.004,0.004
63236,0.418,0,0
63237,0.418,0,0
63238,0.412,0,0
63239,0.414,0,0
63240,0.398,0,0
63241,0.388,0,0
63242,0.39,0,0
63243,0.378,0,0
63244,0.374,0,0
63245,0.384,0,0
63246,0.446,0,0
63247,0.432,0,0
63248,0.442,0,0
63249,0.44,0,0
63250,0.432,0,0
63251,0.436,0,0
63252,0.432,0,0
63253,0.43,0,0
63254,0.43,0,0
63255,0.41,0,0
63256,0.422,0,0
63257,0.43,0,0
63258,0.426,0,0
63259,0.42,0,0
63260,0.434,0,0
63261,0.422,0,0
63262,0.428,0,0
63263,0.44,0,0
63264,0.428,0,0
63265,0.428,0,0
63266,0.418,0,0
63267,0.41,0,0
63268,0.416,0,0
63269,0.402,0,0
63270,0.398,0,0
63271,0.394,0,0
63272,0.396,0,0
63273,0.384,0,0
63274,0.378,0,0
63275,0.37,0,0
63276,0.36,0,0
63277,0.35,0,0
63278,0.35,0,0
63279,0.346,0,0
63280,0.342,0,0
63281,0.336,0,0
63282,0.332,0,0
63283,0.326,0,0
63284,0.314,0,0
63285,0.318,0,0
63286,0.312,0,0
63287,0.294,0,0
63288,0.292,0,0
63289,0.294,0,0
63290,0.288,0,0
63291,0.284,0,0
63292,0.292,0,0
63293,0.306,0,0
63294,0.296,0,0
63295,0.282,0,0
63296,0.268,0,0
63297,0.24,0,0
63298,0.224,0,0
63299,0.218,0,0
63300,0.184,0,0
63301,0.182,0,0
63302,0.17,0,0
63303,0.166,0,0
63304,0.152,0,0
63305,0.148,0,0
63306,0.12,0,0
63307,0.116,0,0
63308,0.102,0,0
63309,0.066,0,0
63310,0.042,0,0
63311,0.036,0,0
63312,0.02,0,0
63313,0.018,0,0
63314,0.016,0,0
63315,0.016,0,0
63316,0.01,0,0
63317,0.01,0,0
63318,0.004,0,0
63319,0.004,0,0
63320,0.004,0,0
63321,0.004,0,0
63322,0,0,0
63323,0,0,0
63324,0,0,0
63325,0,0,0
63326,0,0,0
63327,0,0,0
63328,0,0,0
63329,0,0,0
63330,0,0,0
63331,0,0,0
63332,0,0,0
63333,0,0,0
63334,0,0,0
63335,0,0,0
63336,0,0,0
63337,0,0,0
63338,0,0,0
63339,0,0,0
63340,0,0,0
63341,0,0,0
63342,0,0,0
63343,0,0,0
63344,0,0,0
63345,0,0,0
63346,0,0,0
63347,0,0,0
63348,0,0,0
63349,0,0,0
63350,0,0,0
63351,0,0,0
63352,0,0,0
63353,0,0,0
63354,0,0,0
63355,0,0,0
63356,0,0,0
63357,0,0,0
63358,0,0,0
63359,0,0,0
63360,0,0,0
63361,0,0,0
63362,0,0,0
63363,0,0,0
63364,0,0,0
63365,0,0,0
63366,0,0,0
63367,0,0,0
63368,0,0,0
63369,0,0,0
63370,0,0,0
63371,0,0,0
63372,0.008,0.008,0.008
63373,0,0,0
63374,0,0,0
63375,0,0,0
63376,0,0,0
63377,0,0,0
63378,0,0,0
63379,0,0,0
63380,0,0,0
63381,0,0,0
63382,0,0,0
63383,0,0,0
63384,0,0,0
63385,0,0,0
63386,0,0,0
63387,0,0,0
63388,0,0,0
63389,0,0,0
63390,0,0,0
63391,0,0,0
63392,0,0,0
63393,0,0,0
63394,0,0,0
63395,0,0,0
63396,0,0,0
63397,0,0,0
63398,0,0,0
63399,0,0,0
63400,0,0,0
63401,0,0,0
63402,0.004,0.004,0.004
63403,0,0,0
63404,0,0,0
63405,0,0,0
63406,0,0,0
63407,0,0,0
63408,0,0,0
63409,0,0,0
63410,0,0,0
63411,0,0,0
63412,0,0,0
63413,0,0,0
63414,0.004,0.004,0.004
63415,0.01,0.01,0.01
63416,0.014,0.014,0.014
63417,0.018,0.018,0.018
63418,0.02,0.02,0.02
63419,0.018,0.018,0.018
63420,0.018,0.018,0.018
63421,0.052,0.052,0.052
63422,0.052,0.052,0.052
63423,0.052,0.052,0.052
63424,0.046,0.046,0.046
63425,0.044,0.044,0.044
63426,0.044,0.044,0.044
63427,0.05,0.05,0.05
63428,0.046,0.046,0.046
63429,0.044,0.044,0.044
63430,0.038,0.038,0.038
63431,0.038,0.038,0.038
63432,0.038,0.038,0.038
63433,0.048,0.048,0.048
63434,0.058,0.058,0.058
63435,0.068,0.068,0.068
63436,0.058,0.058,0.058
63437,0.054,0.054,0.054
63438,0.05,0.05,0.05
63439,0.072,0.072,0.072
63440,0.088,0.088,0.088
63441,0.11,0.11,0.11
63442,0.098,0.098,0.098
63443,0.112,0.112,0.112
63444,0.104,0.104,0.104
63445,0.134,0.134,0.134
63446,0.14,0.14,0.14
63447,0.122,0.122,0.122
63448,0.118,0.118,0.118
63449,0.12,0.12,0.12
63450,0.106,0.106,0.106
63451,0.072,0.072,0.072
63452,0.054,0.054,0.054
63453,0.054,0.054,0.054
63454,0.12,0.12,0.12
63455,0.168,0.168,0.168
63456,0.15,0.15,0.15
63457,0.128,0.128,0.128
63458,0.124,0.124,0.124
63459,0.146,0.146,0.146
63460,0.146,0.146,0.146
63461,0.144,0.144,0.144
63462,0.136,0.136,0.136
63463,0.132,0.132,0.132
63464,0.118,0.118,0.118
63465,0.13,0.13,0.13
63466,0.106,0.106,0.106
63467,0.116,0.116,0.116
63468,0.126,0.126,0.126
63469,0.12,0.12,0.12
63470,0.14,0.14,0.14
63471,0.126,0.126,0.126
63472,0.122,0.122,0.122
63473,0.118,0.118,0.118
63474,0.106,0.106,0.106
63475,0.118,0.118,0.118
63476,0.12,0.12,0.12
63477,0.108,0.108,0.108
63478,0.124,0.124,0.124
63479,0.126,0.126,0.126
63480,0.106,0.106,0.106
63481,0.098,0.098,0.098
63482,0.106,0.106,0.106
63483,0.116,0.116,0.116
63484,0.116,0.116,0.116
63485,0.13,0.13,0.13
63486,0.148,0.148,0.148
63487,0.154,0.154,0.154
63488,0.134,0.134,0.134
63489,0.154,0.154,0.154
63490,0.132,0.132,0.132
63491,0.126,0.126,0.126
63492,0.122,0.122,0.122
63493,0.134,0.134,0.134
63494,0.142,0.142,0.142
63495,0.136,0.136,0.136
63496,0.122,0.122,0.122
63497,0.16,0.16,0.16
63498,0.188,0.188,0.188
63499,0.154,0.154,0.154
63500,0.188,0.188,0.188
63501,0.17,0.17,0.17
63502,0.174,0.174,0.174
63503,0.17,0.17,0.17
63504,0.162,0.162,0.162
63505,0.158,0.158,0.158
63506,0.156,0.156,0.156
63507,0.164,0.164,0.164
63508,0.16,0.16,0.16
63509,0.164,0.164,0.164
63510,0.112,0.112,0.112
63511,0.154,0.154,0.154
63512,0.154,0.154,0.154
63513,0.154,0.154,0.154
63514,0.158,0.158,0.158
63515,0.156,0.156,0.156
63516,0.156,0.156,0.156
63517,0.16,0.16,0.16
63518,0.138,0.138,0.138
63519,0.15,0.15,0.15
63520,0.154,0.154,0.154
63521,0.162,0.162,0.162
63522,0.172,0.172,0.172
63523,0.17,0.17,0.17
63524,0.19,0.19,0.19
63525,0.23,0.23,0.23
63526,0.274,0.274,0.274
63527,0.246,0.246,0.246
63528,0.24,0.24,0.24
63529,0.276,0.276,0.276
63530,0.308,0.308,0.308
63531,0.248,0.248,0.248
63532,0.264,0.264,0.264
63533,0.262,0.262,0.262
63534,0.304,0.304,0.304
63535,0.302,0.302,0.302
63536,0.29,0.29,0.29
63537,0.246,0.246,0.246
63538,0.248,0.248,0.248
63539,0.244,0.244,0.244
63540,0.222,0.222,0.222
63541,0.228,0.228,0.228
63542,0.234,0.234,0.234
63543,0.238,0.238,0.238
63544,0.246,0.246,0.246
63545,0.242,0.242,0.242
63546,0.248,0.248,0.248
63547,0.238,0.238,0.238
63548,0.25,0.25,0.25
63549,0.248,0.248,0.248
63550,0.248,0.248,0.248
63551,0.278,0.278,0.278
63552,0.268,0.268,0.268
63553,0.274,0.274,0.274
63554,0.272,0.272,0.272
63555,0.276,0.276,0.276
63556,0.28,0.28,0.28
63557,0.288,0.288,0.288
63558,0.302,0.302,0.302
63559,0.298,0.298,0.298
63560,0.31,0.31,0.31
63561,0.312,0.312,0.312
63562,0.358,0.358,0.358
63563,0.342,0.342,0.342
63564,0.338,0.338,0.338
63565,0.338,0.338,0.338
63566,0.344,0.344,0.344
63567,0.342,0.342,0.342
63568,0.33,0.33,0.33
63569,0.332,0.332,0.332
63570,0.342,0.342,0.342
63571,0.336,0.336,0.336
63572,0.382,0.296,0.296
63573,0.368,0.282,0.282
63574,0.35,0.268,0.268
63575,0.376,0.24,0.24
63576,0.406,0.224,0.224
63577,0.39,0.218,0.218
63578,0.39,0.184,0.184
63579,0.372,0.182,0.182
63580,0.368,0.17,0.17
63581,0.38,0.166,0.166
63582,0.368,0.152,0.152
63583,0.372,0.148,0.148
63584,0.358,0.12,0.12
63585,0.366,0.116,0.116
63586,0.372,0.102,0.102
63587,0.382,0.066,0.066
63588,0.388,0.042,0.042
63589,0.39,0.036,0.036
63590,0.382,0.02,0.02
63591,0.386,0.018,0.018
63592,0.416,0.016,0.016
63593,0.406,0.016,0.016
63594,0.406,0.01,0.01
63595,0.404,0.01,0.01
63596,0.404,0.004,0.004
63597,0.402,0.004,0.004
63598,0.404,0.004,0.004
63599,0.426,0.004,0.004
63600,0.422,0,0
63601,0.418,0,0
63602,0.418,0,0
63603,0.412,0,0
63604,0.414,0,0
63605,0.398,0,0
63606,0.388,0,0
63607,0.39,0,0
63608,0.378,0,0
63609,0.374,0,0
63610,0.384,0,0
63611,0.446,0,0
63612,0.432,0,0
63613,0.442,0,0
63614,0.44,0,0
63615,0.432,0,0
63616,0.436,0,0
63617,0.432,0,0
63618,0.43,0,0
63619,0.43,0,0
63620,0.41,0,0
63621,0.422,0,0
63622,0.43,0,0
63623,0.426,0,0
63624,0.42,0,0
63625,0.434,0,0
63626,0.422,0,0
63627,0.428,0,0
63628,0.44,0,0
63629,0.428,0,0
63630,0.428,0,0
63631,0.418,0,0
63632,0.41,0,0
63633,0.416,0,0
63634,0.402,0,0
63635,0.398,0,0
63636,0.394,0,0
63637,0.396,0,0
63638,0.384,0,0
63639,0.378,0,0
63640,0.37,0,0
63641,0.36,0,0
63642,0.35,0,0
63643,0.35,0,0
63644,0.346,0,0
63645,0.342,0,0
63646,0.336,0,0
63647,0.332,0,0
63648,0.326,0,0
63649,0.314,0,0
63650,0.318,0,0
63651,0.312,0,0
63652,0.294,0,0
63653,0.292,0,0
63654,0.294,0,0
63655,0.288,0,0
63656,0.284,0,0
63657,0.292,0,0
63658,0.306,0,0
63659,0.296,0,0
63660,0.282,0,0
63661,0.268,0,0
63662,0.24,0,0
63663,0.224,0,0
63664,0.218,0,0
63665,0.184,0,0
63666,0.182,0,0
63667,0.17,0,0
63668,0.166,0,0
63669,0.152,0,0
63670,0.148,0,0
63671,0.12,0,0
63672,0.116,0,0
63673,0.102,0,0
63674,0.066,0,0
63675,0.042,0,0
63676,0.036,0,0
63677,0.02,0,0
63678,0.018,0,0
63679,0.016,0,0
63680,0.016,0,0
63681,0.01,0,0
63682,0.01,0,0
63683,0.004,0,0
63684,0.004,0,0
63685,0.004,0,0
63686,0.004,0,0
63687,0,0,0
63688,0,0,0
63689,0,0,0
63690,0,0,0
63691,0,0,0
63692,0,0,0
63693,0,0,0
63694,0,0,0
63695,0,0,0
63696,0,0,0
63697,0,0,0
63698,0,0,0
63699,0,0,0
63700,0,0,0
63701,0,0,0
63702,0,0,0
63703,0,0,0
63704,0,0,0
63705,0,0,0
63706,0,0,0
63707,0,0,0
63708,0,0,0
63709,0,0,0
63710,0,0,0
63711,0,0,0
63712,0,0,0
63713,0,0,0
63714,0,0,0
63715,0,0,0
63716,0,0,0
63717,0,0,0
63718,0,0,0
63719,0,0,0
63720,0,0,0
63721,0,0,0
63722,0,0,0
63723,0,0,0
63724,0,0,0
63725,0,0,0
63726,0,0,0
63727,0,0,0
63728,0,0,0
63729,0,0,0
63730,0,0,0
63731,0,0,0
63732,0,0,0
63733,0,0,0
63734,0,0,0
63735,0,0,0
63736,0,0,0
63737,0.008,0.008,0.008
63738,0,0,0
63739,0,0,0
63740,0,0,0
63741,0,0,0
63742,0,0,0
63743,0,0,0
63744,0,0,0
63745,0,0,0
63746,0,0,0
63747,0,0,0
63748,0,0,0
63749,0,0,0
63750,0,0,0
63751,0,0,0
63752,0,0,0
63753,0,0,0
63754,0,0,0
63755,0,0,0
63756,0,0,0
63757,0,0,0
63758,0,0,0
63759,0,0,0
63760,0,0,0
63761,0,0,0
63762,0,0,0
63763,0,0,0
63764,0,0,0
63765,0,0,0
63766,0,0,0
63767,0.004,0.004,0.004
63768,0,0,0
63769,0,0,0
63770,0,0,0
63771,0,0,0
63772,0,0,0
63773,0,0,0
63774,0,0,0
63775,0,0,0
63776,0,0,0
63777,0,0,0
63778,0,0,0
63779,0.004,0.004,0.004
63780,0.01,0.01,0.01
63781,0.014,0.014,0.014
63782,0.018,0.018,0.018
63783,0.02,0.02,0.02
63784,0.018,0.018,0.018
63785,0.018,0.018,0.018
63786,0.052,0.052,0.052
63787,0.052,0.052,0.052
63788,0.052,0.052,0.052
63789,0.046,0.046,0.046
63790,0.044,0.044,0.044
63791,0.044,0.044,0.044
63792,0.05,0.05,0.05
63793,0.046,0.046,0.046
63794,0.044,0.044,0.044
63795,0.038,0.038,0.038
63796,0.038,0.038,0.038
63797,0.038,0.038,0.038
63798,0.048,0.048,0.048
63799,0.058,0.058,0.058
63800,0.068,0.068,0.068
63801,0.058,0.058,0.058
63802,0.054,0.054,0.054
63803,0.05,0.05,0.05
63804,0.072,0.072,0.072
63805,0.088,0.088,0.088
63806,0.11,0.11,0.11
63807,0.098,0.098,0.098
63808,0.112,0.112,0.112
63809,0.104,0.104,0.104
63810,0.134,0.134,0.134
63811,0.14,0.14,0.14
63812,0.122,0.122,0.122
63813,0.118,0.118,0.118
63814,0.12,0.12,0.12
63815,0.106,0.106,0.106
63816,0.072,0.072,0.072
63817,0.054,0.054,0.054
63818,0.054,0.054,0.054
63819,0.12,0.12,0.12
63820,0.168,0.168,0.168
63821,0.15,0.15,0.15
63822,0.128,0.128,0.128
63823,0.124,0.124,0.124
63824,0.146,0.146,0.146
63825,0.146,0.146,0.146
63826,0.144,0.144,0.144
63827,0.136,0.136,0.136
63828,0.132,0.132,0.132
63829,0.118,0.118,0.118
63830,0.13,0.13,0.13
63831,0.106,0.106,0.106
63832,0.116,0.116,0.116
63833,0.126,0.126,0.126
63834,0.12,0.12,0.12
63835,0.14,0.14,0.14
63836,0.126,0.126,0.126
63837,0.122,0.122,0.122
63838,0.118,0.118,0.118
63839,0.106,0.106,0.106
63840,0.118,0.118,0.118
63841,0.12,0.12,0.12
63842,0.108,0.108,0.108
63843,0.124,0.124,0.124
63844,0.126,0.126,0.126
63845,0.106,0.106,0.106
63846,0.098,0.098,0.098
63847,0.106,0.106,0.106
63848,0.116,0.116,0.116
63849,0.116,0.116,0.116
63850,0.13,0.13,0.13
63851,0.148,0.148,0.148
63852,0.154,0.154,0.154
63853,0.134,0.134,0.134
63854,0.154,0.154,0.154
63855,0.132,0.132,0.132
63856,0.126,0.126,0.126
63857,0.122,0.122,0.122
63858,0.134,0.134,0.134
63859,0.142,0.142,0.142
63860,0.136,0.136,0.136
63861,0.122,0.122,0.122
63862,0.16,0.16,0.16
63863,0.188,0.188,0.188
63864,0.154,0.154,0.154
63865,0.188,0.188,0.188
63866,0.17,0.17,0.17
63867,0.174,0.174,0.174
63868,0.17,0.17,0.17
63869,0.162,0.162,0.162
63870,0.158,0.158,0.158
63871,0.156,0.156,0.156
63872,0.164,0.164,0.164
63873,0.16,0.16,0.16
63874,0.164,0.164,0.164
63875,0.112,0.112,0.112
63876,0.154,0.154,0.154
63877,0.154,0.154,0.154
63878,0.154,0.154,0.154
63879,0.158,0.158,0.158
63880,0.156,0.156,0.156
63881,0.156,0.156,0.156
63882,0.16,0.16,0.16
63883,0.138,0.138,0.138
63884,0.15,0.15,0.15
63885,0.154,0.154,0.154
63886,0.162,0.162,0.162
63887,0.172,0.172,0.172
63888,0.17,0.17,0.17
63889,0.19,0.19,0.19
63890,0.23,0.23,0.23
63891,0.274,0.274,0.274
63892,0.246,0.246,0.246
63893,0.24,0.24,0.24
63894,0.276,0.276,0.276
63895,0.308,0.308,0.308
63896,0.248,0.248,0.248
63897,0.264,0.264,0.264
63898,0.262,0.262,0.262
63899,0.304,0.304,0.304
63900,0.302,0.302,0.302
63901,0.29,0.29,0.29
63902,0.246,0.246,0.246
63903,0.248,0.248,0.248
63904,0.244,0.244,0.244
63905,0.222,0.222,0.222
63906,0.228,0.228,0.228
63907,0.234,0.234,0.234
63908,0.238,0.238,0.238
63909,0.246,0.246,0.246
63910,0.242,0.242,0.242
63911,0.248,0.248,0.248
63912,0.238,0.238,0.238
63913,0.25,0.25,0.25
63914,0.248,0.248,0.248
63915,0.248,0.248,0.248
63916,0.278,0.278,0.278
63917,0.268,0.268,0.268
63918,0.274,0.274,0.274
63919,0.272,0.272,0.272
63920,0.276,0.276,0.276
63921,0.28,0.28,0.28
63922,0.288,0.288,0.288
63923,0.302,0.302,0.302
63924,0.298,0.298,0.298
63925,0.31,0.31,0.31
63926,0.312,0.312,0.312
63927,0.358,0.358,0.358
63928,0.342,0.342,0.342
63929,0.338,0.338,0.338
63930,0.338,0.338,0.338
63931,0.344,0.344,0.344
63932,0.342,0.342,0.342
63933,0.33,0.33,0.33
63934,0.332,0.332,0.332
63935,0.342,0.342,0.342
63936,0.336,0.336,0.336
63937,0.382,0.296,0.296
63938,0.368,0.282,0.282
63939,0.35,0.268,0.268
63940,0.376,0.24,0.24
63941,0.406,0.224,0.224
63942,0.39,0.218,0.218
63943,0.39,0.184,0.184
63944,0.372,0.182,0.182
63945,0.368,0.17,0.17
63946,0.38,0.166,0.166
63947,0.368,0.152,0.152
63948,0.372,0.148,0.148
63949,0.358,0.12,0.12
63950,0.366,0.116,0.116
63951,0.372,0.102,0.102
63952,0.382,0.066,0.066
63953,0.388,0.042,0.042
63954,0.39,0.036,0.036
63955,0.382,0.02,0.02
63956,0.386,0.018,0.018
63957,0.416,0.016,0.016
63958,0.406,0.016,0.016
63959,0.406,0.01,0.01
63960,0.404,0.01,0.01
63961,0.404,0.004,0.004
63962,0.402,0.004,0.004
63963,0.404,0.004,0.004
63964,0.426,0.004,0.004
63965,0.422,0,0
63966,0.418,0,0
63967,0.418,0,0
63968,0.412,0,0
63969,0.414,0,0
63970,0.398,0,0
63971,0.388,0,0
63972,0.39,0,0
63973,0.378,0,0
63974,0.374,0,0
63975,0.384,0,0
63976,0.446,0,0
63977,0.432,0,0
63978,0.442,0,0
63979,0.44,0,0
63980,0.432,0,0
63981,0.436,0,0
63982,0.432,0,0
63983,0.43,0,0
63984,0.43,0,0
63985,0.41,0,0
63986,0.422,0,0
63987,0.43,0,0
63988,0.426,0,0
63989,0.42,0,0
63990,0.434,0,0
63991,0.422,0,0
63992,0.428,0,0
63993,0.44,0,0
63994,0.428,0,0
63995,0.428,0,0
63996,0.418,0,0
63997,0.41,0,0
63998,0.416,0,0
63999,0.402,0,0
64000,0.398,0,0
64001,0.394,0,0
64002,0.396,0,0
64003,0.384,0,0
64004,0.378,0,0
64005,0.37,0,0
64006,0.36,0,0
64007,0.35,0,0
64008,0.35,0,0
64009,0.346,0,0
64010,0.342,0,0
64011,0.336,0,0
64012,0.332,0,0
64013,0.326,0,0
64014,0.314,0,0
64015,0.318,0,0
64016,0.312,0,0
64017,0.294,0,0
64018,0.292,0,0
64019,0.294,0,0
64020,0.288,0,0
64021,0.284,0,0
64022,0.292,0,0
64023,0.306,0,0
64024,0.296,0,0
64025,0.282,0,0
64026,0.268,0,0
64027,0.24,0,0
64028,0.224,0,0
64029,0.218,0,0
64030,0.184,0,0
64031,0.182,0,0
64032,0.17,0,0
64033,0.166,0,0
64034,0.152,0,0
64035,0.148,0,0
64036,0.12,0,0
64037,0.116,0,0
64038,0.102,0,0
64039,0.066,0,0
64040,0.042,0,0
64041,0.036,0,0
64042,0.02,0,0
64043,0.018,0,0
64044,0.016,0,0
64045,0.016,0,0
64046,0.01,0,0
64047,0.01,0,0
64048,0.004,0,0
64049,0.004,0,0
64050,0.004,0,0
64051,0.004,0,0
64052,0,0,0
64053,0,0,0
64054,0,0,0
64055,0,0,0
64056,0,0,0
64057,0,0,0
64058,0,0,0
64059,0,0,0
64060,0,0,0
64061,0,0,0
64062,0,0,0
64063,0,0,0
64064,0,0,0
64065,0,0,0
64066,0,0,0
64067,0,0,0
64068,0,0,0
64069,0,0,0
64070,0,0,0
64071,0,0,0
64072,0,0,0
64073,0,0,0
64074,0,0,0
64075,0,0,0
64076,0,0,0
64077,0,0,0
64078,0,0,0
64079,0,0,0
64080,0,0,0
64081,0,0,0
64082,0,0,0
64083,0,0,0
64084,0,0,0
64085,0,0,0
64086,0,0,0
64087,0,0,0
64088,0,0,0
64089,0,0,0
64090,0,0,0
64091,0,0,0
64092,0,0,0
64093,0,0,0
64094,0,0,0
64095,0,0,0
64096,0,0,0
64097,0,0,0
64098,0,0,0
64099,0,0,0
64100,0,0,0
64101,0,0,0
64102,0.008,0.008,0.008
64103,0,0,0
64104,0,0,0
64105,0,0,0
64106,0,0,0
64107,0,0,0
64108,0,0,0
64109,0,0,0
64110,0,0,0
64111,0,0,0
64112,0,0,0
64113,0,0,0
64114,0,0,0
64115,0,0,0
64116,0,0,0
64117,0,0,0
64118,0,0,0
64119,0,0,0
64120,0,0,0
64121,0,0,0
64122,0,0,0
64123,0,0,0
64124,0,0,0
64125,0,0,0
64126,0,0,0
64127,0,0,0
64128,0,0,0
64129,0,0,0
64130,0,0,0
64131,0,0,0
64132,0.004,0.004,0.004
64133,0,0,0
64134,0,0,0
64135,0,0,0
64136,0,0,0
64137,0,0,0
64138,0,0,0
64139,0,0,0
64140,0,0,0
64141,0,0,0
64142,0,0,0
64143,0,0,0
64144,0.004,0.004,0.004
64145,0.01,0.01,0.01
64146,0.014,0.014,0.014
64147,0.018,0.018,0.018
64148,0.02,0.02,0.02
64149,0.018,0.018,0.018
64150,0.018,0.018,0.018
64151,0.052,0.052,0.052
64152,0.052,0.052,0.052
64153,0.052,0.052,0.052
64154,0.046,0.046,0.046
64155,0.044,0.044,0.044
64156,0.044,0.044,0.044
64157,0.05,0.05,0.05
64158,0.046,0.046,0.046
64159,0.044,0.044,0.044
64160,0.038,0.038,0.038
64161,0.038,0.038,0.038
64162,0.038,0.038,0.038
64163,0.048,0.048,0.048
64164,0.058,0.058,0.058
64165,0.068,0.068,0.068
64166,0.058,0.058,0.058
64167,0.054,0.054,0.054
64168,0.05,0.05,0.05
64169,0.072,0.072,0.072
64170,0.088,0.088,0.088
64171,0.11,0.11,0.11
64172,0.098,0.098,0.098
64173,0.112,0.112,0.112
64174,0.104,0.104,0.104
64175,0.134,0.134,0.134
64176,0.14,0.14,0.14
64177,0.122,0.122,0.122
64178,0.118,0.118,0.118
64179,0.12,0.12,0.12
64180,0.106,0.106,0.106
64181,0.072,0.072,0.072
64182,0.054,0.054,0.054
64183,0.054,0.054,0.054
64184,0.12,0.12,0.12
64185,0.168,0.168,0.168
64186,0.15,0.15,0.15
64187,0.128,0.128,0.128
64188,0.124,0.124,0.124
64189,0.146,0.146,0.146
64190,0.146,0.146,0.146
64191,0.144,0.144,0.144
64192,0.136,0.136,0.136
64193,0.132,0.132,0.132
64194,0.118,0.118,0.118
64195,0.13,0.13,0.13
64196,0.106,0.106,0.106
64197,0.116,0.116,0.116
64198,0.126,0.126,0.126
64199,0.12,0.12,0.12
64200,0.14,0.14,0.14
64201,0.126,0.126,0.126
64202,0.122,0.122,0.122
64203,0.118,0.118,0.118
64204,0.106,0.106,0.106
64205,0.118,0.118,0.118
64206,0.12,0.12,0.12
64207,0.108,0.108,0.108
64208,0.124,0.124,0.124
64209,0.126,0.126,0.126
64210,0.106,0.106,0.106
64211,0.098,0.098,0.098
64212,0.106,0.106,0.106
64213,0.116,0.116,0.116
64214,0.116,0.116,0.116
64215,0.13,0.13,0.13
64216,0.148,0.148,0.148
64217,0.154,0.154,0.154
64218,0.134,0.134,0.134
64219,0.154,0.154,0.154
64220,0.132,0.132,0.132
64221,0.126,0.126,0.126
64222,0.122,0.122,0.122
64223,0.134,0.134,0.134
64224,0.142,0.142,0.142
64225,0.136,0.136,0.136
64226,0.122,0.122,0.122
64227,0.16,0.16,0.16
64228,0.188,0.188,0.188
64229,0.154,0.154,0.154
64230,0.188,0.188,0.188
64231,0.17,0.17,0.17
64232,0.174,0.174,0.174
64233,0.17,0.17,0.17
64234,0.162,0.162,0.162
64235,0.158,0.158,0.158
64236,0.156,0.156,0.156
64237,0.164,0.164,0.164
64238,0.16,0.16,0.16
64239,0.164,0.164,0.164
64240,0.112,0.112,0.112
64241,0.154,0.154,0.154
64242,0.154,0.154,0.154
64243,0.154,0.154,0.154
64244,0.158,0.158,0.158
64245,0.156,0.156,0.156
64246,0.156,0.156,0.156
64247,0.16,0.16,0.16
64248,0.138,0.138,0.138
64249,0.15,0.15,0.15
64250,0.154,0.154,0.154
64251,0.162,0.162,0.162
64252,0.172,0.172,0.172
64253,0.17,0.17,0.17
64254,0.19,0.19,0.19
64255,0.23,0.23,0.23
64256,0.274,0.274,0.274
64257,0.246,0.246,0.246
64258,0.24,0.24,0.24
64259,0.276,0.276,0.276
64260,0.308,0.308,0.308
64261,0.248,0.248,0.248
64262,0.264,0.264,0.264
64263,0.262,0.262,0.262
64264,0.304,0.304,0.304
64265,0.302,0.302,0.302
64266,0.29,0.29,0.29
64267,0.246,0.246,0.246
64268,0.248,0.248,0.248
64269,0.244,0.244,0.244
64270,0.222,0.222,0.222
64271,0.228,0.228,0.228
64272,0.234,0.234,0.234
64273,0.238,0.238,0.238
64274,0.246,0.246,0.246
64275,0.242,0.242,0.242
64276,0.248,0.248,0.248
64277,0.238,0.238,0.238
64278,0.25,0.25,0.25
64279,0.248,0.248,0.248
64280,0.248,0.248,0.248
64281,0.278,0.278,0.278
64282,0.268,0.268,0.268
64283,0.274,0.274,0.274
64284,0.272,0.272,0.272
64285,0.276,0.276,0.276
64286,0.28,0.28,0.28
64287,0.288,0.288,0.288
64288,0.302,0.302,0.302
64289,0.298,0.298,0.298
64290,0.31,0.31,0.31
64291,0.312,0.312,0.312
64292,0.358,0.358,0.358
64293,0.342,0.342,0.342
64294,0.338,0.338,0.338
64295,0.338,0.338,0.338
64296,0.344,0.344,0.344
64297,0.342,0.342,0.342
64298,0.33,0.33,0.33
64299,0.332,0.332,0.332
64300,0.342,0.342,0.342
64301,0.336,0.296,0.296
64302,0.382,0.282,0.282
64303,0.368,0.268,0.268
64304,0.35,0.24,0.24
64305,0.376,0.224,0.224
64306,0.406,0.218,0.218
64307,0.39,0.184,0.184
64308,0.39,0.182,0.182
64309,0.372,0.17,0.17
64310,0.368,0.166,0.166
64311,0.38,0.152,0.152
64312,0.368,0.148,0.148
64313,0.372,0.12,0.12
64314,0.358,0.116,0.116
64315,0.366,0.102,0.102
64316,0.372,0.066,0.066
64317,0.382,0.042,0.042
64318,0.388,0.036,0.036
64319,0.39,0.02,0.02
64320,0.382,0.018,0.018
64321,0.386,0.016,0.016
64322,0.416,0.016,0.016
64323,0.406,0.01,0.01
64324,0.406,0.01,0.01
64325,0.404,0.004,0.004
64326,0.404,0.004,0.004
64327,0.402,0.004,0.004
64328,0.404,0.004,0.004
64329,0.426,0,0
64330,0.422,0,0
64331,0.418,0,0
64332,0.418,0,0
64333,0.412,0,0
64334,0.414,0,0
64335,0.398,0,0
64336,0.388,0,0
64337,0.39,0,0
64338,0.378,0,0
64339,0.374,0,0
64340,0.384,0,0
64341,0.446,0,0
64342,0.432,0,0
64343,0.442,0,0
64344,0.44,0,0
64345,0.432,0,0
64346,0.436,0,0
64347,0.432,0,0
64348,0.43,0,0
64349,0.43,0,0
64350,0.41,0,0
64351,0.422,0,0
64352,0.43,0,0
64353,0.426,0,0
64354,0.42,0,0
64355,0.434,0,0
64356,0.422,0,0
64357,0.428,0,0
64358,0.44,0,0
64359,0.428,0,0
64360,0.428,0,0
64361,0.418,0,0
64362,0.41,0,0
64363,0.416,0,0
64364,0.402,0,0
64365,0.398,0,0
64366,0.394,0,0
64367,0.396,0,0
64368,0.384,0,0
64369,0.378,0,0
64370,0.37,0,0
64371,0.36,0,0
64372,0.35,0,0
64373,0.35,0,0
64374,0.346,0,0
64375,0.342,0,0
64376,0.336,0,0
64377,0.332,0,0
64378,0.326,0,0
64379,0.314,0,0
64380,0.318,0,0
64381,0.312,0,0
64382,0.294,0,0
64383,0.292,0,0
64384,0.294,0,0
64385,0.288,0,0
64386,0.284,0,0
64387,0.292,0,0
64388,0.306,0,0
64389,0.296,0,0
64390,0.282,0,0
64391,0.268,0,0
64392,0.24,0,0
64393,0.224,0,0
64394,0.218,0,0
64395,0.184,0,0
64396,0.182,0,0
64397,0.17,0,0
64398,0.166,0,0
64399,0.152,0,0
64400,0.148,0,0
64401,0.12,0,0
64402,0.116,0,0
64403,0.102,0,0
64404,0.066,0,0
64405,0.042,0,0
64406,0.036,0,0
64407,0.02,0,0
64408,0.018,0,0
64409,0.016,0,0
64410,0.016,0,0
64411,0.01,0,0
64412,0.01,0,0
64413,0.004,0,0
64414,0.004,0,0
64415,0.004,0,0
64416,0.004,0,0
64417,0,0,0
64418,0,0,0
64419,0,0,0
64420,0,0,0
64421,0,0,0
64422,0,0,0
64423,0,0,0
64424,0,0,0
64425,0,0,0
64426,0,0,0
64427,0,0,0
64428,0,0,0
64429,0,0,0
64430,0,0,0
64431,0,0,0
64432,0,0,0
64433,0,0,0
64434,0,0,0
64435,0,0,0
64436,0,0,0
64437,0,0,0
64438,0,0,0
64439,0,0,0
64440,0,0,0
64441,0,0,0
64442,0,0,0
64443,0,0,0
64444,0,0,0
64445,0,0,0
64446,0,0,0
64447,0,0,0
64448,0,0,0
64449,0,0,0
64450,0,0,0
64451,0,0,0
64452,0,0,0
64453,0,0,0
64454,0,0,0
64455,0,0,0
64456,0,0,0
64457,0,0,0
64458,0,0,0
64459,0,0,0
64460,0,0,0
64461,0,0,0
64462,0,0,0
64463,0,0,0
64464,0,0,0
64465,0,0,0
64466,0,0,0
64467,0.008,0.008,0.008
64468,0,0,0
64469,0,0,0
64470,0,0,0
64471,0,0,0
64472,0,0,0
64473,0,0,0
64474,0,0,0
64475,0,0,0
64476,0,0,0
64477,0,0,0
64478,0,0,0
64479,0,0,0
64480,0,0,0
64481,0,0,0
64482,0,0,0
64483,0,0,0
64484,0,0,0
64485,0,0,0
64486,0,0,0
64487,0,0,0
64488,0,0,0
64489,0,0,0
64490,0,0,0
64491,0,0,0
64492,0,0,0
64493,0,0,0
64494,0,0,0
64495,0,0,0
64496,0,0,0
64497,0.004,0.004,0.004
64498,0,0,0
64499,0,0,0
64500,0,0,0
64501,0,0,0
64502,0,0,0
64503,0,0,0
64504,0,0,0
64505,0,0,0
64506,0,0,0
64507,0,0,0
64508,0,0,0
64509,0.004,0.004,0.004
64510,0.01,0.01,0.01
64511,0.014,0.014,0.014
64512,0.018,0.018,0.018
64513,0.02,0.02,0.02
64514,0.018,0.018,0.018
64515,0.018,0.018,0.018
64516,0.052,0.052,0.052
64517,0.052,0.052,0.052
64518,0.052,0.052,0.052
64519,0.046,0.046,0.046
64520,0.044,0.044,0.044
64521,0.044,0.044,0.044
64522,0.05,0.05,0.05
64523,0.046,0.046,0.046
64524,0.044,0.044,0.044
64525,0.038,0.038,0.038
64526,0.038,0.038,0.038
64527,0.038,0.038,0.038
64528,0.048,0.048,0.048
64529,0.058,0.058,0.058
64530,0.068,0.068,0.068
64531,0.058,0.058,0.058
64532,0.054,0.054,0.054
64533,0.05,0.05,0.05
64534,0.072,0.072,0.072
64535,0.088,0.088,0.088
64536,0.11,0.11,0.11
64537,0.098,0.098,0.098
64538,0.112,0.112,0.112
64539,0.104,0.104,0.104
64540,0.134,0.134,0.134
64541,0.14,0.14,0.14
64542,0.122,0.122,0.122
64543,0.118,0.118,0.118
64544,0.12,0.12,0.12
64545,0.106,0.106,0.106
64546,0.072,0.072,0.072
64547,0.054,0.054,0.054
64548,0.054,0.054,0.054
64549,0.12,0.12,0.12
64550,0.168,0.168,0.168
64551,0.15,0.15,0.15
64552,0.128,0.128,0.128
64553,0.124,0.124,0.124
64554,0.146,0.146,0.146
64555,0.146,0.146,0.146
64556,0.144,0.144,0.144
64557,0.136,0.136,0.136
64558,0.132,0.132,0.132
64559,0.118,0.118,0.118
64560,0.13,0.13,0.13
64561,0.106,0.106,0.106
64562,0.116,0.116,0.116
64563,0.126,0.126,0.126
64564,0.12,0.12,0.12
64565,0.14,0.14,0.14
64566,0.126,0.126,0.126
64567,0.122,0.122,0.122
64568,0.118,0.118,0.118
64569,0.106,0.106,0.106
64570,0.118,0.118,0.118
64571,0.12,0.12,0.12
64572,0.108,0.108,0.108
64573,0.124,0.124,0.124
64574,0.126,0.126,0.126
64575,0.106,0.106,0.106
64576,0.098,0.098,0.098
64577,0.106,0.106,0.106
64578,0.116,0.116,0.116
64579,0.116,0.116,0.116
64580,0.13,0.13,0.13
64581,0.148,0.148,0.148
64582,0.154,0.154,0.154
64583,0.134,0.134,0.134
64584,0.154,0.154,0.154
64585,0.132,0.132,0.132
64586,0.126,0.126,0.126
64587,0.122,0.122,0.122
64588,0.134,0.134,0.134
64589,0.142,0.142,0.142
64590,0.136,0.136,0.136
64591,0.122,0.122,0.122
64592,0.16,0.16,0.16
64593,0.188,0.188,0.188
64594,0.154,0.154,0.154
64595,0.188,0.188,0.188
64596,0.17,0.17,0.17
64597,0.174,0.174,0.174
64598,0.17,0.17,0.17
64599,0.162,0.162,0.162
64600,0.158,0.158,0.158
64601,0.156,0.156,0.156
64602,0.164,0.164,0.164
64603,0.16,0.16,0.16
64604,0.164,0.164,0.164
64605,0.112,0.112,0.112
64606,0.154,0.154,0.154
64607,0.154,0.154,0.154
64608,0.154,0.154,0.154
64609,0.158,0.158,0.158
64610,0.156,0.156,0.156
64611,0.156,0.156,0.156
64612,0.16,0.16,0.16
64613,0.138,0.138,0.138
64614,0.15,0.15,0.15
64615,0.154,0.154,0.154
64616,0.162,0.162,0.162
64617,0.172,0.172,0.172
64618,0.17,0.17,0.17
64619,0.19,0.19,0.19
64620,0.23,0.23,0.23
64621,0.274,0.274,0.274
64622,0.246,0.246,0.246
64623,0.24,0.24,0.24
64624,0.276,0.276,0.276
64625,0.308,0.308,0.308
64626,0.248,0.248,0.248
64627,0.264,0.264,0.264
64628,0.262,0.262,0.262
64629,0.304,0.304,0.304
64630,0.302,0.302,0.302
64631,0.29,0.29,0.29
64632,0.246,0.246,0.246
64633,0.248,0.248,0.248
64634,0.244,0.244,0.244
64635,0.222,0.222,0.222
64636,0.228,0.228,0.228
64637,0.234,0.234,0.234
64638,0.238,0.238,0.238
64639,0.246,0.246,0.246
64640,0.242,0.242,0.242
64641,0.248,0.248,0.248
64642,0.238,0.238,0.238
64643,0.25,0.25,0.25
64644,0.248,0.248,0.248
64645,0.248,0.248,0.248
64646,0.278,0.278,0.278
64647,0.268,0.268,0.268
64648,0.274,0.274,0.274
64649,0.272,0.272,0.272
64650,0.276,0.276,0.276
64651,0.28,0.28,0.28
64652,0.288,0.288,0.288
64653,0.302,0.302,0.302
64654,0.298,0.298,0.298
64655,0.31,0.31,0.31
64656,0.312,0.312,0.312
64657,0.358,0.358,0.358
64658,0.342,0.342,0.342
64659,0.338,0.338,0.338
64660,0.338,0.338,0.338
64661,0.344,0.344,0.344
64662,0.342,0.342,0.342
64663,0.33,0.33,0.33
64664,0.332,0.332,0.332
64665,0.342,0.342,0.342
64666,0.336,0.296,0.296
64667,0.382,0.282,0.282
64668,0.368,0.268,0.268
64669,0.35,0.24,0.24
64670,0.376,0.224,0.224
64671,0.406,0.218,0.218
64672,0.39,0.184,0.184
64673,0.39,0.182,0.182
64674,0.372,0.17,0.17
64675,0.368,0.166,0.166
64676,0.38,0.152,0.152
64677,0.368,0.148,0.148
64678,0.372,0.12,0.12
64679,0.358,0.116,0.116
64680,0.366,0.102,0.102
64681,0.372,0.066,0.066
64682,0.382,0.042,0.042
64683,0.388,0.036,0.036
64684,0.39,0.02,0.02
64685,0.382,0.018,0.018
64686,0.386,0.016,0.016
64687,0.416,0.016,0.016
64688,0.406,0.01,0.01
64689,0.406,0.01,0.01
64690,0.404,0.004,0.004
64691,0.404,0.004,0.004
64692,0.402,0.004,0.004
64693,0.404,0.004,0.004
64694,0.426,0,0
64695,0.422,0,0
64696,0.418,0,0
64697,0.418,0,0
64698,0.412,0,0
64699,0.414,0,0
64700,0.398,0,0
64701,0.388,0,0
64702,0.39,0,0
64703,0.378,0,0
64704,0.374,0,0
64705,0.384,0,0
64706,0.446,0,0
64707,0.432,0,0
64708,0.442,0,0
64709,0.44,0,0
64710,0.432,0,0
64711,0.436,0,0
64712,0.432,0,0
64713,0.43,0,0
64714,0.43,0,0
64715,0.41,0,0
64716,0.422,0,0
64717,0.43,0,0
64718,0.426,0,0
64719,0.42,0,0
64720,0.434,0,0
64721,0.422,0,0
64722,0.428,0,0
64723,0.44,0,0
64724,0.428,0,0
64725,0.428,0,0
64726,0.418,0,0
64727,0.41,0,0
64728,0.416,0,0
64729,0.402,0,0
64730,0.398,0,0
64731,0.394,0,0
64732,0.396,0,0
64733,0.384,0,0
64734,0.378,0,0
64735,0.37,0,0
64736,0.36,0,0
64737,0.35,0,0
64738,0.35,0,0
64739,0.346,0,0
64740,0.342,0,0
64741,0.336,0,0
64742,0.332,0,0
64743,0.326,0,0
64744,0.314,0,0
64745,0.318,0,0
64746,0.312,0,0
64747,0.294,0,0
64748,0.292,0,0
64749,0.294,0,0
64750,0.288,0,0
64751,0.284,0,0
64752,0.292,0,0
64753,0.306,0,0
64754,0.296,0,0
64755,0.282,0,0
64756,0.268,0,0
64757,0.24,0,0
64758,0.224,0,0
64759,0.218,0,0
64760,0.184,0,0
64761,0.182,0,0
64762,0.17,0,0
64763,0.166,0,0
64764,0.152,0,0
64765,0.148,0,0
64766,0.12,0,0
64767,0.116,0,0
64768,0.102,0,0
64769,0.066,0,0
64770,0.042,0,0
64771,0.036,0,0
64772,0.02,0,0
64773,0.018,0,0
64774,0.016,0,0
64775,0.016,0,0
64776,0.01,0,0
64777,0.01,0,0
64778,0.004,0,0
64779,0.004,0,0
64780,0.004,0,0
64781,0.004,0,0
64782,0,0,0
64783,0,0,0
64784,0,0,0
64785,0,0,0
64786,0,0,0
64787,0,0,0
64788,0,0,0
64789,0,0,0
64790,0,0,0
64791,0,0,0
64792,0,0,0
64793,0,0,0
64794,0,0,0
64795,0,0,0
64796,0,0,0
64797,0,0,0
64798,0,0,0
64799,0,0,0
64800,0,0,0
64801,0,0,0
64802,0,0,0
64803,0,0,0
64804,0,0,0
64805,0,0,0
64806,0,0,0
64807,0,0,0
64808,0,0,0
64809,0,0,0
64810,0,0,0
64811,0,0,0
64812,0,0,0
64813,0,0,0
64814,0,0,0
64815,0,0,0
64816,0,0,0
64817,0,0,0
64818,0,0,0
64819,0,0,0
64820,0,0,0
64821,0,0,0
64822,0,0,0
64823,0,0,0
64824,0,0,0
64825,0,0,0
64826,0,0,0
64827,0,0,0
64828,0,0,0
64829,0,0,0
64830,0,0,0
64831,0,0,0
64832,0.008,0.008,0.008
64833,0,0,0
64834,0,0,0
64835,0,0,0
64836,0,0,0
64837,0,0,0
64838,0,0,0
64839,0,0,0
64840,0,0,0
64841,0,0,0
64842,0,0,0
64843,0,0,0
64844,0,0,0
64845,0,0,0
64846,0,0,0
64847,0,0,0
64848,0,0,0
64849,0,0,0
64850,0,0,0
64851,0,0,0
64852,0,0,0
64853,0,0,0
64854,0,0,0
64855,0,0,0
64856,0,0,0
64857,0,0,0
64858,0,0,0
64859,0,0,0
64860,0,0,0
64861,0,0,0
64862,0.004,0.004,0.004
64863,0,0,0
64864,0,0,0
64865,0,0,0
64866,0,0,0
64867,0,0,0
64868,0,0,0
64869,0,0,0
64870,0,0,0
64871,0,0,0
64872,0,0,0
64873,0,0,0
64874,0.004,0.004,0.004
64875,0.01,0.01,0.01
64876,0.014,0.014,0.014
64877,0.018,0.018,0.018
64878,0.02,0.02,0.02
64879,0.018,0.018,0.018
64880,0.018,0.018,0.018
64881,0.052,0.052,0.052
64882,0.052,0.052,0.052
64883,0.052,0.052,0.052
64884,0.046,0.046,0.046
64885,0.044,0.044,0.044
64886,0.044,0.044,0.044
64887,0.05,0.05,0.05
64888,0.046,0.046,0.046
64889,0.044,0.044,0.044
64890,0.038,0.038,0.038
64891,0.038,0.038,0.038
64892,0.038,0.038,0.038
64893,0.048,0.048,0.048
64894,0.058,0.058,0.058
64895,0.068,0.068,0.068
64896,0.058,0.058,0.058
64897,0.054,0.054,0.054
64898,0.05,0.05,0.05
64899,0.072,0.072,0.072
64900,0.088,0.088,0.088
64901,0.11,0.11,0.11
64902,0.098,0.098,0.098
64903,0.112,0.112,0.112
64904,0.104,0.104,0.104
64905,0.134,0.134,0.134
64906,0.14,0.14,0.14
64907,0.122,0.122,0.122
64908,0.118,0.118,0.118
64909,0.12,0.12,0.12
64910,0.106,0.106,0.106
64911,0.072,0.072,0.072
64912,0.054,0.054,0.054
64913,0.054,0.054,0.054
64914,0.12,0.12,0.12
64915,0.168,0.168,0.168
64916,0.15,0.15,0.15
64917,0.128,0.128,0.128
64918,0.124,0.124,0.124
64919,0.146,0.146,0.146
64920,0.146,0.146,0.146
64921,0.144,0.144,0.144
64922,0.136,0.136,0.136
64923,0.132,0.132,0.132
64924,0.118,0.118,0.118
64925,0.13,0.13,0.13
64926,0.106,0.106,0.106
64927,0.116,0.116,0.116
64928,0.126,0.126,0.126
64929,0.12,0.12,0.12
64930,0.14,0.14,0.14
64931,0.126,0.126,0.126
64932,0.122,0.122,0.122
64933,0.118,0.118,0.118
64934,0.106,0.106,0.106
64935,0.118,0.118,0.118
64936,0.12,0.12,0.12
64937,0.108,0.108,0.108
64938,0.124,0.124,0.124
64939,0.126,0.126,0.126
64940,0.106,0.106,0.106
64941,0.098,0.098,0.098
64942,0.106,0.106,0.106
64943,0.116,0.116,0.116
64944,0.116,0.116,0.116
64945,0.13,0.13,0.13
64946,0.148,0.148,0.148
64947,0.154,0.154,0.154
64948,0.134,0.134,0.134
64949,0.154,0.154,0.154
64950,0.132,0.132,0.132
64951,0.126,0.126,0.126
64952,0.122,0.122,0.122
64953,0.134,0.134,0.134
64954,0.142,0.142,0.142
64955,0.136,0.136,0.136
64956,0.122,0.122,0.122
64957,0.16,0.16,0.16
64958,0.188,0.188,0.188
64959,0.154,0.154,0.154
64960,0.188,0.188,0.188
64961,0.17,0.17,0.17
64962,0.174,0.174,0.174
64963,0.17,0.17,0.17
64964,0.162,0.162,0.162
64965,0.158,0.158,0.158
64966,0.156,0.156,0.156
64967,0.164,0.164,0.164
64968,0.16,0.16,0.16
64969,0.164,0.164,0.164
64970,0.112,0.112,0.112
64971,0.154,0.154,0.154
64972,0.154,0.154,0.154
64973,0.154,0.154,0.154
64974,0.158,0.158,0.158
64975,0.156,0.156,0.156
64976,0.156,0.156,0.156
64977,0.16,0.16,0.16
64978,0.138,0.138,0.138
64979,0.15,0.15,0.15
64980,0.154,0.154,0.154
64981,0.162,0.162,0.162
64982,0.172,0.172,0.172
64983,0.17,0.17,0.17
64984,0.19,0.19,0.19
64985,0.23,0.23,0.23
64986,0.274,0.274,0.274
64987,0.246,0.246,0.246
64988,0.24,0.24,0.24
64989,0.276,0.276,0.276
64990,0.308,0.308,0.308
64991,0.248,0.248,0.248
64992,0.264,0.264,0.264
64993,0.262,0.262,0.262
64994,0.304,0.304,0.304
64995,0.302,0.302,0.302
64996,0.29,0.29,0.29
64997,0.246,0.246,0.246
64998,0.248,0.248,0.248
64999,0.244,0.244,0.244
65000,0.222,0.222,0.222
65001,0.228,0.228,0.228
65002,0.234,0.234,0.234
65003,0.238,0.238,0.238
65004,0.246,0.246,0.246
65005,0.242,0.242,0.242
65006,0.248,0.248,0.248
65007,0.238,0.238,0.238
65008,0.25,0.25,0.25
65009,0.248,0.248,0.248
65010,0.248,0.248,0.248
65011,0.278,0.278,0.278
65012,0.268,0.268,0.268
65013,0.274,0.274,0.274
65014,0.272,0.272,0.272
65015,0.276,0.276,0.276
65016,0.28,0.28,0.28
65017,0.288,0.288,0.288
65018,0.302,0.302,0.302
65019,0.298,0.298,0.298
65020,0.31,0.31,0.31
65021,0.312,0.312,0.312
65022,0.358,0.358,0.358
65023,0.342,0.342,0.342
65024,0.338,0.338,0.338
65025,0.338,0.338,0.338
65026,0.344,0.344,0.344
65027,0.342,0.342,0.342
65028,0.33,0.33,0.33
65029,0.332,0.332,0.332
65030,0.342,0.296,0.296
65031,0.336,0.282,0.282
65032,0.382,0.268,0.268
65033,0.368,0.24,0.24
65034,0.35,0.224,0.224
65035,0.376,0.218,0.218
65036,0.406,0.184,0.184
65037,0.39,0.182,0.182
65038,0.39,0.17,0.17
65039,0.372,0.166,0.166
65040,0.368,0.152,0.152
65041,0.38,0.148,0.148
65042,0.368,0.12,0.12
65043,0.372,0.116,0.116
65044,0.358,0.102,0.102
65045,0.366,0.066,0.066
65046,0.372,0.042,0.042
65047,0.382,0.036,0.036
65048,0.388,0.02,0.02
65049,0.39,0.018,0.018
65050,0.382,0.016,0.016
65051,0.386,0.016,0.016
65052,0.416,0.01,0.01
65053,0.406,0.01,0.01
65054,0.406,0.004,0.004
65055,0.404,0.004,0.004
65056,0.404,0.004,0.004
65057,0.402,0.004,0.004
65058,0.404,0,0
65059,0.426,0,0
65060,0.422,0,0
65061,0.418,0,0
65062,0.418,0,0
65063,0.412,0,0
65064,0.414,0,0
65065,0.398,0,0
65066,0.388,0,0
65067,0.39,0,0
65068,0.378,0,0
65069,0.374,0,0
65070,0.384,0,0
65071,0.446,0,0
65072,0.432,0,0
65073,0.442,0,0
65074,0.44,0,0
65075,0.432,0,0
65076,0.436,0,0
65077,0.432,0,0
65078,0.43,0,0
65079,0.43,0,0
65080,0.41,0,0
65081,0.422,0,0
65082,0.43,0,0
65083,0.426,0,0
65084,0.42,0,0
65085,0.434,0,0
65086,0.422,0,0
65087,0.428,0,0
65088,0.44,0,0
65089,0.428,0,0
65090,0.428,0,0
65091,0.418,0,0
65092,0.41,0,0
65093,0.416,0,0
65094,0.402,0,0
65095,0.398,0,0
65096,0.394,0,0
65097,0.396,0,0
65098,0.384,0,0
65099,0.378,0,0
65100,0.37,0,0
65101,0.36,0,0
65102,0.35,0,0
65103,0.35,0,0
65104,0.346,0,0
65105,0.342,0,0
65106,0.336,0,0
65107,0.332,0,0
65108,0.326,0,0
65109,0.314,0,0
65110,0.318,0,0
65111,0.312,0,0
65112,0.294,0,0
65113,0.292,0,0
65114,0.294,0,0
65115,0.288,0,0
65116,0.284,0,0
65117,0.292,0,0
65118,0.306,0,0
65119,0.296,0,0
65120,0.282,0,0
65121,0.268,0,0
65122,0.24,0,0
65123,0.224,0,0
65124,0.218,0,0
65125,0.184,0,0
65126,0.182,0,0
65127,0.17,0,0
65128,0.166,0,0
65129,0.152,0,0
65130,0.148,0,0
65131,0.12,0,0
65132,0.116,0,0
65133,0.102,0,0
65134,0.066,0,0
65135,0.042,0,0
65136,0.036,0,0
65137,0.02,0,0
65138,0.018,0,0
65139,0.016,0,0
65140,0.016,0,0
65141,0.01,0,0
65142,0.01,0,0
65143,0.004,0,0
65144,0.004,0,0
65145,0.004,0,0
65146,0.004,0,0
65147,0,0,0
65148,0,0,0
65149,0,0,0
65150,0,0,0
65151,0,0,0
65152,0,0,0
65153,0,0,0
65154,0,0,0
65155,0,0,0
65156,0,0,0
65157,0,0,0
65158,0,0,0
65159,0,0,0
65160,0,0,0
65161,0,0,0
65162,0,0,0
65163,0,0,0
65164,0,0,0
65165,0,0,0
65166,0,0,0
65167,0,0,0
65168,0,0,0
65169,0,0,0
65170,0,0,0
65171,0,0,0
65172,0,0,0
65173,0,0,0
65174,0,0,0
65175,0,0,0
65176,0,0,0
65177,0,0,0
65178,0,0,0
65179,0,0,0
65180,0,0,0
65181,0,0,0
65182,0,0,0
65183,0,0,0
65184,0,0,0
65185,0,0,0
65186,0,0,0
65187,0,0,0
65188,0,0,0
65189,0,0,0
65190,0,0,0
65191,0,0,0
65192,0,0,0
65193,0,0,0
65194,0,0,0
65195,0,0,0
65196,0,0,0
65197,0.008,0.008,0.008
65198,0,0,0
65199,0,0,0
65200,0,0,0
65201,0,0,0
65202,0,0,0
65203,0,0,0
65204,0,0,0
65205,0,0,0
65206,0,0,0
65207,0,0,0
65208,0,0,0
65209,0,0,0
65210,0,0,0
65211,0,0,0
65212,0,0,0
65213,0,0,0
65214,0,0,0
65215,0,0,0
65216,0,0,0
65217,0,0,0
65218,0,0,0
65219,0,0,0
65220,0,0,0
65221,0,0,0
65222,0,0,0
65223,0,0,0
65224,0,0,0
65225,0,0,0
65226,0,0,0
65227,0.004,0.004,0.004
65228,0,0,0
65229,0,0,0
65230,0,0,0
65231,0,0,0
65232,0,0,0
65233,0,0,0
65234,0,0,0
65235,0,0,0
65236,0,0,0
65237,0,0,0
65238,0,0,0
65239,0.004,0.004,0.004
65240,0.01,0.01,0.01
65241,0.014,0.014,0.014
65242,0.018,0.018,0.018
65243,0.02,0.02,0.02
65244,0.018,0.018,0.018
65245,0.018,0.018,0.018
65246,0.052,0.052,0.052
65247,0.052,0.052,0.052
65248,0.052,0.052,0.052
65249,0.046,0.046,0.046
65250,0.044,0.044,0.044
65251,0.044,0.044,0.044
65252,0.05,0.05,0.05
65253,0.046,0.046,0.046
65254,0.044,0.044,0.044
65255,0.038,0.038,0.038
65256,0.038,0.038,0.038
65257,0.038,0.038,0.038
65258,0.048,0.048,0.048
65259,0.058,0.058,0.058
65260,0.068,0.068,0.068
65261,0.058,0.058,0.058
65262,0.054,0.054,0.054
65263,0.05,0.05,0.05
65264,0.072,0.072,0.072
65265,0.088,0.088,0.088
65266,0.11,0.11,0.11
65267,0.098,0.098,0.098
65268,0.112,0.112,0.112
65269,0.104,0.104,0.104
65270,0.134,0.134,0.134
65271,0.14,0.14,0.14
65272,0.122,0.122,0.122
65273,0.118,0.118,0.118
65274,0.12,0.12,0.12
65275,0.106,0.106,0.106
65276,0.072,0.072,0.072
65277,0.054,0.054,0.054
65278,0.054,0.054,0.054
65279,0.12,0.12,0.12
65280,0.168,0.168,0.168
65281,0.15,0.15,0.15
65282,0.128,0.128,0.128
65283,0.124,0.124,0.124
65284,0.146,0.146,0.146
65285,0.146,0.146,0.146
65286,0.144,0.144,0.144
65287,0.136,0.136,0.136
65288,0.132,0.132,0.132
65289,0.118,0.118,0.118
65290,0.13,0.13,0.13
65291,0.106,0.106,0.106
65292,0.116,0.116,0.116
65293,0.126,0.126,0.126
65294,0.12,0.12,0.12
65295,0.14,0.14,0.14
65296,0.126,0.126,0.126
65297,0.122,0.122,0.122
65298,0.118,0.118,0.118
65299,0.106,0.106,0.106
65300,0.118,0.118,0.118
65301,0.12,0.12,0.12
65302,0.108,0.108,0.108
65303,0.124,0.124,0.124
65304,0.126,0.126,0.126
65305,0.106,0.106,0.106
65306,0.098,0.098,0.098
65307,0.106,0.106,0.106
65308,0.116,0.116,0.116
65309,0.116,0.116,0.116
65310,0.13,0.13,0.13
65311,0.148,0.148,0.148
65312,0.154,0.154,0.154
65313,0.134,0.134,0.134
65314,0.154,0.154,0.154
65315,0.132,0.132,0.132
65316,0.126,0.126,0.126
65317,0.122,0.122,0.122
65318,0.134,0.134,0.134
65319,0.142,0.142,0.142
65320,0.136,0.136,0.136
65321,0.122,0.122,0.122
65322,0.16,0.16,0.16
65323,0.188,0.188,0.188
65324,0.154,0.154,0.154
65325,0.188,0.188,0.188
65326,0.17,0.17,0.17
65327,0.174,0.174,0.174
65328,0.17,0.17,0.17
65329,0.162,0.162,0.162
65330,0.158,0.158,0.158
65331,0.156,0.156,0.156
65332,0.164,0.164,0.164
65333,0.16,0.16,0.16
65334,0.164,0.164,0.164
65335,0.112,0.112,0.112
65336,0.154,0.154,0.154
65337,0.154,0.154,0.154
65338,0.154,0.154,0.154
65339,0.158,0.158,0.158
65340,0.156,0.156,0.156
65341,0.156,0.156,0.156
65342,0.16,0.16,0.16
65343,0.138,0.138,0.138
65344,0.15,0.15,0.15
65345,0.154,0.154,0.154
65346,0.162,0.162,0.162
65347,0.172,0.172,0.172
65348,0.17,0.17,0.17
65349,0.19,0.19,0.19
65350,0.23,0.23,0.23
65351,0.274,0.274,0.274
65352,0.246,0.246,0.246
65353,0.24,0.24,0.24
65354,0.276,0.276,0.276
65355,0.308,0.308,0.308
65356,0.248,0.248,0.248
65357,0.264,0.264,0.264
65358,0.262,0.262,0.262
65359,0.304,0.304,0.304
65360,0.302,0.302,0.302
65361,0.29,0.29,0.29
65362,0.246,0.246,0.246
65363,0.248,0.248,0.248
65364,0.244,0.244,0.244
65365,0.222,0.222,0.222
65366,0.228,0.228,0.228
65367,0.234,0.234,0.234
65368,0.238,0.238,0.238
65369,0.246,0.246,0.246
65370,0.242,0.242,0.242
65371,0.248,0.248,0.248
65372,0.238,0.238,0.238
65373,0.25,0.25,0.25
65374,0.248,0.248,0.248
65375,0.248,0.248,0.248
65376,0.278,0.278,0.278
65377,0.268,0.268,0.268
65378,0.274,0.274,0.274
65379,0.272,0.272,0.272
65380,0.276,0.276,0.276
65381,0.28,0.28,0.28
65382,0.288,0.288,0.288
65383,0.302,0.302,0.302
65384,0.298,0.298,0.298
65385,0.31,0.31,0.31
65386,0.312,0.312,0.312
65387,0.358,0.358,0.358
65388,0.342,0.342,0.342
65389,0.338,0.338,0.338
65390,0.338,0.338,0.338
65391,0.344,0.344,0.344
65392,0.342,0.342,0.342
65393,0.33,0.33,0.33
65394,0.332,0.332,0.332
65395,0.342,0.296,0.296
65396,0.336,0.282,0.282
65397,0.382,0.268,0.268
65398,0.368,0.24,0.24
65399,0.35,0.224,0.224
65400,0.376,0.218,0.218
65401,0.406,0.184,0.184
65402,0.39,0.182,0.182
65403,0.39,0.17,0.17
65404,0.372,0.166,0.166
65405,0.368,0.152,0.152
65406,0.38,0.148,0.148
65407,0.368,0.12,0.12
65408,0.372,0.116,0.116
65409,0.358,0.102,0.102
65410,0.366,0.066,0.066
65411,0.372,0.042,0.042
65412,0.382,0.036,0.036
65413,0.388,0.02,0.02
65414,0.39,0.018,0.018
65415,0.382,0.016,0.016
65416,0.386,0.016,0.016
65417,0.416,0.01,0.01
65418,0.406,0.01,0.01
65419,0.406,0.004,0.004
65420,0.404,0.004,0.004
65421,0.404,0.004,0.004
65422,0.402,0.004,0.004
65423,0.404,0,0
65424,0.426,0,0
65425,0.422,0,0
65426,0.418,0,0
65427,0.418,0,0
65428,0.412,0,0
65429,0.414,0,0
65430,0.398,0,0
65431,0.388,0,0
65432,0.39,0,0
65433,0.378,0,0
65434,0.374,0,0
65435,0.384,0,0
65436,0.446,0,0
65437,0.432,0,0
65438,0.442,0,0
65439,0.44,0,0
65440,0.432,0,0
65441,0.436,0,0
65442,0.432,0,0
65443,0.43,0,0
65444,0.43,0,0
65445,0.41,0,0
65446,0.422,0,0
65447,0.43,0,0
65448,0.426,0,0
65449,0.42,0,0
65450,0.434,0,0
65451,0.422,0,0
65452,0.428,0,0
65453,0.44,0,0
65454,0.428,0,0
65455,0.428,0,0
65456,0.418,0,0
65457,0.41,0,0
65458,0.416,0,0
65459,0.402,0,0
65460,0.398,0,0
65461,0.394,0,0
65462,0.396,0,0
65463,0.384,0,0
65464,0.378,0,0
65465,0.37,0,0
65466,0.36,0,0
65467,0.35,0,0
65468,0.35,0,0
65469,0.346,0,0
65470,0.342,0,0
65471,0.336,0,0
65472,0.332,0,0
65473,0.326,0,0
65474,0.314,0,0
65475,0.318,0,0
65476,0.312,0,0
65477,0.294,0,0
65478,0.292,0,0
65479,0.294,0,0
65480,0.288,0,0
65481,0.284,0,0
65482,0.292,0,0
65483,0.306,0,0
65484,0.296,0,0
65485,0.282,0,0
65486,0.268,0,0
65487,0.24,0,0
65488,0.224,0,0
65489,0.218,0,0
65490,0.184,0,0
65491,0.182,0,0
65492,0.17,0,0
65493,0.166,0,0
65494,0.152,0,0
65495,0.148,0,0
65496,0.12,0,0
65497,0.116,0,0
65498,0.102,0,0
65499,0.066,0,0
65500,0.042,0,0
65501,0.036,0,0
65502,0.02,0,0
65503,0.018,0,0
65504,0.016,0,0
65505,0.016,0,0
65506,0.01,0,0
65507,0.01,0,0
65508,0.004,0,0
65509,0.004,0,0
65510,0.004,0,0
65511,0.004,0,0
65512,0,0,0
65513,0,0,0
65514,0,0,0
65515,0,0,0
65516,0,0,0
65517,0,0,0
65518,0,0,0
65519,0,0,0
65520,0,0,0
65521,0,0,0
65522,0,0,0
65523,0,0,0
65524,0,0,0
65525,0,0,0
65526,0,0,0
65527,0,0,0
65528,0,0,0
65529,0,0,0
65530,0,0,0
65531,0,0,0
65532,0,0,0
65533,0,0,0
65534,0,0,0
65535,0,0,0
65536,0,0,0
65537,0,0,0
65538,0,0,0
65539,0,0,0
65540,0,0,0
65541,0,0,0
65542,0,0,0
65543,0,0,0
65544,0,0,0
65545,0,0,0
65546,0,0,0
65547,0,0,0
65548,0,0,0
65549,0,0,0
65550,0,0,0
65551,0,0,0
65552,0,0,0
65553,0,0,0
65554,0,0,0
65555,0,0,0
65556,0,0,0
65557,0,0,0
65558,0,0,0
65559,0,0,0
65560,0,0,0
65561,0,0,0
65562,0.008,0.008,0.008
65563,0,0,0
65564,0,0,0
65565,0,0,0
65566,0,0,0
65567,0,0,0
65568,0,0,0
65569,0,0,0
65570,0,0,0
65571,0,0,0
65572,0,0,0
65573,0,0,0
65574,0,0,0
65575,0,0,0
65576,0,0,0
65577,0,0,0
65578,0,0,0
65579,0,0,0
65580,0,0,0
65581,0,0,0
65582,0,0,0
65583,0,0,0
65584,0,0,0
65585,0,0,0
65586,0,0,0
65587,0,0,0
65588,0,0,0
65589,0,0,0
65590,0,0,0
65591,0,0,0
65592,0.004,0.004,0.004
65593,0,0,0
65594,0,0,0
65595,0,0,0
65596,0,0,0
65597,0,0,0
65598,0,0,0
65599,0,0,0
65600,0,0,0
65601,0,0,0
65602,0,0,0
65603,0,0,0
65604,0.004,0.004,0.004
65605,0.01,0.01,0.01
65606,0.014,0.014,0.014
65607,0.018,0.018,0.018
65608,0.02,0.02,0.02
65609,0.018,0.018,0.018
65610,0.018,0.018,0.018
65611,0.052,0.052,0.052
65612,0.052,0.052,0.052
65613,0.052,0.052,0.052
65614,0.046,0.046,0.046
65615,0.044,0.044,0.044
65616,0.044,0.044,0.044
65617,0.05,0.05,0.05
65618,0.046,0.046,0.046
65619,0.044,0.044,0.044
65620,0.038,0.038,0.038
65621,0.038,0.038,0.038
65622,0.038,0.038,0.038
65623,0.048,0.048,0.048
65624,0.058,0.058,0.058
65625,0.068,0.068,0.068
65626,0.058,0.058,0.058
65627,0.054,0.054,0.054
65628,0.05,0.05,0.05
65629,0.072,0.072,0.072
65630,0.088,0.088,0.088
65631,0.11,0.11,0.11
65632,0.098,0.098,0.098
65633,0.112,0.112,0.112
65634,0.104,0.104,0.104
65635,0.134,0.134,0.134
65636,0.14,0.14,0.14
65637,0.122,0.122,0.122
65638,0.118,0.118,0.118
65639,0.12,0.12,0.12
65640,0.106,0.106,0.106
65641,0.072,0.072,0.072
65642,0.054,0.054,0.054
65643,0.054,0.054,0.054
65644,0.12,0.12,0.12
65645,0.168,0.168,0.168
65646,0.15,0.15,0.15
65647,0.128,0.128,0.128
65648,0.124,0.124,0.124
65649,0.146,0.146,0.146
65650,0.146,0.146,0.146
65651,0.144,0.144,0.144
65652,0.136,0.136,0.136
65653,0.132,0.132,0.132
65654,0.118,0.118,0.118
65655,0.13,0.13,0.13
65656,0.106,0.106,0.106
65657,0.116,0.116,0.116
65658,0.126,0.126,0.126
65659,0.12,0.12,0.12
65660,0.14,0.14,0.14
65661,0.126,0.126,0.126
65662,0.122,0.122,0.122
65663,0.118,0.118,0.118
65664,0.106,0.106,0.106
65665,0.118,0.118,0.118
65666,0.12,0.12,0.12
65667,0.108,0.108,0.108
65668,0.124,0.124,0.124
65669,0.126,0.126,0.126
65670,0.106,0.106,0.106
65671,0.098,0.098,0.098
65672,0.106,0.106,0.106
65673,0.116,0.116,0.116
65674,0.116,0.116,0.116
65675,0.13,0.13,0.13
65676,0.148,0.148,0.148
65677,0.154,0.154,0.154
65678,0.134,0.134,0.134
65679,0.154,0.154,0.154
65680,0.132,0.132,0.132
65681,0.126,0.126,0.126
65682,0.122,0.122,0.122
65683,0.134,0.134,0.134
65684,0.142,0.142,0.142
65685,0.136,0.136,0.136
65686,0.122,0.122,0.122
65687,0.16,0.16,0.16
65688,0.188,0.188,0.188
65689,0.154,0.154,0.154
65690,0.188,0.188,0.188
65691,0.17,0.17,0.17
65692,0.174,0.174,0.174
65693,0.17,0.17,0.17
65694,0.162,0.162,0.162
65695,0.158,0.158,0.158
65696,0.156,0.156,0.156
65697,0.164,0.164,0.164
65698,0.16,0.16,0.16
65699,0.164,0.164,0.164
65700,0.112,0.112,0.112
65701,0.154,0.154,0.154
65702,0.154,0.154,0.154
65703,0.154,0.154,0.154
65704,0.158,0.158,0.158
65705,0.156,0.156,0.156
65706,0.156,0.156,0.156
65707,0.16,0.16,0.16
65708,0.138,0.138,0.138
65709,0.15,0.15,0.15
65710,0.154,0.154,0.154
65711,0.162,0.162,0.162
65712,0.172,0.172,0.172
65713,0.17,0.17,0.17
65714,0.19,0.19,0.19
65715,0.23,0.23,0.23
65716,0.274,0.274,0.274
65717,0.246,0.246,0.246
65718,0.24,0.24,0.24
65719,0.276,0.276,0.276
65720,0.308,0.308,0.308
65721,0.248,0.248,0.248
65722,0.264,0.264,0.264
65723,0.262,0.262,0.262
65724,0.304,0.304,0.304
65725,0.302,0.302,0.302
65726,0.29,0.29,0.29
65727,0.246,0.246,0.246
65728,0.248,0.248,0.248
65729,0.244,0.244,0.244
65730,0.222,0.222,0.222
65731,0.228,0.228,0.228
65732,0.234,0.234,0.234
65733,0.238,0.238,0.238
65734,0.246,0.246,0.246
65735,0.242,0.242,0.242
65736,0.248,0.248,0.248
65737,0.238,0.238,0.238
65738,0.25,0.25,0.25
65739,0.248,0.248,0.248
65740,0.248,0.248,0.248
65741,0.278,0.278,0.278
65742,0.268,0.268,0.268
65743,0.274,0.274,0.274
65744,0.272,0.272,0.272
65745,0.276,0.276,0.276
65746,0.28,0.28,0.28
65747,0.288,0.288,0.288
65748,0.302,0.302,0.302
65749,0.298,0.298,0.298
65750,0.31,0.31,0.31
65751,0.312,0.312,0.312
65752,0.358,0.358,0.358
65753,0.342,0.342,0.342
65754,0.338,0.338,0.338
65755,0.338,0.338,0.338
65756,0.344,0.344,0.344
65757,0.342,0.342,0.342
65758,0.33,0.33,0.33
65759,0.332,0.296,0.296
65760,0.342,0.282,0.282
65761,0.336,0.268,0.268
65762,0.382,0.24,0.24
65763,0.368,0.224,0.224
65764,0.35,0.218,0.218
65765,0.376,0.184,0.184
65766,0.406,0.182,0.182
65767,0.39,0.17,0.17
65768,0.39,0.166,0.166
65769,0.372,0.152,0.152
65770,0.368,0.148,0.148
65771,0.38,0.12,0.12
65772,0.368,0.116,0.116
65773,0.372,0.102,0.102
65774,0.358,0.066,0.066
65775,0.366,0.042,0.042
65776,0.372,0.036,0.036
65777,0.382,0.02,0.02
65778,0.388,0.018,0.018
65779,0.39,0.016,0.016
65780,0.382,0.016,0.016
65781,0.386,0.01,0.01
65782,0.416,0.01,0.01
65783,0.406,0.004,0.004
65784,0.406,0.004,0.004
65785,0.404,0.004,0.004
65786,0.404,0.004,0.004
65787,0.402,0,0
65788,0.404,0,0
65789,0.426,0,0
65790,0.422,0,0
65791,0.418,0,0
65792,0.418,0,0
65793,0.412,0,0
65794,0.414,0,0
65795,0.398,0,0
65796,0.388,0,0
65797,0.39,0,0
65798,0.378,0,0
65799,0.374,0,0
65800,0.384,0,0
65801,0.446,0,0
65802,0.432,0,0
65803,0.442,0,0
65804,0.44,0,0
65805,0.432,0,0
65806,0.436,0,0
65807,0.432,0,0
65808,0.43,0,0
65809,0.43,0,0
65810,0.41,0,0
65811,0.422,0,0
65812,0.43,0,0
65813,0.426,0,0
65814,0.42,0,0
65815,0.434,0,0
65816,0.422,0,0
65817,0.428,0,0
65818,0.44,0,0
65819,0.428,0,0
65820,0.428,0,0
65821,0.418,0,0
65822,0.41,0,0
65823,0.416,0,0
65824,0.402,0,0
65825,0.398,0,0
65826,0.394,0,0
65827,0.396,0,0
65828,0.384,0,0
65829,0.378,0,0
65830,0.37,0,0
65831,0.36,0,0
65832,0.35,0,0
65833,0.35,0,0
65834,0.346,0,0
65835,0.342,0,0
65836,0.336,0,0
65837,0.332,0,0
65838,0.326,0,0
65839,0.314,0,0
65840,0.318,0,0
65841,0.312,0,0
65842,0.294,0,0
65843,0.292,0,0
65844,0.294,0,0
65845,0.288,0,0
65846,0.284,0,0
65847,0.292,0,0
65848,0.306,0,0
65849,0.296,0,0
65850,0.282,0,0
65851,0.268,0,0
65852,0.24,0,0
65853,0.224,0,0
65854,0.218,0,0
65855,0.184,0,0
65856,0.182,0,0
65857,0.17,0,0
65858,0.166,0,0
65859,0.152,0,0
65860,0.148,0,0
65861,0.12,0,0
65862,0.116,0,0
65863,0.102,0,0
65864,0.066,0,0
65865,0.042,0,0
65866,0.036,0,0
65867,0.02,0,0
65868,0.018,0,0
65869,0.016,0,0
65870,0.016,0,0
65871,0.01,0,0
65872,0.01,0,0
65873,0.004,0,0
65874,0.004,0,0
65875,0.004,0,0
65876,0.004,0,0
65877,0,0,0
65878,0,0,0
65879,0,0,0
65880,0,0,0
65881,0,0,0
65882,0,0,0
65883,0,0,0
65884,0,0,0
65885,0,0,0
65886,0,0,0
65887,0,0,0
65888,0,0,0
65889,0,0,0
65890,0,0,0
65891,0,0,0
65892,0,0,0
65893,0,0,0
65894,0,0,0
65895,0,0,0
65896,0,0,0
65897,0,0,0
65898,0,0,0
65899,0,0,0
65900,0,0,0
65901,0,0,0
65902,0,0,0
65903,0,0,0
65904,0,0,0
65905,0,0,0
65906,0,0,0
65907,0,0,0
65908,0,0,0
65909,0,0,0
65910,0,0,0
65911,0,0,0
65912,0,0,0
65913,0,0,0
65914,0,0,0
65915,0,0,0
65916,0,0,0
65917,0,0,0
65918,0,0,0
65919,0,0,0
65920,0,0,0
65921,0,0,0
65922,0,0,0
65923,0,0,0
65924,0,0,0
65925,0,0,0
65926,0,0,0
65927,0.008,0.008,0.008
65928,0,0,0
65929,0,0,0
65930,0,0,0
65931,0,0,0
65932,0,0,0
65933,0,0,0
65934,0,0,0
65935,0,0,0
65936,0,0,0
65937,0,0,0
65938,0,0,0
65939,0,0,0
65940,0,0,0
65941,0,0,0
65942,0,0,0
65943,0,0,0
65944,0,0,0
65945,0,0,0
65946,0,0,0
65947,0,0,0
65948,0,0,0
65949,0,0,0
65950,0,0,0
65951,0,0,0
65952,0,0,0
65953,0,0,0
65954,0,0,0
65955,0,0,0
65956,0,0,0
65957,0.004,0.004,0.004
65958,0,0,0
65959,0,0,0
65960,0,0,0
65961,0,0,0
65962,0,0,0
65963,0,0,0
65964,0,0,0
65965,0,0,0
65966,0,0,0
65967,0,0,0
65968,0,0,0
65969,0.004,0.004,0.004
65970,0.01,0.01,0.01
65971,0.014,0.014,0.014
65972,0.018,0.018,0.018
65973,0.02,0.02,0.02
65974,0.018,0.018,0.018
65975,0.018,0.018,0.018
65976,0.052,0.052,0.052
65977,0.052,0.052,0.052
65978,0.052,0.052,0.052
65979,0.046,0.046,0.046
65980,0.044,0.044,0.044
65981,0.044,0.044,0.044
65982,0.05,0.05,0.05
65983,0.046,0.046,0.046
65984,0.044,0.044,0.044
65985,0.038,0.038,0.038
65986,0.038,0.038,0.038
65987,0.038,0.038,0.038
65988,0.048,0.048,0.048
65989,0.058,0.058,0.058
65990,0.068,0.068,0.068
65991,0.058,0.058,0.058
65992,0.054,0.054,0.054
65993,0.05,0.05,0.05
65994,0.072,0.072,0.072
65995,0.088,0.088,0.088
65996,0.11,0.11,0.11
65997,0.098,0.098,0.098
65998,0.112,0.112,0.112
65999,0.104,0.104,0.104
66000,0.134,0.134,0.134
66001,0.14,0.14,0.14
66002,0.122,0.122,0.122
66003,0.118,0.118,0.118
66004,0.12,0.12,0.12
66005,0.106,0.106,0.106
66006,0.072,0.072,0.072
66007,0.054,0.054,0.054
66008,0.054,0.054,0.054
66009,0.12,0.12,0.12
66010,0.168,0.168,0.168
66011,0.15,0.15,0.15
66012,0.128,0.128,0.128
66013,0.124,0.124,0.124
66014,0.146,0.146,0.146
66015,0.146,0.146,0.146
66016,0.144,0.144,0.144
66017,0.136,0.136,0.136
66018,0.132,0.132,0.132
66019,0.118,0.118,0.118
66020,0.13,0.13,0.13
66021,0.106,0.106,0.106
66022,0.116,0.116,0.116
66023,0.126,0.126,0.126
66024,0.12,0.12,0.12
66025,0.14,0.14,0.14
66026,0.126,0.126,0.126
66027,0.122,0.122,0.122
66028,0.118,0.118,0.118
66029,0.106,0.106,0.106
66030,0.118,0.118,0.118
66031,0.12,0.12,0.12
66032,0.108,0.108,0.108
66033,0.124,0.124,0.124
66034,0.126,0.126,0.126
66035,0.106,0.106,0.106
66036,0.098,0.098,0.098
66037,0.106,0.106,0.106
66038,0.116,0.116,0.116
66039,0.116,0.116,0.116
66040,0.13,0.13,0.13
66041,0.148,0.148,0.148
66042,0.154,0.154,0.154
66043,0.134,0.134,0.134
66044,0.154,0.154,0.154
66045,0.132,0.132,0.132
66046,0.126,0.126,0.126
66047,0.122,0.122,0.122
66048,0.134,0.134,0.134
66049,0.142,0.142,0.142
66050,0.136,0.136,0.136
66051,0.122,0.122,0.122
66052,0.16,0.16,0.16
66053,0.188,0.188,0.188
66054,0.154,0.154,0.154
66055,0.188,0.188,0.188
66056,0.17,0.17,0.17
66057,0.174,0.174,0.174
66058,0.17,0.17,0.17
66059,0.162,0.162,0.162
66060,0.158,0.158,0.158
66061,0.156,0.156,0.156
66062,0.164,0.164,0.164
66063,0.16,0.16,0.16
66064,0.164,0.164,0.164
66065,0.112,0.112,0.112
66066,0.154,0.154,0.154
66067,0.154,0.154,0.154
66068,0.154,0.154,0.154
66069,0.158,0.158,0.158
66070,0.156,0.156,0.156
66071,0.156,0.156,0.156
66072,0.16,0.16,0.16
66073,0.138,0.138,0.138
66074,0.15,0.15,0.15
66075,0.154,0.154,0.154
66076,0.162,0.162,0.162
66077,0.172,0.172,0.172
66078,0.17,0.17,0.17
66079,0.19,0.19,0.19
66080,0.23,0.23,0.23
66081,0.274,0.274,0.274
66082,0.246,0.246,0.246
66083,0.24,0.24,0.24
66084,0.276,0.276,0.276
66085,0.308,0.308,0.308
66086,0.248,0.248,0.248
66087,0.264,0.264,0.264
66088,0.262,0.262,0.262
66089,0.304,0.304,0.304
66090,0.302,0.302,0.302
66091,0.29,0.29,0.29
66092,0.246,0.246,0.246
66093,0.248,0.248,0.248
66094,0.244,0.244,0.244
66095,0.222,0.222,0.222
66096,0.228,0.228,0.228
66097,0.234,0.234,0.234
66098,0.238,0.238,0.238
66099,0.246,0.246,0.246
66100,0.242,0.242,0.242
66101,0.248,0.248,0.248
66102,0.238,0.238,0.238
66103,0.25,0.25,0.25
66104,0.248,0.248,0.248
66105,0.248,0.248,0.248
66106,0.278,0.278,0.278
66107,0.268,0.268,0.268
66108,0.274,0.274,0.274
66109,0.272,0.272,0.272
66110,0.276,0.276,0.276
66111,0.28,0.28,0.28
66112,0.288,0.288,0.288
66113,0.302,0.302,0.302
66114,0.298,0.298,0.298
66115,0.31,0.31,0.31
66116,0.312,0.312,0.312
66117,0.358,0.358,0.358
66118,0.342,0.342,0.342
66119,0.338,0.338,0.338
66120,0.338,0.338,0.338
66121,0.344,0.344,0.344
66122,0.342,0.342,0.342
66123,0.33,0.33,0.33
66124,0.332,0.296,0.296
66125,0.342,0.282,0.282
66126,0.336,0.268,0.268
66127,0.382,0.24,0.24
66128,0.368,0.224,0.224
66129,0.35,0.218,0.218
66130,0.376,0.184,0.184
66131,0.406,0.182,0.182
66132,0.39,0.17,0.17
66133,0.39,0.166,0.166
66134,0.372,0.152,0.152
66135,0.368,0.148,0.148
66136,0.38,0.12,0.12
66137,0.368,0.116,0.116
66138,0.372,0.102,0.102
66139,0.358,0.066,0.066
66140,0.366,0.042,0.042
66141,0.372,0.036,0.036
66142,0.382,0.02,0.02
66143,0.388,0.018,0.018
66144,0.39,0.016,0.016
66145,0.382,0.016,0.016
66146,0.386,0.01,0.01
66147,0.416,0.01,0.01
66148,0.406,0.004,0.004
66149,0.406,0.004,0.004
66150,0.404,0.004,0.004
66151,0.404,0.004,0.004
66152,0.402,0,0
66153,0.404,0,0
66154,0.426,0,0
66155,0.422,0,0
66156,0.418,0,0
66157,0.418,0,0
66158,0.412,0,0
66159,0.414,0,0
66160,0.398,0,0
66161,0.388,0,0
66162,0.39,0,0
66163,0.378,0,0
66164,0.374,0,0
66165,0.384,0,0
66166,0.446,0,0
66167,0.432,0,0
66168,0.442,0,0
66169,0.44,0,0
66170,0.432,0,0
66171,0.436,0,0
66172,0.432,0,0
66173,0.43,0,0
66174,0.43,0,0
66175,0.41,0,0
66176,0.422,0,0
66177,0.43,0,0
66178,0.426,0,0
66179,0.42,0,0
66180,0.434,0,0
66181,0.422,0,0
66182,0.428,0,0
66183,0.44,0,0
66184,0.428,0,0
66185,0.428,0,0
66186,0.418,0,0
66187,0.41,0,0
66188,0.416,0,0
66189,0.402,0,0
66190,0.398,0,0
66191,0.394,0,0
66192,0.396,0,0
66193,0.384,0,0
66194,0.378,0,0
66195,0.37,0,0
66196,0.36,0,0
66197,0.35,0,0
66198,0.35,0,0
66199,0.346,0,0
66200,0.342,0,0
66201,0.336,0,0
66202,0.332,0,0
66203,0.326,0,0
66204,0.314,0,0
66205,0.318,0,0
66206,0.312,0,0
66207,0.294,0,0
66208,0.292,0,0
66209,0.294,0,0
66210,0.288,0,0
66211,0.284,0,0
66212,0.292,0,0
66213,0.306,0,0
66214,0.296,0,0
66215,0.282,0,0
66216,0.268,0,0
66217,0.24,0,0
66218,0.224,0,0
66219,0.218,0,0
66220,0.184,0,0
66221,0.182,0,0
66222,0.17,0,0
66223,0.166,0,0
66224,0.152,0,0
66225,0.148,0,0
66226,0.12,0,0
66227,0.116,0,0
66228,0.102,0,0
66229,0.066,0,0
66230,0.042,0,0
66231,0.036,0,0
66232,0.02,0,0
66233,0.018,0,0
66234,0.016,0,0
66235,0.016,0,0
66236,0.01,0,0
66237,0.01,0,0
66238,0.004,0,0
66239,0.004,0,0
66240,0.004,0,0
66241,0.004,0,0
66242,0,0,0
66243,0,0,0
66244,0,0,0
66245,0,0,0
66246,0,0,0
66247,0,0,0
66248,0,0,0
66249,0,0,0
66250,0,0,0
66251,0,0,0
66252,0,0,0
66253,0,0,0
66254,0,0,0
66255,0,0,0
66256,0,0,0
66257,0,0,0
66258,0,0,0
66259,0,0,0
66260,0,0,0
66261,0,0,0
66262,0,0,0
66263,0,0,0
66264,0,0,0
66265,0,0,0
66266,0,0,0
66267,0,0,0
66268,0,0,0
66269,0,0,0
66270,0,0,0
66271,0,0,0
66272,0,0,0
66273,0,0,0
66274,0,0,0
66275,0,0,0
66276,0,0,0
66277,0,0,0
66278,0,0,0
66279,0,0,0
66280,0,0,0
66281,0,0,0
66282,0,0,0
66283,0,0,0
66284,0,0,0
66285,0,0,0
66286,0,0,0
66287,0,0,0
66288,0,0,0
66289,0,0,0
66290,0,0,0
66291,0,0,0
66292,0.008,0.008,0.008
66293,0,0,0
66294,0,0,0
66295,0,0,0
66296,0,0,0
66297,0,0,0
66298,0,0,0
66299,0,0,0
66300,0,0,0
66301,0,0,0
66302,0,0,0
66303,0,0,0
66304,0,0,0
66305,0,0,0
66306,0,0,0
66307,0,0,0
66308,0,0,0
66309,0,0,0
66310,0,0,0
66311,0,0,0
66312,0,0,0
66313,0,0,0
66314,0,0,0
66315,0,0,0
66316,0,0,0
66317,0,0,0
66318,0,0,0
66319,0,0,0
66320,0,0,0
66321,0,0,0
66322,0.004,0.004,0.004
66323,0,0,0
66324,0,0,0
66325,0,0,0
66326,0,0,0
66327,0,0,0
66328,0,0,0
66329,0,0,0
66330,0,0,0
66331,0,0,0
66332,0,0,0
66333,0,0,0
66334,0.004,0.004,0.004
66335,0.01,0.01,0.01
66336,0.014,0.014,0.014
66337,0.018,0.018,0.018
66338,0.02,0.02,0.02
66339,0.018,0.018,0.018
66340,0.018,0.018,0.018
66341,0.052,0.052,0.052
66342,0.052,0.052,0.052
66343,0.052,0.052,0.052
66344,0.046,0.046,0.046
66345,0.044,0.044,0.044
66346,0.044,0.044,0.044
66347,0.05,0.05,0.05
66348,0.046,0.046,0.046
66349,0.044,0.044,0.044
66350,0.038,0.038,0.038
66351,0.038,0.038,0.038
66352,0.038,0.038,0.038
66353,0.048,0.048,0.048
66354,0.058,0.058,0.058
66355,0.068,0.068,0.068
66356,0.058,0.058,0.058
66357,0.054,0.054,0.054
66358,0.05,0.05,0.05
66359,0.072,0.072,0.072
66360,0.088,0.088,0.088
66361,0.11,0.11,0.11
66362,0.098,0.098,0.098
66363,0.112,0.112,0.112
66364,0.104,0.104,0.104
66365,0.134,0.134,0.134
66366,0.14,0.14,0.14
66367,0.122,0.122,0.122
66368,0.118,0.118,0.118
66369,0.12,0.12,0.12
66370,0.106,0.106,0.106
66371,0.072,0.072,0.072
66372,0.054,0.054,0.054
66373,0.054,0.054,0.054
66374,0.12,0.12,0.12
66375,0.168,0.168,0.168
66376,0.15,0.15,0.15
66377,0.128,0.128,0.128
66378,0.124,0.124,0.124
66379,0.146,0.146,0.146
66380,0.146,0.146,0.146
66381,0.144,0.144,0.144
66382,0.136,0.136,0.136
66383,0.132,0.132,0.132
66384,0.118,0.118,0.118
66385,0.13,0.13,0.13
66386,0.106,0.106,0.106
66387,0.116,0.116,0.116
66388,0.126,0.126,0.126
66389,0.12,0.12,0.12
66390,0.14,0.14,0.14
66391,0.126,0.126,0.126
66392,0.122,0.122,0.122
66393,0.118,0.118,0.118
66394,0.106,0.106,0.106
66395,0.118,0.118,0.118
66396,0.12,0.12,0.12
66397,0.108,0.108,0.108
66398,0.124,0.124,0.124
66399,0.126,0.126,0.126
66400,0.106,0.106,0.106
66401,0.098,0.098,0.098
66402,0.106,0.106,0.106
66403,0.116,0.116,0.116
66404,0.116,0.116,0.116
66405,0.13,0.13,0.13
66406,0.148,0.148,0.148
66407,0.154,0.154,0.154
66408,0.134,0.134,0.134
66409,0.154,0.154,0.154
66410,0.132,0.132,0.132
66411,0.126,0.126,0.126
66412,0.122,0.122,0.122
66413,0.134,0.134,0.134
66414,0.142,0.142,0.142
66415,0.136,0.136,0.136
66416,0.122,0.122,0.122
66417,0.16,0.16,0.16
66418,0.188,0.188,0.188
66419,0.154,0.154,0.154
66420,0.188,0.188,0.188
66421,0.17,0.17,0.17
66422,0.174,0.174,0.174
66423,0.17,0.17,0.17
66424,0.162,0.162,0.162
66425,0.158,0.158,0.158
66426,0.156,0.156,0.156
66427,0.164,0.164,0.164
66428,0.16,0.16,0.16
66429,0.164,0.164,0.164
66430,0.112,0.112,0.112
66431,0.154,0.154,0.154
66432,0.154,0.154,0.154
66433,0.154,0.154,0.154
66434,0.158,0.158,0.158
66435,0.156,0.156,0.156
66436,0.156,0.156,0.156
66437,0.16,0.16,0.16
66438,0.138,0.138,0.138
66439,0.15,0.15,0.15
66440,0.154,0.154,0.154
66441,0.162,0.162,0.162
66442,0.172,0.172,0.172
66443,0.17,0.17,0.17
66444,0.19,0.19,0.19
66445,0.23,0.23,0.23
66446,0.274,0.274,0.274
66447,0.246,0.246,0.246
66448,0.24,0.24,0.24
66449,0.276,0.276,0.276
66450,0.308,0.308,0.308
66451,0.248,0.248,0.248
66452,0.264,0.264,0.264
66453,0.262,0.262,0.262
66454,0.304,0.304,0.304
66455,0.302,0.302,0.302
66456,0.29,0.29,0.29
66457,0.246,0.246,0.246
66458,0.248,0.248,0.248
66459,0.244,0.244,0.244
66460,0.222,0.222,0.222
66461,0.228,0.228,0.228
66462,0.234,0.234,0.234
66463,0.238,0.238,0.238
66464,0.246,0.246,0.246
66465,0.242,0.242,0.242
66466,0.248,0.248,0.248
66467,0.238,0.238,0.238
66468,0.25,0.25,0.25
66469,0.248,0.248,0.248
66470,0.248,0.248,0.248
66471,0.278,0.278,0.278
66472,0.268,0.268,0.268
66473,0.274,0.274,0.274
66474,0.272,0.272,0.272
66475,0.276,0.276,0.276
66476,0.28,0.28,0.28
66477,0.288,0.288,0.288
66478,0.302,0.302,0.302
66479,0.298,0.298,0.298
66480,0.31,0.31,0.31
66481,0.312,0.312,0.312
66482,0.358,0.358,0.358
66483,0.342,0.342,0.342
66484,0.338,0.338,0.338
66485,0.338,0.338,0.338
66486,0.344,0.344,0.344
66487,0.342,0.342,0.342
66488,0.33,0.296,0.296
66489,0.332,0.282,0.282
66490,0.342,0.268,0.268
66491,0.336,0.24,0.24
66492,0.382,0.224,0.224
66493,0.368,0.218,0.218
66494,0.35,0.184,0.184
66495,0.376,0.182,0.182
66496,0.406,0.17,0.17
66497,0.39,0.166,0.166
66498,0.39,0.152,0.152
66499,0.372,0.148,0.148
66500,0.368,0.12,0.12
66501,0.38,0.116,0.116
66502,0.368,0.102,0.102
66503,0.372,0.066,0.066
66504,0.358,0.042,0.042
66505,0.366,0.036,0.036
66506,0.372,0.02,0.02
66507,0.382,0.018,0.018
66508,0.388,0.016,0.016
66509,0.39,0.016,0.016
66510,0.382,0.01,0.01
66511,0.386,0.01,0.01
66512,0.416,0.004,0.004
66513,0.406,0.004,0.004
66514,0.406,0.004,0.004
66515,0.404,0.004,0.004
66516,0.404,0,0
66517,0.402,0,0
66518,0.404,0,0
66519,0.426,0,0
66520,0.422,0,0
66521,0.418,0,0
66522,0.418,0,0
66523,0.412,0,0
66524,0.414,0,0
66525,0.398,0,0
66526,0.388,0,0
66527,0.39,0,0
66528,0.378,0,0
66529,0.374,0,0
66530,0.384,0,0
66531,0.446,0,0
66532,0.432,0,0
66533,0.442,0,0
66534,0.44,0,0
66535,0.432,0,0
66536,0.436,0,0
66537,0.432,0,0
66538,0.43,0,0
66539,0.43,0,0
66540,0.41,0,0
66541,0.422,0,0
66542,0.43,0,0
66543,0.426,0,0
66544,0.42,0,0
66545,0.434,0,0
66546,0.422,0,0
66547,0.428,0,0
66548,0.44,0,0
66549,0.428,0,0
66550,0.428,0,0
66551,0.418,0,0
66552,0.41,0,0
66553,0.416,0,0
66554,0.402,0,0
66555,0.398,0,0
66556,0.394,0,0
66557,0.396,0,0
66558,0.384,0,0
66559,0.378,0,0
66560,0.37,0,0
66561,0.36,0,0
66562,0.35,0,0
66563,0.35,0,0
66564,0.346,0,0
66565,0.342,0,0
66566,0.336,0,0
66567,0.332,0,0
66568,0.326,0,0
66569,0.314,0,0
66570,0.318,0,0
66571,0.312,0,0
66572,0.294,0,0
66573,0.292,0,0
66574,0.294,0,0
66575,0.288,0,0
66576,0.284,0,0
66577,0.292,0,0
66578,0.306,0,0
66579,0.296,0,0
66580,0.282,0,0
66581,0.268,0,0
66582,0.24,0,0
66583,0.224,0,0
66584,0.218,0,0
66585,0.184,0,0
66586,0.182,0,0
66587,0.17,0,0
66588,0.166,0,0
66589,0.152,0,0
66590,0.148,0,0
66591,0.12,0,0
66592,0.116,0,0
66593,0.102,0,0
66594,0.066,0,0
66595,0.042,0,0
66596,0.036,0,0
66597,0.02,0,0
66598,0.018,0,0
66599,0.016,0,0
66600,0.016,0,0
66601,0.01,0,0
66602,0.01,0,0
66603,0.004,0,0
66604,0.004,0,0
66605,0.004,0,0
66606,0.004,0,0
66607,0,0,0
66608,0,0,0
66609,0,0,0
66610,0,0,0
66611,0,0,0
66612,0,0,0
66613,0,0,0
66614,0,0,0
66615,0,0,0
66616,0,0,0
66617,0,0,0
66618,0,0,0
66619,0,0,0
66620,0,0,0
66621,0,0,0
66622,0,0,0
66623,0,0,0
66624,0,0,0
66625,0,0,0
66626,0,0,0
66627,0,0,0
66628,0,0,0
66629,0,0,0
66630,0,0,0
66631,0,0,0
66632,0,0,0
66633,0,0,0
66634,0,0,0
66635,0,0,0
66636,0,0,0
66637,0,0,0
66638,0,0,0
66639,0,0,0
66640,0,0,0
66641,0,0,0
66642,0,0,0
66643,0,0,0
66644,0,0,0
66645,0,0,0
66646,0,0,0
66647,0,0,0
66648,0,0,0
66649,0,0,0
66650,0,0,0
66651,0,0,0
66652,0,0,0
66653,0,0,0
66654,0,0,0
66655,0,0,0
66656,0,0,0
66657,0.008,0.008,0.008
66658,0,0,0
66659,0,0,0
66660,0,0,0
66661,0,0,0
66662,0,0,0
66663,0,0,0
66664,0,0,0
66665,0,0,0
66666,0,0,0
66667,0,0,0
66668,0,0,0
66669,0,0,0
66670,0,0,0
66671,0,0,0
66672,0,0,0
66673,0,0,0
66674,0,0,0
66675,0,0,0
66676,0,0,0
66677,0,0,0
66678,0,0,0
66679,0,0,0
66680,0,0,0
66681,0,0,0
66682,0,0,0
66683,0,0,0
66684,0,0,0
66685,0,0,0
66686,0,0,0
66687,0.004,0.004,0.004
66688,0,0,0
66689,0,0,0
66690,0,0,0
66691,0,0,0
66692,0,0,0
66693,0,0,0
66694,0,0,0
66695,0,0,0
66696,0,0,0
66697,0,0,0
66698,0,0,0
66699,0.004,0.004,0.004
66700,0.01,0.01,0.01
66701,0.014,0.014,0.014
66702,0.018,0.018,0.018
66703,0.02,0.02,0.02
66704,0.018,0.018,0.018
66705,0.018,0.018,0.018
66706,0.052,0.052,0.052
66707,0.052,0.052,0.052
66708,0.052,0.052,0.052
66709,0.046,0.046,0.046
66710,0.044,0.044,0.044
66711,0.044,0.044,0.044
66712,0.05,0.05,0.05
66713,0.046,0.046,0.046
66714,0.044,0.044,0.044
66715,0.038,0.038,0.038
66716,0.038,0.038,0.038
66717,0.038,0.038,0.038
66718,0.048,0.048,0.048
66719,0.058,0.058,0.058
66720,0.068,0.068,0.068
66721,0.058,0.058,0.058
66722,0.054,0.054,0.054
66723,0.05,0.05,0.05
66724,0.072,0.072,0.072
66725,0.088,0.088,0.088
66726,0.11,0.11,0.11
66727,0.098,0.098,0.098
66728,0.112,0.112,0.112
66729,0.104,0.104,0.104
66730,0.134,0.134,0.134
66731,0.14,0.14,0.14
66732,0.122,0.122,0.122
66733,0.118,0.118,0.118
66734,0.12,0.12,0.12
66735,0.106,0.106,0.106
66736,0.072,0.072,0.072
66737,0.054,0.054,0.054
66738,0.054,0.054,0.054
66739,0.12,0.12,0.12
66740,0.168,0.168,0.168
66741,0.15,0.15,0.15
66742,0.128,0.128,0.128
66743,0.124,0.124,0.124
66744,0.146,0.146,0.146
66745,0.146,0.146,0.146
66746,0.144,0.144,0.144
66747,0.136,0.136,0.136
66748,0.132,0.132,0.132
66749,0.118,0.118,0.118
66750,0.13,0.13,0.13
66751,0.106,0.106,0.106
66752,0.116,0.116,0.116
66753,0.126,0.126,0.126
66754,0.12,0.12,0.12
66755,0.14,0.14,0.14
66756,0.126,0.126,0.126
66757,0.122,0.122,0.122
66758,0.118,0.118,0.118
66759,0.106,0.106,0.106
66760,0.118,0.118,0.118
66761,0.12,0.12,0.12
66762,0.108,0.108,0.108
66763,0.124,0.124,0.124
66764,0.126,0.126,0.126
66765,0.106,0.106,0.106
66766,0.098,0.098,0.098
66767,0.106,0.106,0.106
66768,0.116,0.116,0.116
66769,0.116,0.116,0.116
66770,0.13,0.13,0.13
66771,0.148,0.148,0.148
66772,0.154,0.154,0.154
66773,0.134,0.134,0.134
66774,0.154,0.154,0.154
66775,0.132,0.132,0.132
66776,0.126,0.126,0.126
66777,0.122,0.122,0.122
66778,0.134,0.134,0.134
66779,0.142,0.142,0.142
66780,0.136,0.136,0.136
66781,0.122,0.122,0.122
66782,0.16,0.16,0.16
66783,0.188,0.188,0.188
66784,0.154,0.154,0.154
66785,0.188,0.188,0.188
66786,0.17,0.17,0.17
66787,0.174,0.174,0.174
66788,0.17,0.17,0.17
66789,0.162,0.162,0.162
66790,0.158,0.158,0.158
66791,0.156,0.156,0.156
66792,0.164,0.164,0.164
66793,0.16,0.16,0.16
66794,0.164,0.164,0.164
66795,0.112,0.112,0.112
66796,0.154,0.154,0.154
66797,0.154,0.154,0.154
66798,0.154,0.154,0.154
66799,0.158,0.158,0.158
66800,0.156,0.156,0.156
66801,0.156,0.156,0.156
66802,0.16,0.16,0.16
66803,0.138,0.138,0.138
66804,0.15,0.15,0.15
66805,0.154,0.154,0.154
66806,0.162,0.162,0.162
66807,0.172,0.172,0.172
66808,0.17,0.17,0.17
66809,0.19,0.19,0.19
66810,0.23,0.23,0.23
66811,0.274,0.274,0.274
66812,0.246,0.246,0.246
66813,0.24,0.24,0.24
66814,0.276,0.276,0.276
66815,0.308,0.308,0.308
66816,0.248,0.248,0.248
66817,0.264,0.264,0.264
66818,0.262,0.262,0.262
66819,0.304,0.304,0.304
66820,0.302,0.302,0.302
66821,0.29,0.29,0.29
66822,0.246,0.246,0.246
66823,0.248,0.248,0.248
66824,0.244,0.244,0.244
66825,0.222,0.222,0.222
66826,0.228,0.228,0.228
66827,0.234,0.234,0.234
66828,0.238,0.238,0.238
66829,0.246,0.246,0.246
66830,0.242,0.242,0.242
66831,0.248,0.248,0.248
66832,0.238,0.238,0.238
66833,0.25,0.25,0.25
66834,0.248,0.248,0.248
66835,0.248,0.248,0.248
66836,0.278,0.278,0.278
66837,0.268,0.268,0.268
66838,0.274,0.274,0.274
66839,0.272,0.272,0.272
66840,0.276,0.276,0.276
66841,0.28,0.28,0.28
66842,0.288,0.288,0.288
66843,0.302,0.302,0.302
66844,0.298,0.298,0.298
66845,0.31,0.31,0.31
66846,0.312,0.312,0.312
66847,0.358,0.358,0.358
66848,0.342,0.342,0.342
66849,0.338,0.338,0.338
66850,0.338,0.338,0.338
66851,0.344,0.344,0.344
66852,0.342,0.342,0.342
66853,0.33,0.296,0.296
66854,0.332,0.282,0.282
66855,0.342,0.268,0.268
66856,0.336,0.24,0.24
66857,0.382,0.224,0.224
66858,0.368,0.218,0.218
66859,0.35,0.184,0.184
66860,0.376,0.182,0.182
66861,0.406,0.17,0.17
66862,0.39,0.166,0.166
66863,0.39,0.152,0.152
66864,0.372,0.148,0.148
66865,0.368,0.12,0.12
66866,0.38,0.116,0.116
66867,0.368,0.102,0.102
66868,0.372,0.066,0.066
66869,0.358,0.042,0.042
66870,0.366,0.036,0.036
66871,0.372,0.02,0.02
66872,0.382,0.018,0.018
66873,0.388,0.016,0.016
66874,0.39,0.016,0.016
66875,0.382,0.01,0.01
66876,0.386,0.01,0.01
66877,0.416,0.004,0.004
66878,0.406,0.004,0.004
66879,0.406,0.004,0.004
66880,0.404,0.004,0.004
66881,0.404,0,0
66882,0.402,0,0
66883,0.404,0,0
66884,0.426,0,0
66885,0.422,0,0
66886,0.418,0,0
66887,0.418,0,0
66888,0.412,0,0
66889,0.414,0,0
66890,0.398,0,0
66891,0.388,0,0
66892,0.39,0,0
66893,0.378,0,0
66894,0.374,0,0
66895,0.384,0,0
66896,0.446,0,0
66897,0.432,0,0
66898,0.442,0,0
66899,0.44,0,0
66900,0.432,0,0
66901,0.436,0,0
66902,0.432,0,0
66903,0.43,0,0
66904,0.43,0,0
66905,0.41,0,0
66906,0.422,0,0
66907,0.43,0,0
66908,0.426,0,0
66909,0.42,0,0
66910,0.434,0,0
66911,0.422,0,0
66912,0.428,0,0
66913,0.44,0,0
66914,0.428,0,0
66915,0.428,0,0
66916,0.418,0,0
66917,0.41,0,0
66918,0.416,0,0
66919,0.402,0,0
66920,0.398,0,0
66921,0.394,0,0
66922,0.396,0,0
66923,0.384,0,0
66924,0.378,0,0
66925,0.37,0,0
66926,0.36,0,0
66927,0.35,0,0
66928,0.35,0,0
66929,0.346,0,0
66930,0.342,0,0
66931,0.336,0,0
66932,0.332,0,0
66933,0.326,0,0
66934,0.314,0,0
66935,0.318,0,0
66936,0.312,0,0
66937,0.294,0,0
66938,0.292,0,0
66939,0.294,0,0
66940,0.288,0,0
66941,0.284,0,0
66942,0.292,0,0
66943,0.306,0,0
66944,0.296,0,0
66945,0.282,0,0
66946,0.268,0,0
66947,0.24,0,0
66948,0.224,0,0
66949,0.218,0,0
66950,0.184,0,0
66951,0.182,0,0
66952,0.17,0,0
66953,0.166,0,0
66954,0.152,0,0
66955,0.148,0,0
66956,0.12,0,0
66957,0.116,0,0
66958,0.102,0,0
66959,0.066,0,0
66960,0.042,0,0
66961,0.036,0,0
66962,0.02,0,0
66963,0.018,0,0
66964,0.016,0,0
66965,0.016,0,0
66966,0.01,0,0
66967,0.01,0,0
66968,0.004,0,0
66969,0.004,0,0
66970,0.004,0,0
66971,0.004,0,0
66972,0,0,0
66973,0,0,0
66974,0,0,0
66975,0,0,0
66976,0,0,0
66977,0,0,0
66978,0,0,0
66979,0,0,0
66980,0,0,0
66981,0,0,0
66982,0,0,0
66983,0,0,0
66984,0,0,0
66985,0,0,0
66986,0,0,0
66987,0,0,0
66988,0,0,0
66989,0,0,0
66990,0,0,0
66991,0,0,0
66992,0,0,0
66993,0,0,0
66994,0,0,0
66995,0,0,0
66996,0,0,0
66997,0,0,0
66998,0,0,0
66999,0,0,0
67000,0,0,0
67001,0,0,0
67002,0,0,0
67003,0,0,0
67004,0,0,0
67005,0,0,0
67006,0,0,0
67007,0,0,0
67008,0,0,0
67009,0,0,0
67010,0,0,0
67011,0,0,0
67012,0,0,0
67013,0,0,0
67014,0,0,0
67015,0,0,0
67016,0,0,0
67017,0,0,0
67018,0,0,0
67019,0,0,0
67020,0,0,0
67021,0,0,0
67022,0.008,0.008,0.008
67023,0,0,0
67024,0,0,0
67025,0,0,0
67026,0,0,0
67027,0,0,0
67028,0,0,0
67029,0,0,0
67030,0,0,0
67031,0,0,0
67032,0,0,0
67033,0,0,0
67034,0,0,0
67035,0,0,0
67036,0,0,0
67037,0,0,0
67038,0,0,0
67039,0,0,0
67040,0,0,0
67041,0,0,0
67042,0,0,0
67043,0,0,0
67044,0,0,0
67045,0,0,0
67046,0,0,0
67047,0,0,0
67048,0,0,0
67049,0,0,0
67050,0,0,0
67051,0,0,0
67052,0.004,0.004,0.004
67053,0,0,0
67054,0,0,0
67055,0,0,0
67056,0,0,0
67057,0,0,0
67058,0,0,0
67059,0,0,0
67060,0,0,0
67061,0,0,0
67062,0,0,0
67063,0,0,0
67064,0.004,0.004,0.004
67065,0.01,0.01,0.01
67066,0.014,0.014,0.014
67067,0.018,0.018,0.018
67068,0.02,0.02,0.02
67069,0.018,0.018,0.018
67070,0.018,0.018,0.018
67071,0.052,0.052,0.052
67072,0.052,0.052,0.052
67073,0.052,0.052,0.052
67074,0.046,0.046,0.046
67075,0.044,0.044,0.044
67076,0.044,0.044,0.044
67077,0.05,0.05,0.05
67078,0.046,0.046,0.046
67079,0.044,0.044,0.044
67080,0.038,0.038,0.038
67081,0.038,0.038,0.038
67082,0.038,0.038,0.038
67083,0.048,0.048,0.048
67084,0.058,0.058,0.058
67085,0.068,0.068,0.068
67086,0.058,0.058,0.058
67087,0.054,0.054,0.054
67088,0.05,0.05,0.05
67089,0.072,0.072,0.072
67090,0.088,0.088,0.088
67091,0.11,0.11,0.11
67092,0.098,0.098,0.098
67093,0.112,0.112,0.112
67094,0.104,0.104,0.104
67095,0.134,0.134,0.134
67096,0.14,0.14,0.14
67097,0.122,0.122,0.122
67098,0.118,0.118,0.118
67099,0.12,0.12,0.12
67100,0.106,0.106,0.106
67101,0.072,0.072,0.072
67102,0.054,0.054,0.054
67103,0.054,0.054,0.054
67104,0.12,0.12,0.12
67105,0.168,0.168,0.168
67106,0.15,0.15,0.15
67107,0.128,0.128,0.128
67108,0.124,0.124,0.124
67109,0.146,0.146,0.146
67110,0.146,0.146,0.146
67111,0.144,0.144,0.144
67112,0.136,0.136,0.136
67113,0.132,0.132,0.132
67114,0.118,0.118,0.118
67115,0.13,0.13,0.13
67116,0.106,0.106,0.106
67117,0.116,0.116,0.116
67118,0.126,0.126,0.126
67119,0.12,0.12,0.12
67120,0.14,0.14,0.14
67121,0.126,0.126,0.126
67122,0.122,0.122,0.122
67123,0.118,0.118,0.118
67124,0.106,0.106,0.106
67125,0.118,0.118,0.118
67126,0.12,0.12,0.12
67127,0.108,0.108,0.108
67128,0.124,0.124,0.124
67129,0.126,0.126,0.126
67130,0.106,0.106,0.106
67131,0.098,0.098,0.098
67132,0.106,0.106,0.106
67133,0.116,0.116,0.116
67134,0.116,0.116,0.116
67135,0.13,0.13,0.13
67136,0.148,0.148,0.148
67137,0.154,0.154,0.154
67138,0.134,0.134,0.134
67139,0.154,0.154,0.154
67140,0.132,0.132,0.132
67141,0.126,0.126,0.126
67142,0.122,0.122,0.122
67143,0.134,0.134,0.134
67144,0.142,0.142,0.142
67145,0.136,0.136,0.136
67146,0.122,0.122,0.122
67147,0.16,0.16,0.16
67148,0.188,0.188,0.188
67149,0.154,0.154,0.154
67150,0.188,0.188,0.188
67151,0.17,0.17,0.17
67152,0.174,0.174,0.174
67153,0.17,0.17,0.17
67154,0.162,0.162,0.162
67155,0.158,0.158,0.158
67156,0.156,0.156,0.156
67157,0.164,0.164,0.164
67158,0.16,0.16,0.16
67159,0.164,0.164,0.164
67160,0.112,0.112,0.112
67161,0.154,0.154,0.154
67162,0.154,0.154,0.154
67163,0.154,0.154,0.154
67164,0.158,0.158,0.158
67165,0.156,0.156,0.156
67166,0.156,0.156,0.156
67167,0.16,0.16,0.16
67168,0.138,0.138,0.138
67169,0.15,0.15,0.15
67170,0.154,0.154,0.154
67171,0.162,0.162,0.162
67172,0.172,0.172,0.172
67173,0.17,0.17,0.17
67174,0.19,0.19,0.19
67175,0.23,0.23,0.23
67176,0.274,0.274,0.274
67177,0.246,0.246,0.246
67178,0.24,0.24,0.24
67179,0.276,0.276,0.276
67180,0.308,0.308,0.308
67181,0.248,0.248,0.248
67182,0.264,0.264,0.264
67183,0.262,0.262,0.262
67184,0.304,0.304,0.304
67185,0.302,0.302,0.302
67186,0.29,0.29,0.29
67187,0.246,0.246,0.246
67188,0.248,0.248,0.248
67189,0.244,0.244,0.244
67190,0.222,0.222,0.222
67191,0.228,0.228,0.228
67192,0.234,0.234,0.234
67193,0.238,0.238,0.238
67194,0.246,0.246,0.246
67195,0.242,0.242,0.242
67196,0.248,0.248,0.248
67197,0.238,0.238,0.238
67198,0.25,0.25,0.25
67199,0.248,0.248,0.248
67200,0.248,0.248,0.248
67201,0.278,0.278,0.278
67202,0.268,0.268,0.268
67203,0.274,0.274,0.274
67204,0.272,0.272,0.272
67205,0.276,0.276,0.276
67206,0.28,0.28,0.28
67207,0.288,0.288,0.288
67208,0.302,0.302,0.302
67209,0.298,0.298,0.298
67210,0.31,0.31,0.31
67211,0.312,0.312,0.312
67212,0.358,0.358,0.358
67213,0.342,0.342,0.342
67214,0.338,0.338,0.338
67215,0.338,0.338,0.338
67216,0.344,0.344,0.344
67217,0.342,0.296,0.296
67218,0.33,0.282,0.282
67219,0.332,0.268,0.268
67220,0.342,0.24,0.24
67221,0.336,0.224,0.224
67222,0.382,0.218,0.218
67223,0.368,0.184,0.184
67224,0.35,0.182,0.182
67225,0.376,0.17,0.17
67226,0.406,0.166,0.166
67227,0.39,0.152,0.152
67228,0.39,0.148,0.148
67229,0.372,0.12,0.12
67230,0.368,0.116,0.116
67231,0.38,0.102,0.102
67232,0.368,0.066,0.066
67233,0.372,0.042,0.042
67234,0.358,0.036,0.036
67235,0.366,0.02,0.02
67236,0.372,0.018,0.018
67237,0.382,0.016,0.016
67238,0.388,0.016,0.016
67239,0.39,0.01,0.01
67240,0.382,0.01,0.01
67241,0.386,0.004,0.004
67242,0.416,0.004,0.004
67243,0.406,0.004,0.004
67244,0.406,0.004,0.004
67245,0.404,0,0
67246,0.404,0,0
67247,0.402,0,0
67248,0.404,0,0
67249,0.426,0,0
67250,0.422,0,0
67251,0.418,0,0
67252,0.418,0,0
67253,0.412,0,0
67254,0.414,0,0
67255,0.398,0,0
67256,0.388,0,0
67257,0.39,0,0
67258,0.378,0,0
67259,0.374,0,0
67260,0.384,0,0
67261,0.446,0,0
67262,0.432,0,0
67263,0.442,0,0
67264,0.44,0,0
67265,0.432,0,0
67266,0.436,0,0
67267,0.432,0,0
67268,0.43,0,0
67269,0.43,0,0
67270,0.41,0,0
67271,0.422,0,0
67272,0.43,0,0
67273,0.426,0,0
67274,0.42,0,0
67275,0.434,0,0
67276,0.422,0,0
67277,0.428,0,0
67278,0.44,0,0
67279,0.428,0,0
67280,0.428,0,0
67281,0.418,0,0
67282,0.41,0,0
67283,0.416,0,0
67284,0.402,0,0
67285,0.398,0,0
67286,0.394,0,0
67287,0.396,0,0
67288,0.384,0,0
67289,0.378,0,0
67290,0.37,0,0
67291,0.36,0,0
67292,0.35,0,0
67293,0.35,0,0
67294,0.346,0,0
67295,0.342,0,0
67296,0.336,0,0
67297,0.332,0,0
67298,0.326,0,0
67299,0.314,0,0
67300,0.318,0,0
67301,0.312,0,0
67302,0.294,0,0
67303,0.292,0,0
67304,0.294,0,0
67305,0.288,0,0
67306,0.284,0,0
67307,0.292,0,0
67308,0.306,0,0
67309,0.296,0,0
67310,0.282,0,0
67311,0.268,0,0
67312,0.24,0,0
67313,0.224,0,0
67314,0.218,0,0
67315,0.184,0,0
67316,0.182,0,0
67317,0.17,0,0
67318,0.166,0,0
67319,0.152,0,0
67320,0.148,0,0
67321,0.12,0,0
67322,0.116,0,0
67323,0.102,0,0
67324,0.066,0,0
67325,0.042,0,0
67326,0.036,0,0
67327,0.02,0,0
67328,0.018,0,0
67329,0.016,0,0
67330,0.016,0,0
67331,0.01,0,0
67332,0.01,0,0
67333,0.004,0,0
67334,0.004,0,0
67335,0.004,0,0
67336,0.004,0,0
67337,0,0,0
67338,0,0,0
67339,0,0,0
67340,0,0,0
67341,0,0,0
67342,0,0,0
67343,0,0,0
67344,0,0,0
67345,0,0,0
67346,0,0,0
67347,0,0,0
67348,0,0,0
67349,0,0,0
67350,0,0,0
67351,0,0,0
67352,0,0,0
67353,0,0,0
67354,0,0,0
67355,0,0,0
67356,0,0,0
67357,0,0,0
67358,0,0,0
67359,0,0,0
67360,0,0,0
67361,0,0,0
67362,0,0,0
67363,0,0,0
67364,0,0,0
67365,0,0,0
67366,0,0,0
67367,0,0,0
67368,0,0,0
67369,0,0,0
67370,0,0,0
67371,0,0,0
67372,0,0,0
67373,0,0,0
67374,0,0,0
67375,0,0,0
67376,0,0,0
67377,0,0,0
67378,0,0,0
67379,0,0,0
67380,0,0,0
67381,0,0,0
67382,0,0,0
67383,0,0,0
67384,0,0,0
67385,0,0,0
67386,0,0,0
67387,0.008,0.008,0.008
67388,0,0,0
67389,0,0,0
67390,0,0,0
67391,0,0,0
67392,0,0,0
67393,0,0,0
67394,0,0,0
67395,0,0,0
67396,0,0,0
67397,0,0,0
67398,0,0,0
67399,0,0,0
67400,0,0,0
67401,0,0,0
67402,0,0,0
67403,0,0,0
67404,0,0,0
67405,0,0,0
67406,0,0,0
67407,0,0,0
67408,0,0,0
67409,0,0,0
67410,0,0,0
67411,0,0,0
67412,0,0,0
67413,0,0,0
67414,0,0,0
67415,0,0,0
67416,0,0,0
67417,0.004,0.004,0.004
67418,0,0,0
67419,0,0,0
67420,0,0,0
67421,0,0,0
67422,0,0,0
67423,0,0,0
67424,0,0,0
67425,0,0,0
67426,0,0,0
67427,0,0,0
67428,0,0,0
67429,0.004,0.004,0.004
67430,0.01,0.01,0.01
67431,0.014,0.014,0.014
67432,0.018,0.018,0.018
67433,0.02,0.02,0.02
67434,0.018,0.018,0.018
67435,0.018,0.018,0.018
67436,0.052,0.052,0.052
67437,0.052,0.052,0.052
67438,0.052,0.052,0.052
67439,0.046,0.046,0.046
67440,0.044,0.044,0.044
67441,0.044,0.044,0.044
67442,0.05,0.05,0.05
67443,0.046,0.046,0.046
67444,0.044,0.044,0.044
67445,0.038,0.038,0.038
67446,0.038,0.038,0.038
67447,0.038,0.038,0.038
67448,0.048,0.048,0.048
67449,0.058,0.058,0.058
67450,0.068,0.068,0.068
67451,0.058,0.058,0.058
67452,0.054,0.054,0.054
67453,0.05,0.05,0.05
67454,0.072,0.072,0.072
67455,0.088,0.088,0.088
67456,0.11,0.11,0.11
67457,0.098,0.098,0.098
67458,0.112,0.112,0.112
67459,0.104,0.104,0.104
67460,0.134,0.134,0.134
67461,0.14,0.14,0.14
67462,0.122,0.122,0.122
67463,0.118,0.118,0.118
67464,0.12,0.12,0.12
67465,0.106,0.106,0.106
67466,0.072,0.072,0.072
67467,0.054,0.054,0.054
67468,0.054,0.054,0.054
67469,0.12,0.12,0.12
67470,0.168,0.168,0.168
67471,0.15,0.15,0.15
67472,0.128,0.128,0.128
67473,0.124,0.124,0.124
67474,0.146,0.146,0.146
67475,0.146,0.146,0.146
67476,0.144,0.144,0.144
67477,0.136,0.136,0.136
67478,0.132,0.132,0.132
67479,0.118,0.118,0.118
67480,0.13,0.13,0.13
67481,0.106,0.106,0.106
67482,0.116,0.116,0.116
67483,0.126,0.126,0.126
67484,0.12,0.12,0.12
67485,0.14,0.14,0.14
67486,0.126,0.126,0.126
67487,0.122,0.122,0.122
67488,0.118,0.118,0.118
67489,0.106,0.106,0.106
67490,0.118,0.118,0.118
67491,0.12,0.12,0.12
67492,0.108,0.108,0.108
67493,0.124,0.124,0.124
67494,0.126,0.126,0.126
67495,0.106,0.106,0.106
67496,0.098,0.098,0.098
67497,0.106,0.106,0.106
67498,0.116,0.116,0.116
67499,0.116,0.116,0.116
67500,0.13,0.13,0.13
67501,0.148,0.148,0.148
67502,0.154,0.154,0.154
67503,0.134,0.134,0.134
67504,0.154,0.154,0.154
67505,0.132,0.132,0.132
67506,0.126,0.126,0.126
67507,0.122,0.122,0.122
67508,0.134,0.134,0.134
67509,0.142,0.142,0.142
67510,0.136,0.136,0.136
67511,0.122,0.122,0.122
67512,0.16,0.16,0.16
67513,0.188,0.188,0.188
67514,0.154,0.154,0.154
67515,0.188,0.188,0.188
67516,0.17,0.17,0.17
67517,0.174,0.174,0.174
67518,0.17,0.17,0.17
67519,0.162,0.162,0.162
67520,0.158,0.158,0.158
67521,0.156,0.156,0.156
67522,0.164,0.164,0.164
67523,0.16,0.16,0.16
67524,0.164,0.164,0.164
67525,0.112,0.112,0.112
67526,0.154,0.154,0.154
67527,0.154,0.154,0.154
67528,0.154,0.154,0.154
67529,0.158,0.158,0.158
67530,0.156,0.156,0.156
67531,0.156,0.156,0.156
67532,0.16,0.16,0.16
67533,0.138,0.138,0.138
67534,0.15,0.15,0.15
67535,0.154,0.154,0.154
67536,0.162,0.162,0.162
67537,0.172,0.172,0.172
67538,0.17,0.17,0.17
67539,0.19,0.19,0.19
67540,0.23,0.23,0.23
67541,0.274,0.274,0.274
67542,0.246,0.246,0.246
67543,0.24,0.24,0.24
67544,0.276,0.276,0.276
67545,0.308,0.308,0.308
67546,0.248,0.248,0.248
67547,0.264,0.264,0.264
67548,0.262,0.262,0.262
67549,0.304,0.304,0.304
67550,0.302,0.302,0.302
67551,0.29,0.29,0.29
67552,0.246,0.246,0.246
67553,0.248,0.248,0.248
67554,0.244,0.244,0.244
67555,0.222,0.222,0.222
67556,0.228,0.228,0.228
67557,0.234,0.234,0.234
67558,0.238,0.238,0.238
67559,0.246,0.246,0.246
67560,0.242,0.242,0.242
67561,0.248,0.248,0.248
67562,0.238,0.238,0.238
67563,0.25,0.25,0.25
67564,0.248,0.248,0.248
67565,0.248,0.248,0.248
67566,0.278,0.278,0.278
67567,0.268,0.268,0.268
67568,0.274,0.274,0.274
67569,0.272,0.272,0.272
67570,0.276,0.276,0.276
67571,0.28,0.28,0.28
67572,0.288,0.288,0.288
67573,0.302,0.302,0.302
67574,0.298,0.298,0.298
67575,0.31,0.31,0.31
67576,0.312,0.312,0.312
67577,0.358,0.358,0.358
67578,0.342,0.342,0.342
67579,0.338,0.338,0.338
67580,0.338,0.338,0.338
67581,0.344,0.344,0.344
67582,0.342,0.296,0.296
67583,0.33,0.282,0.282
67584,0.332,0.268,0.268
67585,0.342,0.24,0.24
67586,0.336,0.224,0.224
67587,0.382,0.218,0.218
67588,0.368,0.184,0.184
67589,0.35,0.182,0.182
67590,0.376,0.17,0.17
67591,0.406,0.166,0.166
67592,0.39,0.152,0.152
67593,0.39,0.148,0.148
67594,0.372,0.12,0.12
67595,0.368,0.116,0.116
67596,0.38,0.102,0.102
67597,0.368,0.066,0.066
67598,0.372,0.042,0.042
67599,0.358,0.036,0.036
67600,0.366,0.02,0.02
67601,0.372,0.018,0.018
67602,0.382,0.016,0.016
67603,0.388,0.016,0.016
67604,0.39,0.01,0.01
67605,0.382,0.01,0.01
67606,0.386,0.004,0.004
67607,0.416,0.004,0.004
67608,0.406,0.004,0.004
67609,0.406,0.004,0.004
67610,0.404,0,0
67611,0.404,0,0
67612,0.402,0,0
67613,0.404,0,0
67614,0.426,0,0
67615,0.422,0,0
67616,0.418,0,0
67617,0.418,0,0
67618,0.412,0,0
67619,0.414,0,0
67620,0.398,0,0
67621,0.388,0,0
67622,0.39,0,0
67623,0.378,0,0
67624,0.374,0,0
67625,0.384,0,0
67626,0.446,0,0
67627,0.432,0,0
67628,0.442,0,0
67629,0.44,0,0
67630,0.432,0,0
67631,0.436,0,0
67632,0.432,0,0
67633,0.43,0,0
67634,0.43,0,0
67635,0.41,0,0
67636,0.422,0,0
67637,0.43,0,0
67638,0.426,0,0
67639,0.42,0,0
67640,0.434,0,0
67641,0.422,0,0
67642,0.428,0,0
67643,0.44,0,0
67644,0.428,0,0
67645,0.428,0,0
67646,0.418,0,0
67647,0.41,0,0
67648,0.416,0,0
67649,0.402,0,0
67650,0.398,0,0
67651,0.394,0,0
67652,0.396,0,0
67653,0.384,0,0
67654,0.378,0,0
67655,0.37,0,0
67656,0.36,0,0
67657,0.35,0,0
67658,0.35,0,0
67659,0.346,0,0
67660,0.342,0,0
67661,0.336,0,0
67662,0.332,0,0
67663,0.326,0,0
67664,0.314,0,0
67665,0.318,0,0
67666,0.312,0,0
67667,0.294,0,0
67668,0.292,0,0
67669,0.294,0,0
67670,0.288,0,0
67671,0.284,0,0
67672,0.292,0,0
67673,0.306,0,0
67674,0.296,0,0
67675,0.282,0,0
67676,0.268,0,0
67677,0.24,0,0
67678,0.224,0,0
67679,0.218,0,0
67680,0.184,0,0
67681,0.182,0,0
67682,0.17,0,0
67683,0.166,0,0
67684,0.152,0,0
67685,0.148,0,0
67686,0.12,0,0
67687,0.116,0,0
67688,0.102,0,0
67689,0.066,0,0
67690,0.042,0,0
67691,0.036,0,0
67692,0.02,0,0
67693,0.018,0,0
67694,0.016,0,0
67695,0.016,0,0
67696,0.01,0,0
67697,0.01,0,0
67698,0.004,0,0
67699,0.004,0,0
67700,0.004,0,0
67701,0.004,0,0
67702,0,0,0
67703,0,0,0
67704,0,0,0
67705,0,0,0
67706,0,0,0
67707,0,0,0
67708,0,0,0
67709,0,0,0
67710,0,0,0
67711,0,0,0
67712,0,0,0
67713,0,0,0
67714,0,0,0
67715,0,0,0
67716,0,0,0
67717,0,0,0
67718,0,0,0
67719,0,0,0
67720,0,0,0
67721,0,0,0
67722,0,0,0
67723,0,0,0
67724,0,0,0
67725,0,0,0
67726,0,0,0
67727,0,0,0
67728,0,0,0
67729,0,0,0
67730,0,0,0
67731,0,0,0
67732,0,0,0
67733,0,0,0
67734,0,0,0
67735,0,0,0
67736,0,0,0
67737,0,0,0
67738,0,0,0
67739,0,0,0
67740,0,0,0
67741,0,0,0
67742,0,0,0
67743,0,0,0
67744,0,0,0
67745,0,0,0
67746,0,0,0
67747,0,0,0
67748,0,0,0
67749,0,0,0
67750,0,0,0
67751,0,0,0
67752,0.008,0.008,0.008
67753,0,0,0
67754,0,0,0
67755,0,0,0
67756,0,0,0
67757,0,0,0
67758,0,0,0
67759,0,0,0
67760,0,0,0
67761,0,0,0
67762,0,0,0
67763,0,0,0
67764,0,0,0
67765,0,0,0
67766,0,0,0
67767,0,0,0
67768,0,0,0
67769,0,0,0
67770,0,0,0
67771,0,0,0
67772,0,0,0
67773,0,0,0
67774,0,0,0
67775,0,0,0
67776,0,0,0
67777,0,0,0
67778,0,0,0
67779,0,0,0
67780,0,0,0
67781,0,0,0
67782,0.004,0.004,0.004
67783,0,0,0
67784,0,0,0
67785,0,0,0
67786,0,0,0
67787,0,0,0
67788,0,0,0
67789,0,0,0
67790,0,0,0
67791,0,0,0
67792,0,0,0
67793,0,0,0
67794,0.004,0.004,0.004
67795,0.01,0.01,0.01
67796,0.014,0.014,0.014
67797,0.018,0.018,0.018
67798,0.02,0.02,0.02
67799,0.018,0.018,0.018
67800,0.018,0.018,0.018
67801,0.052,0.052,0.052
67802,0.052,0.052,0.052
67803,0.052,0.052,0.052
67804,0.046,0.046,0.046
67805,0.044,0.044,0.044
67806,0.044,0.044,0.044
67807,0.05,0.05,0.05
67808,0.046,0.046,0.046
67809,0.044,0.044,0.044
67810,0.038,0.038,0.038
67811,0.038,0.038,0.038
67812,0.038,0.038,0.038
67813,0.048,0.048,0.048
67814,0.058,0.058,0.058
67815,0.068,0.068,0.068
67816,0.058,0.058,0.058
67817,0.054,0.054,0.054
67818,0.05,0.05,0.05
67819,0.072,0.072,0.072
67820,0.088,0.088,0.088
67821,0.11,0.11,0.11
67822,0.098,0.098,0.098
67823,0.112,0.112,0.112
67824,0.104,0.104,0.104
67825,0.134,0.134,0.134
67826,0.14,0.14,0.14
67827,0.122,0.122,0.122
67828,0.118,0.118,0.118
67829,0.12,0.12,0.12
67830,0.106,0.106,0.106
67831,0.072,0.072,0.072
67832,0.054,0.054,0.054
67833,0.054,0.054,0.054
67834,0.12,0.12,0.12
67835,0.168,0.168,0.168
67836,0.15,0.15,0.15
67837,0.128,0.128,0.128
67838,0.124,0.124,0.124
67839,0.146,0.146,0.146
67840,0.146,0.146,0.146
67841,0.144,0.144,0.144
67842,0.136,0.136,0.136
67843,0.132,0.132,0.132
67844,0.118,0.118,0.118
67845,0.13,0.13,0.13
67846,0.106,0.106,0.106
67847,0.116,0.116,0.116
67848,0.126,0.126,0.126
67849,0.12,0.12,0.12
67850,0.14,0.14,0.14
67851,0.126,0.126,0.126
67852,0.122,0.122,0.122
67853,0.118,0.118,0.118
67854,0.106,0.106,0.106
67855,0.118,0.118,0.118
67856,0.12,0.12,0.12
67857,0.108,0.108,0.108
67858,0.124,0.124,0.124
67859,0.126,0.126,0.126
67860,0.106,0.106,0.106
67861,0.098,0.098,0.098
67862,0.106,0.106,0.106
67863,0.116,0.116,0.116
67864,0.116,0.116,0.116
67865,0.13,0.13,0.13
67866,0.148,0.148,0.148
67867,0.154,0.154,0.154
67868,0.134,0.134,0.134
67869,0.154,0.154,0.154
67870,0.132,0.132,0.132
67871,0.126,0.126,0.126
67872,0.122,0.122,0.122
67873,0.134,0.134,0.134
67874,0.142,0.142,0.142
67875,0.136,0.136,0.136
67876,0.122,0.122,0.122
67877,0.16,0.16,0.16
67878,0.188,0.188,0.188
67879,0.154,0.154,0.154
67880,0.188,0.188,0.188
67881,0.17,0.17,0.17
67882,0.174,0.174,0.174
67883,0.17,0.17,0.17
67884,0.162,0.162,0.162
67885,0.158,0.158,0.158
67886,0.156,0.156,0.156
67887,0.164,0.164,0.164
67888,0.16,0.16,0.16
67889,0.164,0.164,0.164
67890,0.112,0.112,0.112
67891,0.154,0.154,0.154
67892,0.154,0.154,0.154
67893,0.154,0.154,0.154
67894,0.158,0.158,0.158
67895,0.156,0.156,0.156
67896,0.156,0.156,0.156
67897,0.16,0.16,0.16
67898,0.138,0.138,0.138
67899,0.15,0.15,0.15
67900,0.154,0.154,0.154
67901,0.162,0.162,0.162
67902,0.172,0.172,0.172
67903,0.17,0.17,0.17
67904,0.19,0.19,0.19
67905,0.23,0.23,0.23
67906,0.274,0.274,0.274
67907,0.246,0.246,0.246
67908,0.24,0.24,0.24
67909,0.276,0.276,0.276
67910,0.308,0.308,0.308
67911,0.248,0.248,0.248
67912,0.264,0.264,0.264
67913,0.262,0.262,0.262
67914,0.304,0.304,0.304
67915,0.302,0.302,0.302
67916,0.29,0.29,0.29
67917,0.246,0.246,0.246
67918,0.248,0.248,0.248
67919,0.244,0.244,0.244
67920,0.222,0.222,0.222
67921,0.228,0.228,0.228
67922,0.234,0.234,0.234
67923,0.238,0.238,0.238
67924,0.246,0.246,0.246
67925,0.242,0.242,0.242
67926,0.248,0.248,0.248
67927,0.238,0.238,0.238
67928,0.25,0.25,0.25
67929,0.248,0.248,0.248
67930,0.248,0.248,0.248
67931,0.278,0.278,0.278
67932,0.268,0.268,0.268
67933,0.274,0.274,0.274
67934,0.272,0.272,0.272
67935,0.276,0.276,0.276
67936,0.28,0.28,0.28
67937,0.288,0.288,0.288
67938,0.302,0.302,0.302
67939,0.298,0.298,0.298
67940,0.31,0.31,0.31
67941,0.312,0.312,0.312
67942,0.358,0.358,0.358
67943,0.342,0.342,0.342
67944,0.338,0.338,0.338
67945,0.338,0.338,0.338
67946,0.344,0.344,0.344
67947,0.342,0.296,0.296
67948,0.33,0.282,0.282
67949,0.332,0.268,0.268
67950,0.342,0.24,0.24
67951,0.336,0.224,0.224
67952,0.382,0.218,0.218
67953,0.368,0.184,0.184
67954,0.35,0.182,0.182
67955,0.376,0.17,0.17
67956,0.406,0.166,0.166
67957,0.39,0.152,0.152
67958,0.39,0.148,0.148
67959,0.372,0.12,0.12
67960,0.368,0.116,0.116
67961,0.38,0.102,0.102
67962,0.368,0.066,0.066
67963,0.372,0.042,0.042
67964,0.358,0.036,0.036
67965,0.366,0.02,0.02
67966,0.372,0.018,0.018
67967,0.382,0.016,0.016
67968,0.388,0.016,0.016
67969,0.39,0.01,0.01
67970,0.382,0.01,0.01
67971,0.386,0.004,0.004
67972,0.416,0.004,0.004
67973,0.406,0.004,0.004
67974,0.406,0.004,0.004
67975,0.404,0,0
67976,0.404,0,0
67977,0.402,0,0
67978,0.404,0,0
67979,0.426,0,0
67980,0.422,0,0
67981,0.418,0,0
67982,0.418,0,0
67983,0.412,0,0
67984,0.414,0,0
67985,0.398,0,0
67986,0.388,0,0
67987,0.39,0,0
67988,0.378,0,0
67989,0.374,0,0
67990,0.384,0,0
67991,0.446,0,0
67992,0.432,0,0
67993,0.442,0,0
67994,0.44,0,0
67995,0.432,0,0
67996,0.436,0,0
67997,0.432,0,0
67998,0.43,0,0
67999,0.43,0,0
68000,0.41,0,0
68001,0.422,0,0
68002,0.43,0,0
68003,0.426,0,0
68004,0.42,0,0
68005,0.434,0,0
68006,0.422,0,0
68007,0.428,0,0
68008,0.44,0,0
68009,0.428,0,0
68010,0.428,0,0
68011,0.418,0,0
68012,0.41,0,0
68013,0.416,0,0
68014,0.402,0,0
68015,0.398,0,0
68016,0.394,0,0
68017,0.396,0,0
68018,0.384,0,0
68019,0.378,0,0
68020,0.37,0,0
68021,0.36,0,0
68022,0.35,0,0
68023,0.35,0,0
68024,0.346,0,0
68025,0.342,0,0
68026,0.336,0,0
68027,0.332,0,0
68028,0.326,0,0
68029,0.314,0,0
68030,0.318,0,0
68031,0.312,0,0
68032,0.294,0,0
68033,0.292,0,0
68034,0.294,0,0
68035,0.288,0,0
68036,0.284,0,0
68037,0.292,0,0
68038,0.306,0,0
68039,0.296,0,0
68040,0.282,0,0
68041,0.268,0,0
68042,0.24,0,0
68043,0.224,0,0
68044,0.218,0,0
68045,0.184,0,0
68046,0.182,0,0
68047,0.17,0,0
68048,0.166,0,0
68049,0.152,0,0
68050,0.148,0,0
68051,0.12,0,0
68052,0.116,0,0
68053,0.102,0,0
68054,0.066,0,0
68055,0.042,0,0
68056,0.036,0,0
68057,0.02,0,0
68058,0.018,0,0
68059,0.016,0,0
68060,0.016,0,0
68061,0.01,0,0
68062,0.01,0,0
68063,0.004,0,0
68064,0.004,0,0
68065,0.004,0,0
68066,0.004,0,0
68067,0,0,0
68068,0,0,0
68069,0,0,0
68070,0,0,0
68071,0,0,0
68072,0,0,0
68073,0,0,0
68074,0,0,0
68075,0,0,0
68076,0,0,0
68077,0,0,0
68078,0,0,0
68079,0,0,0
68080,0,0,0
68081,0,0,0
68082,0,0,0
68083,0,0,0
68084,0,0,0
68085,0,0,0
68086,0,0,0
68087,0,0,0
68088,0,0,0
68089,0,0,0
68090,0,0,0
68091,0,0,0
68092,0,0,0
68093,0,0,0
68094,0,0,0
68095,0,0,0
68096,0,0,0
68097,0,0,0
68098,0,0,0
68099,0,0,0
68100,0,0,0
68101,0,0,0
68102,0,0,0
68103,0,0,0
68104,0,0,0
68105,0,0,0
68106,0,0,0
68107,0,0,0
68108,0,0,0
68109,0,0,0
68110,0,0,0
68111,0,0,0
68112,0,0,0
68113,0,0,0
68114,0,0,0
68115,0,0,0
68116,0,0,0
68117,0.008,0.008,0.008
68118,0,0,0
68119,0,0,0
68120,0,0,0
68121,0,0,0
68122,0,0,0
68123,0,0,0
68124,0,0,0
68125,0,0,0
68126,0,0,0
68127,0,0,0
68128,0,0,0
68129,0,0,0
68130,0,0,0
68131,0,0,0
68132,0,0,0
68133,0,0,0
68134,0,0,0
68135,0,0,0
68136,0,0,0
68137,0,0,0
68138,0,0,0
68139,0,0,0
68140,0,0,0
68141,0,0,0
68142,0,0,0
68143,0,0,0
68144,0,0,0
68145,0,0,0
68146,0,0,0
68147,0.004,0.004,0.004
68148,0,0,0
68149,0,0,0
68150,0,0,0
68151,0,0,0
68152,0,0,0
68153,0,0,0
68154,0,0,0
68155,0,0,0
68156,0,0,0
68157,0,0,0
68158,0,0,0
68159,0.004,0.004,0.004
68160,0.01,0.01,0.01
68161,0.014,0.014,0.014
68162,0.018,0.018,0.018
68163,0.02,0.02,0.02
68164,0.018,0.018,0.018
68165,0.018,0.018,0.018
68166,0.052,0.052,0.052
68167,0.052,0.052,0.052
68168,0.052,0.052,0.052
68169,0.046,0.046,0.046
68170,0.044,0.044,0.044
68171,0.044,0.044,0.044
68172,0.05,0.05,0.05
68173,0.046,0.046,0.046
68174,0.044,0.044,0.044
68175,0.038,0.038,0.038
68176,0.038,0.038,0.038
68177,0.038,0.038,0.038
68178,0.048,0.048,0.048
68179,0.058,0.058,0.058
68180,0.068,0.068,0.068
68181,0.058,0.058,0.058
68182,0.054,0.054,0.054
68183,0.05,0.05,0.05
68184,0.072,0.072,0.072
68185,0.088,0.088,0.088
68186,0.11,0.11,0.11
68187,0.098,0.098,0.098
68188,0.112,0.112,0.112
68189,0.104,0.104,0.104
68190,0.134,0.134,0.134
68191,0.14,0.14,0.14
68192,0.122,0.122,0.122
68193,0.118,0.118,0.118
68194,0.12,0.12,0.12
68195,0.106,0.106,0.106
68196,0.072,0.072,0.072
68197,0.054,0.054,0.054
68198,0.054,0.054,0.054
68199,0.12,0.12,0.12
68200,0.168,0.168,0.168
68201,0.15,0.15,0.15
68202,0.128,0.128,0.128
68203,0.124,0.124,0.124
68204,0.146,0.146,0.146
68205,0.146,0.146,0.146
68206,0.144,0.144,0.144
68207,0.136,0.136,0.136
68208,0.132,0.132,0.132
68209,0.118,0.118,0.118
68210,0.13,0.13,0.13
68211,0.106,0.106,0.106
68212,0.116,0.116,0.116
68213,0.126,0.126,0.126
68214,0.12,0.12,0.12
68215,0.14,0.14,0.14
68216,0.126,0.126,0.126
68217,0.122,0.122,0.122
68218,0.118,0.118,0.118
68219,0.106,0.106,0.106
68220,0.118,0.118,0.118
68221,0.12,0.12,0.12
68222,0.108,0.108,0.108
68223,0.124,0.124,0.124
68224,0.126,0.126,0.126
68225,0.106,0.106,0.106
68226,0.098,0.098,0.098
68227,0.106,0.106,0.106
68228,0.116,0.116,0.116
68229,0.116,0.116,0.116
68230,0.13,0.13,0.13
68231,0.148,0.148,0.148
68232,0.154,0.154,0.154
68233,0.134,0.134,0.134
68234,0.154,0.154,0.154
68235,0.132,0.132,0.132
68236,0.126,0.126,0.126
68237,0.122,0.122,0.122
68238,0.134,0.134,0.134
68239,0.142,0.142,0.142
68240,0.136,0.136,0.136
68241,0.122,0.122,0.122
68242,0.16,0.16,0.16
68243,0.188,0.188,0.188
68244,0.154,0.154,0.154
68245,0.188,0.188,0.188
68246,0.17,0.17,0.17
68247,0.174,0.174,0.174
68248,0.17,0.17,0.17
68249,0.162,0.162,0.162
68250,0.158,0.158,0.158
68251,0.156,0.156,0.156
68252,0.164,0.164,0.164
68253,0.16,0.16,0.16
68254,0.164,0.164,0.164
68255,0.112,0.112,0.112
68256,0.154,0.154,0.154
68257,0.154,0.154,0.154
68258,0.154,0.154,0.154
68259,0.158,0.158,0.158
68260,0.156,0.156,0.156
68261,0.156,0.156,0.156
68262,0.16,0.16,0.16
68263,0.138,0.138,0.138
68264,0.15,0.15,0.15
68265,0.154,0.154,0.154
68266,0.162,0.162,0.162
68267,0.172,0.172,0.172
68268,0.17,0.17,0.17
68269,0.19,0.19,0.19
68270,0.23,0.23,0.23
68271,0.274,0.274,0.274
68272,0.246,0.246,0.246
68273,0.24,0.24,0.24
68274,0.276,0.276,0.276
68275,0.308,0.308,0.308
68276,0.248,0.248,0.248
68277,0.264,0.264,0.264
68278,0.262,0.262,0.262
68279,0.304,0.304,0.304
68280,0.302,0.302,0.302
68281,0.29,0.29,0.29
68282,0.246,0.246,0.246
68283,0.248,0.248,0.248
68284,0.244,0.244,0.244
68285,0.222,0.222,0.222
68286,0.228,0.228,0.228
68287,0.234,0.234,0.234
68288,0.238,0.238,0.238
68289,0.246,0.246,0.246
68290,0.242,0.242,0.242
68291,0.248,0.248,0.248
68292,0.238,0.238,0.238
68293,0.25,0.25,0.25
68294,0.248,0.248,0.248
68295,0.248,0.248,0.248
68296,0.278,0.278,0.278
68297,0.268,0.268,0.268
68298,0.274,0.274,0.274
68299,0.272,0.272,0.272
68300,0.276,0.276,0.276
68301,0.28,0.28,0.28
68302,0.288,0.288,0.288
68303,0.302,0.302,0.302
68304,0.298,0.298,0.298
68305,0.31,0.31,0.31
68306,0.312,0.312,0.312
68307,0.358,0.358,0.358
68308,0.342,0.342,0.342
68309,0.338,0.338,0.338
68310,0.338,0.338,0.338
68311,0.344,0.344,0.344
68312,0.342,0.296,0.296
68313,0.33,0.282,0.282
68314,0.332,0.268,0.268
68315,0.342,0.24,0.24
68316,0.336,0.224,0.224
68317,0.382,0.218,0.218
68318,0.368,0.184,0.184
68319,0.35,0.182,0.182
68320,0.376,0.17,0.17
68321,0.406,0.166,0.166
68322,0.39,0.152,0.152
68323,0.39,0.148,0.148
68324,0.372,0.12,0.12
68325,0.368,0.116,0.116
68326,0.38,0.102,0.102
68327,0.368,0.066,0.066
68328,0.372,0.042,0.042
68329,0.358,0.036,0.036
68330,0.366,0.02,0.02
68331,0.372,0.018,0.018
68332,0.382,0.016,0.016
68333,0.388,0.016,0.016
68334,0.39,0.01,0.01
68335,0.382,0.01,0.01
68336,0.386,0.004,0.004
68337,0.416,0.004,0.004
68338,0.406,0.004,0.004
68339,0.406,0.004,0.004
68340,0.404,0,0
68341,0.404,0,0
68342,0.402,0,0
68343,0.404,0,0
68344,0.426,0,0
68345,0.422,0,0
68346,0.418,0,0
68347,0.418,0,0
68348,0.412,0,0
68349,0.414,0,0
68350,0.398,0,0
68351,0.388,0,0
68352,0.39,0,0
68353,0.378,0,0
68354,0.374,0,0
68355,0.384,0,0
68356,0.446,0,0
68357,0.432,0,0
68358,0.442,0,0
68359,0.44,0,0
68360,0.432,0,0
68361,0.436,0,0
68362,0.432,0,0
68363,0.43,0,0
68364,0.43,0,0
68365,0.41,0,0
68366,0.422,0,0
68367,0.43,0,0
68368,0.426,0,0
68369,0.42,0,0
68370,0.434,0,0
68371,0.422,0,0
68372,0.428,0,0
68373,0.44,0,0
68374,0.428,0,0
68375,0.428,0,0
68376,0.418,0,0
68377,0.41,0,0
68378,0.416,0,0
68379,0.402,0,0
68380,0.398,0,0
68381,0.394,0,0
68382,0.396,0,0
68383,0.384,0,0
68384,0.378,0,0
68385,0.37,0,0
68386,0.36,0,0
68387,0.35,0,0
68388,0.35,0,0
68389,0.346,0,0
68390,0.342,0,0
68391,0.336,0,0
68392,0.332,0,0
68393,0.326,0,0
68394,0.314,0,0
68395,0.318,0,0
68396,0.312,0,0
68397,0.294,0,0
68398,0.292,0,0
68399,0.294,0,0
68400,0.288,0,0
68401,0.284,0,0
68402,0.292,0,0
68403,0.306,0,0
68404,0.296,0,0
68405,0.282,0,0
68406,0.268,0,0
68407,0.24,0,0
68408,0.224,0,0
68409,0.218,0,0
68410,0.184,0,0
68411,0.182,0,0
68412,0.17,0,0
68413,0.166,0,0
68414,0.152,0,0
68415,0.148,0,0
68416,0.12,0,0
68417,0.116,0,0
68418,0.102,0,0
68419,0.066,0,0
68420,0.042,0,0
68421,0.036,0,0
68422,0.02,0,0
68423,0.018,0,0
68424,0.016,0,0
68425,0.016,0,0
68426,0.01,0,0
68427,0.01,0,0
68428,0.004,0,0
68429,0.004,0,0
68430,0.004,0,0
68431,0.004,0,0
68432,0,0,0
68433,0,0,0
68434,0,0,0
68435,0,0,0
68436,0,0,0
68437,0,0,0
68438,0,0,0
68439,0,0,0
68440,0,0,0
68441,0,0,0
68442,0,0,0
68443,0,0,0
68444,0,0,0
68445,0,0,0
68446,0,0,0
68447,0,0,0
68448,0,0,0
68449,0,0,0
68450,0,0,0
68451,0,0,0
68452,0,0,0
68453,0,0,0
68454,0,0,0
68455,0,0,0
68456,0,0,0
68457,0,0,0
68458,0,0,0
68459,0,0,0
68460,0,0,0
68461,0,0,0
68462,0,0,0
68463,0,0,0
68464,0,0,0
68465,0,0,0
68466,0,0,0
68467,0,0,0
68468,0,0,0
68469,0,0,0
68470,0,0,0
68471,0,0,0
68472,0,0,0
68473,0,0,0
68474,0,0,0
68475,0,0,0
68476,0,0,0
68477,0,0,0
68478,0,0,0
68479,0,0,0
68480,0,0,0
68481,0,0,0
68482,0.008,0.008,0.008
68483,0,0,0
68484,0,0,0
68485,0,0,0
68486,0,0,0
68487,0,0,0
68488,0,0,0
68489,0,0,0
68490,0,0,0
68491,0,0,0
68492,0,0,0
68493,0,0,0
68494,0,0,0
68495,0,0,0
68496,0,0,0
68497,0,0,0
68498,0,0,0
68499,0,0,0
68500,0,0,0
68501,0,0,0
68502,0,0,0
68503,0,0,0
68504,0,0,0
68505,0,0,0
68506,0,0,0
68507,0,0,0
68508,0,0,0
68509,0,0,0
68510,0,0,0
68511,0,0,0
68512,0.004,0.004,0.004
68513,0,0,0
68514,0,0,0
68515,0,0,0
68516,0,0,0
68517,0,0,0
68518,0,0,0
68519,0,0,0
68520,0,0,0
68521,0,0,0
68522,0,0,0
68523,0,0,0
68524,0.004,0.004,0.004
68525,0.01,0.01,0.01
68526,0.014,0.014,0.014
68527,0.018,0.018,0.018
68528,0.02,0.02,0.02
68529,0.018,0.018,0.018
68530,0.018,0.018,0.018
68531,0.052,0.052,0.052
68532,0.052,0.052,0.052
68533,0.052,0.052,0.052
68534,0.046,0.046,0.046
68535,0.044,0.044,0.044
68536,0.044,0.044,0.044
68537,0.05,0.05,0.05
68538,0.046,0.046,0.046
68539,0.044,0.044,0.044
68540,0.038,0.038,0.038
68541,0.038,0.038,0.038
68542,0.038,0.038,0.038
68543,0.048,0.048,0.048
68544,0.058,0.058,0.058
68545,0.068,0.068,0.068
68546,0.058,0.058,0.058
68547,0.054,0.054,0.054
68548,0.05,0.05,0.05
68549,0.072,0.072,0.072
68550,0.088,0.088,0.088
68551,0.11,0.11,0.11
68552,0.098,0.098,0.098
68553,0.112,0.112,0.112
68554,0.104,0.104,0.104
68555,0.134,0.134,0.134
68556,0.14,0.14,0.14
68557,0.122,0.122,0.122
68558,0.118,0.118,0.118
68559,0.12,0.12,0.12
68560,0.106,0.106,0.106
68561,0.072,0.072,0.072
68562,0.054,0.054,0.054
68563,0.054,0.054,0.054
68564,0.12,0.12,0.12
68565,0.168,0.168,0.168
68566,0.15,0.15,0.15
68567,0.128,0.128,0.128
68568,0.124,0.124,0.124
68569,0.146,0.146,0.146
68570,0.146,0.146,0.146
68571,0.144,0.144,0.144
68572,0.136,0.136,0.136
68573,0.132,0.132,0.132
68574,0.118,0.118,0.118
68575,0.13,0.13,0.13
68576,0.106,0.106,0.106
68577,0.116,0.116,0.116
68578,0.126,0.126,0.126
68579,0.12,0.12,0.12
68580,0.14,0.14,0.14
68581,0.126,0.126,0.126
68582,0.122,0.122,0.122
68583,0.118,0.118,0.118
68584,0.106,0.106,0.106
68585,0.118,0.118,0.118
68586,0.12,0.12,0.12
68587,0.108,0.108,0.108
68588,0.124,0.124,0.124
68589,0.126,0.126,0.126
68590,0.106,0.106,0.106
68591,0.098,0.098,0.098
68592,0.106,0.106,0.106
68593,0.116,0.116,0.116
68594,0.116,0.116,0.116
68595,0.13,0.13,0.13
68596,0.148,0.148,0.148
68597,0.154,0.154,0.154
68598,0.134,0.134,0.134
68599,0.154,0.154,0.154
68600,0.132,0.132,0.132
68601,0.126,0.126,0.126
68602,0.122,0.122,0.122
68603,0.134,0.134,0.134
68604,0.142,0.142,0.142
68605,0.136,0.136,0.136
68606,0.122,0.122,0.122
68607,0.16,0.16,0.16
68608,0.188,0.188,0.188
68609,0.154,0.154,0.154
68610,0.188,0.188,0.188
68611,0.17,0.17,0.17
68612,0.174,0.174,0.174
68613,0.17,0.17,0.17
68614,0.162,0.162,0.162
68615,0.158,0.158,0.158
68616,0.156,0.156,0.156
68617,0.164,0.164,0.164
68618,0.16,0.16,0.16
68619,0.164,0.164,0.164
68620,0.112,0.112,0.112
68621,0.154,0.154,0.154
68622,0.154,0.154,0.154
68623,0.154,0.154,0.154
68624,0.158,0.158,0.158
68625,0.156,0.156,0.156
68626,0.156,0.156,0.156
68627,0.16,0.16,0.16
68628,0.138,0.138,0.138
68629,0.15,0.15,0.15
68630,0.154,0.154,0.154
68631,0.162,0.162,0.162
68632,0.172,0.172,0.172
68633,0.17,0.17,0.17
68634,0.19,0.19,0.19
68635,0.23,0.23,0.23
68636,0.274,0.274,0.274
68637,0.246,0.246,0.246
68638,0.24,0.24,0.24
68639,0.276,0.276,0.276
68640,0.308,0.308,0.308
68641,0.248,0.248,0.248
68642,0.264,0.264,0.264
68643,0.262,0.262,0.262
68644,0.304,0.304,0.304
68645,0.302,0.302,0.302
68646,0.29,0.29,0.29
68647,0.246,0.246,0.246
68648,0.248,0.248,0.248
68649,0.244,0.244,0.244
68650,0.222,0.222,0.222
68651,0.228,0.228,0.228
68652,0.234,0.234,0.234
68653,0.238,0.238,0.238
68654,0.246,0.246,0.246
68655,0.242,0.242,0.242
68656,0.248,0.248,0.248
68657,0.238,0.238,0.238
68658,0.25,0.25,0.25
68659,0.248,0.248,0.248
68660,0.248,0.248,0.248
68661,0.278,0.278,0.278
68662,0.268,0.268,0.268
68663,0.274,0.274,0.274
68664,0.272,0.272,0.272
68665,0.276,0.276,0.276
68666,0.28,0.28,0.28
68667,0.288,0.288,0.288
68668,0.302,0.302,0.302
68669,0.298,0.298,0.298
68670,0.31,0.31,0.31
68671,0.312,0.312,0.312
68672,0.358,0.358,0.358
68673,0.342,0.342,0.342
68674,0.338,0.338,0.338
68675,0.338,0.296,0.296
68676,0.344,0.282,0.282
68677,0.342,0.268,0.268
68678,0.33,0.24,0.24
68679,0.332,0.224,0.224
68680,0.342,0.218,0.218
68681,0.336,0.184,0.184
68682,0.382,0.182,0.182
68683,0.368,0.17,0.17
68684,0.35,0.166,0.166
68685,0.376,0.152,0.152
68686,0.406,0.148,0.148
68687,0.39,0.12,0.12
68688,0.39,0.116,0.116
68689,0.372,0.102,0.102
68690,0.368,0.066,0.066
68691,0.38,0.042,0.042
68692,0.368,0.036,0.036
68693,0.372,0.02,0.02
68694,0.358,0.018,0.018
68695,0.366,0.016,0.016
68696,0.372,0.016,0.016
68697,0.382,0.01,0.01
68698,0.388,0.01,0.01
68699,0.39,0.004,0.004
68700,0.382,0.004,0.004
68701,0.386,0.004,0.004
68702,0.416,0.004,0.004
68703,0.406,0,0
68704,0.406,0,0
68705,0.404,0,0
68706,0.404,0,0
68707,0.402,0,0
68708,0.404,0,0
68709,0.426,0,0
68710,0.422,0,0
68711,0.418,0,0
68712,0.418,0,0
68713,0.412,0,0
68714,0.414,0,0
68715,0.398,0,0
68716,0.388,0,0
68717,0.39,0,0
68718,0.378,0,0
68719,0.374,0,0
68720,0.384,0,0
68721,0.446,0,0
68722,0.432,0,0
68723,0.442,0,0
68724,0.44,0,0
68725,0.432,0,0
68726,0.436,0,0
68727,0.432,0,0
68728,0.43,0,0
68729,0.43,0,0
68730,0.41,0,0
68731,0.422,0,0
68732,0.43,0,0
68733,0.426,0,0
68734,0.42,0,0
68735,0.434,0,0
68736,0.422,0,0
68737,0.428,0,0
68738,0.44,0,0
68739,0.428,0,0
68740,0.428,0,0
68741,0.418,0,0
68742,0.41,0,0
68743,0.416,0,0
68744,0.402,0,0
68745,0.398,0,0
68746,0.394,0,0
68747,0.396,0,0
68748,0.384,0,0
68749,0.378,0,0
68750,0.37,0,0
68751,0.36,0,0
68752,0.35,0,0
68753,0.35,0,0
68754,0.346,0,0
68755,0.342,0,0
68756,0.336,0,0
68757,0.332,0,0
68758,0.326,0,0
68759,0.314,0,0
68760,0.318,0,0
68761,0.312,0,0
68762,0.294,0,0
68763,0.292,0,0
68764,0.294,0,0
68765,0.288,0,0
68766,0.284,0,0
68767,0.292,0,0
68768,0.306,0,0
68769,0.296,0,0
68770,0.282,0,0
68771,0.268,0,0
68772,0.24,0,0
68773,0.224,0,0
68774,0.218,0,0
68775,0.184,0,0
68776,0.182,0,0
68777,0.17,0,0
68778,0.166,0,0
68779,0.152,0,0
68780,0.148,0,0
68781,0.12,0,0
68782,0.116,0,0
68783,0.102,0,0
68784,0.066,0,0
68785,0.042,0,0
68786,0.036,0,0
68787,0.02,0,0
68788,0.018,0,0
68789,0.016,0,0
68790,0.016,0,0
68791,0.01,0,0
68792,0.01,0,0
68793,0.004,0,0
68794,0.004,0,0
68795,0.004,0,0
68796,0.004,0,0
68797,0,0,0
68798,0,0,0
68799,0,0,0
68800,0,0,0
68801,0,0,0
68802,0,0,0
68803,0,0,0
68804,0,0,0
68805,0,0,0
68806,0,0,0
68807,0,0,0
68808,0,0,0
68809,0,0,0
68810,0,0,0
68811,0,0,0
68812,0,0,0
68813,0,0,0
68814,0,0,0
68815,0,0,0
68816,0,0,0
68817,0,0,0
68818,0,0,0
68819,0,0,0
68820,0,0,0
68821,0,0,0
68822,0,0,0
68823,0,0,0
68824,0,0,0
68825,0,0,0
68826,0,0,0
68827,0,0,0
68828,0,0,0
68829,0,0,0
68830,0,0,0
68831,0,0,0
68832,0,0,0
68833,0,0,0
68834,0,0,0
68835,0,0,0
68836,0,0,0
68837,0,0,0
68838,0,0,0
68839,0,0,0
68840,0,0,0
68841,0,0,0
68842,0,0,0
68843,0,0,0
68844,0,0,0
68845,0,0,0
68846,0,0,0
68847,0.008,0.008,0.008
68848,0,0,0
68849,0,0,0
68850,0,0,0
68851,0,0,0
68852,0,0,0
68853,0,0,0
68854,0,0,0
68855,0,0,0
68856,0,0,0
68857,0,0,0
68858,0,0,0
68859,0,0,0
68860,0,0,0
68861,0,0,0
68862,0,0,0
68863,0,0,0
68864,0,0,0
68865,0,0,0
68866,0,0,0
68867,0,0,0
68868,0,0,0
68869,0,0,0
68870,0,0,0
68871,0,0,0
68872,0,0,0
68873,0,0,0
68874,0,0,0
68875,0,0,0
68876,0,0,0
68877,0.004,0.004,0.004
68878,0,0,0
68879,0,0,0
68880,0,0,0
68881,0,0,0
68882,0,0,0
68883,0,0,0
68884,0,0,0
68885,0,0,0
68886,0,0,0
68887,0,0,0
68888,0,0,0
68889,0.004,0.004,0.004
68890,0.01,0.01,0.01
68891,0.014,0.014,0.014
68892,0.018,0.018,0.018
68893,0.02,0.02,0.02
68894,0.018,0.018,0.018
68895,0.018,0.018,0.018
68896,0.052,0.052,0.052
68897,0.052,0.052,0.052
68898,0.052,0.052,0.052
68899,0.046,0.046,0.046
68900,0.044,0.044,0.044
68901,0.044,0.044,0.044
68902,0.05,0.05,0.05
68903,0.046,0.046,0.046
68904,0.044,0.044,0.044
68905,0.038,0.038,0.038
68906,0.038,0.038,0.038
68907,0.038,0.038,0.038
68908,0.048,0.048,0.048
68909,0.058,0.058,0.058
68910,0.068,0.068,0.068
68911,0.058,0.058,0.058
68912,0.054,0.054,0.054
68913,0.05,0.05,0.05
68914,0.072,0.072,0.072
68915,0.088,0.088,0.088
68916,0.11,0.11,0.11
68917,0.098,0.098,0.098
68918,0.112,0.112,0.112
68919,0.104,0.104,0.104
68920,0.134,0.134,0.134
68921,0.14,0.14,0.14
68922,0.122,0.122,0.122
68923,0.118,0.118,0.118
68924,0.12,0.12,0.12
68925,0.106,0.106,0.106
68926,0.072,0.072,0.072
68927,0.054,0.054,0.054
68928,0.054,0.054,0.054
68929,0.12,0.12,0.12
68930,0.168,0.168,0.168
68931,0.15,0.15,0.15
68932,0.128,0.128,0.128
68933,0.124,0.124,0.124
68934,0.146,0.146,0.146
68935,0.146,0.146,0.146
68936,0.144,0.144,0.144
68937,0.136,0.136,0.136
68938,0.132,0.132,0.132
68939,0.118,0.118,0.118
68940,0.13,0.13,0.13
68941,0.106,0.106,0.106
68942,0.116,0.116,0.116
68943,0.126,0.126,0.126
68944,0.12,0.12,0.12
68945,0.14,0.14,0.14
68946,0.126,0.126,0.126
68947,0.122,0.122,0.122
68948,0.118,0.118,0.118
68949,0.106,0.106,0.106
68950,0.118,0.118,0.118
68951,0.12,0.12,0.12
68952,0.108,0.108,0.108
68953,0.124,0.124,0.124
68954,0.126,0.126,0.126
68955,0.106,0.106,0.106
68956,0.098,0.098,0.098
68957,0.106,0.106,0.106
68958,0.116,0.116,0.116
68959,0.116,0.116,0.116
68960,0.13,0.13,0.13
68961,0.148,0.148,0.148
68962,0.154,0.154,0.154
68963,0.134,0.134,0.134
68964,0.154,0.154,0.154
68965,0.132,0.132,0.132
68966,0.126,0.126,0.126
68967,0.122,0.122,0.122
68968,0.134,0.134,0.134
68969,0.142,0.142,0.142
68970,0.136,0.136,0.136
68971,0.122,0.122,0.122
68972,0.16,0.16,0.16
68973,0.188,0.188,0.188
68974,0.154,0.154,0.154
68975,0.188,0.188,0.188
68976,0.17,0.17,0.17
68977,0.174,0.174,0.174
68978,0.17,0.17,0.17
68979,0.162,0.162,0.162
68980,0.158,0.158,0.158
68981,0.156,0.156,0.156
68982,0.164,0.164,0.164
68983,0.16,0.16,0.16
68984,0.164,0.164,0.164
68985,0.112,0.112,0.112
68986,0.154,0.154,0.154
68987,0.154,0.154,0.154
68988,0.154,0.154,0.154
68989,0.158,0.158,0.158
68990,0.156,0.156,0.156
68991,0.156,0.156,0.156
68992,0.16,0.16,0.16
68993,0.138,0.138,0.138
68994,0.15,0.15,0.15
68995,0.154,0.154,0.154
68996,0.162,0.162,0.162
68997,0.172,0.172,0.172
68998,0.17,0.17,0.17
68999,0.19,0.19,0.19
69000,0.23,0.23,0.23
69001,0.274,0.274,0.274
69002,0.246,0.246,0.246
69003,0.24,0.24,0.24
69004,0.276,0.276,0.276
69005,0.308,0.308,0.308
69006,0.248,0.248,0.248
69007,0.264,0.264,0.264
69008,0.262,0.262,0.262
69009,0.304,0.304,0.304
69010,0.302,0.302,0.302
69011,0.29,0.29,0.29
69012,0.246,0.246,0.246
69013,0.248,0.248,0.248
69014,0.244,0.244,0.244
69015,0.222,0.222,0.222
69016,0.228,0.228,0.228
69017,0.234,0.234,0.234
69018,0.238,0.238,0.238
69019,0.246,0.246,0.246
69020,0.242,0.242,0.242
69021,0.248,0.248,0.248
69022,0.238,0.238,0.238
69023,0.25,0.25,0.25
69024,0.248,0.248,0.248
69025,0.248,0.248,0.248
69026,0.278,0.278,0.278
69027,0.268,0.268,0.268
69028,0.274,0.274,0.274
69029,0.272,0.272,0.272
69030,0.276,0.276,0.276
69031,0.28,0.28,0.28
69032,0.288,0.288,0.288
69033,0.302,0.302,0.302
69034,0.298,0.298,0.298
69035,0.31,0.31,0.31
69036,0.312,0.312,0.312
69037,0.358,0.358,0.358
69038,0.342,0.342,0.342
69039,0.338,0.338,0.338
69040,0.338,0.296,0.296
69041,0.344,0.282,0.282
69042,0.342,0.268,0.268
69043,0.33,0.24,0.24
69044,0.332,0.224,0.224
69045,0.342,0.218,0.218
69046,0.336,0.184,0.184
69047,0.382,0.182,0.182
69048,0.368,0.17,0.17
69049,0.35,0.166,0.166
69050,0.376,0.152,0.152
69051,0.406,0.148,0.148
69052,0.39,0.12,0.12
69053,0.39,0.116,0.116
69054,0.372,0.102,0.102
69055,0.368,0.066,0.066
69056,0.38,0.042,0.042
69057,0.368,0.036,0.036
69058,0.372,0.02,0.02
69059,0.358,0.018,0.018
69060,0.366,0.016,0.016
69061,0.372,0.016,0.016
69062,0.382,0.01,0.01
69063,0.388,0.01,0.01
69064,0.39,0.004,0.004
69065,0.382,0.004,0.004
69066,0.386,0.004,0.004
69067,0.416,0.004,0.004
69068,0.406,0,0
69069,0.406,0,0
69070,0.404,0,0
69071,0.404,0,0
69072,0.402,0,0
69073,0.404,0,0
69074,0.426,0,0
69075,0.422,0,0
69076,0.418,0,0
69077,0.418,0,0
69078,0.412,0,0
69079,0.414,0,0
69080,0.398,0,0
69081,0.388,0,0
69082,0.39,0,0
69083,0.378,0,0
69084,0.374,0,0
69085,0.384,0,0
69086,0.446,0,0
69087,0.432,0,0
69088,0.442,0,0
69089,0.44,0,0
69090,0.432,0,0
69091,0.436,0,0
69092,0.432,0,0
69093,0.43,0,0
69094,0.43,0,0
69095,0.41,0,0
69096,0.422,0,0
69097,0.43,0,0
69098,0.426,0,0
69099,0.42,0,0
69100,0.434,0,0
69101,0.422,0,0
69102,0.428,0,0
69103,0.44,0,0
69104,0.428,0,0
69105,0.428,0,0
69106,0.418,0,0
69107,0.41,0,0
69108,0.416,0,0
69109,0.402,0,0
69110,0.398,0,0
69111,0.394,0,0
69112,0.396,0,0
69113,0.384,0,0
69114,0.378,0,0
69115,0.37,0,0
69116,0.36,0,0
69117,0.35,0,0
69118,0.35,0,0
69119,0.346,0,0
69120,0.342,0,0
69121,0.336,0,0
69122,0.332,0,0
69123,0.326,0,0
69124,0.314,0,0
69125,0.318,0,0
69126,0.312,0,0
69127,0.294,0,0
69128,0.292,0,0
69129,0.294,0,0
69130,0.288,0,0
69131,0.284,0,0
69132,0.292,0,0
69133,0.306,0,0
69134,0.296,0,0
69135,0.282,0,0
69136,0.268,0,0
69137,0.24,0,0
69138,0.224,0,0
69139,0.218,0,0
69140,0.184,0,0
69141,0.182,0,0
69142,0.17,0,0
69143,0.166,0,0
69144,0.152,0,0
69145,0.148,0,0
69146,0.12,0,0
69147,0.116,0,0
69148,0.102,0,0
69149,0.066,0,0
69150,0.042,0,0
69151,0.036,0,0
69152,0.02,0,0
69153,0.018,0,0
69154,0.016,0,0
69155,0.016,0,0
69156,0.01,0,0
69157,0.01,0,0
69158,0.004,0,0
69159,0.004,0,0
69160,0.004,0,0
69161,0.004,0,0
69162,0,0,0
69163,0,0,0
69164,0,0,0
69165,0,0,0
69166,0,0,0
69167,0,0,0
69168,0,0,0
69169,0,0,0
69170,0,0,0
69171,0,0,0
69172,0,0,0
69173,0,0,0
69174,0,0,0
69175,0,0,0
69176,0,0,0
69177,0,0,0
69178,0,0,0
69179,0,0,0
69180,0,0,0
69181,0,0,0
69182,0,0,0
69183,0,0,0
69184,0,0,0
69185,0,0,0
69186,0,0,0
69187,0,0,0
69188,0,0,0
69189,0,0,0
69190,0,0,0
69191,0,0,0
69192,0,0,0
69193,0,0,0
69194,0,0,0
69195,0,0,0
69196,0,0,0
69197,0,0,0
69198,0,0,0
69199,0,0,0
69200,0,0,0
69201,0,0,0
69202,0,0,0
69203,0,0,0
69204,0,0,0
69205,0,0,0
69206,0,0,0
69207,0,0,0
69208,0,0,0
69209,0,0,0
69210,0,0,0
69211,0,0,0
69212,0.008,0.008,0.008
69213,0,0,0
69214,0,0,0
69215,0,0,0
69216,0,0,0
69217,0,0,0
69218,0,0,0
69219,0,0,0
69220,0,0,0
69221,0,0,0
69222,0,0,0
69223,0,0,0
69224,0,0,0
69225,0,0,0
69226,0,0,0
69227,0,0,0
69228,0,0,0
69229,0,0,0
69230,0,0,0
69231,0,0,0
69232,0,0,0
69233,0,0,0
69234,0,0,0
69235,0,0,0
69236,0,0,0
69237,0,0,0
69238,0,0,0
69239,0,0,0
69240,0,0,0
69241,0,0,0
69242,0.004,0.004,0.004
69243,0,0,0
69244,0,0,0
69245,0,0,0
69246,0,0,0
69247,0,0,0
69248,0,0,0
69249,0,0,0
69250,0,0,0
69251,0,0,0
69252,0,0,0
69253,0,0,0
69254,0.004,0.004,0.004
69255,0.01,0.01,0.01
69256,0.014,0.014,0.014
69257,0.018,0.018,0.018
69258,0.02,0.02,0.02
69259,0.018,0.018,0.018
69260,0.018,0.018,0.018
69261,0.052,0.052,0.052
69262,0.052,0.052,0.052
69263,0.052,0.052,0.052
69264,0.046,0.046,0.046
69265,0.044,0.044,0.044
69266,0.044,0.044,0.044
69267,0.05,0.05,0.05
69268,0.046,0.046,0.046
69269,0.044,0.044,0.044
69270,0.038,0.038,0.038
69271,0.038,0.038,0.038
69272,0.038,0.038,0.038
69273,0.048,0.048,0.048
69274,0.058,0.058,0.058
69275,0.068,0.068,0.068
69276,0.058,0.058,0.058
69277,0.054,0.054,0.054
69278,0.05,0.05,0.05
69279,0.072,0.072,0.072
69280,0.088,0.088,0.088
69281,0.11,0.11,0.11
69282,0.098,0.098,0.098
69283,0.112,0.112,0.112
69284,0.104,0.104,0.104
69285,0.134,0.134,0.134
69286,0.14,0.14,0.14
69287,0.122,0.122,0.122
69288,0.118,0.118,0.118
69289,0.12,0.12,0.12
69290,0.106,0.106,0.106
69291,0.072,0.072,0.072
69292,0.054,0.054,0.054
69293,0.054,0.054,0.054
69294,0.12,0.12,0.12
69295,0.168,0.168,0.168
69296,0.15,0.15,0.15
69297,0.128,0.128,0.128
69298,0.124,0.124,0.124
69299,0.146,0.146,0.146
69300,0.146,0.146,0.146
69301,0.144,0.144,0.144
69302,0.136,0.136,0.136
69303,0.132,0.132,0.132
69304,0.118,0.118,0.118
69305,0.13,0.13,0.13
69306,0.106,0.106,0.106
69307,0.116,0.116,0.116
69308,0.126,0.126,0.126
69309,0.12,0.12,0.12
69310,0.14,0.14,0.14
69311,0.126,0.126,0.126
69312,0.122,0.122,0.122
69313,0.118,0.118,0.118
69314,0.106,0.106,0.106
69315,0.118,0.118,0.118
69316,0.12,0.12,0.12
69317,0.108,0.108,0.108
69318,0.124,0.124,0.124
69319,0.126,0.126,0.126
69320,0.106,0.106,0.106
69321,0.098,0.098,0.098
69322,0.106,0.106,0.106
69323,0.116,0.116,0.116
69324,0.116,0.116,0.116
69325,0.13,0.13,0.13
69326,0.148,0.148,0.148
69327,0.154,0.154,0.154
69328,0.134,0.134,0.134
69329,0.154,0.154,0.154
69330,0.132,0.132,0.132
69331,0.126,0.126,0.126
69332,0.122,0.122,0.122
69333,0.134,0.134,0.134
69334,0.142,0.142,0.142
69335,0.136,0.136,0.136
69336,0.122,0.122,0.122
69337,0.16,0.16,0.16
69338,0.188,0.188,0.188
69339,0.154,0.154,0.154
69340,0.188,0.188,0.188
69341,0.17,0.17,0.17
69342,0.174,0.174,0.174
69343,0.17,0.17,0.17
69344,0.162,0.162,0.162
69345,0.158,0.158,0.158
69346,0.156,0.156,0.156
69347,0.164,0.164,0.164
69348,0.16,0.16,0.16
69349,0.164,0.164,0.164
69350,0.112,0.112,0.112
69351,0.154,0.154,0.154
69352,0.154,0.154,0.154
69353,0.154,0.154,0.154
69354,0.158,0.158,0.158
69355,0.156,0.156,0.156
69356,0.156,0.156,0.156
69357,0.16,0.16,0.16
69358,0.138,0.138,0.138
69359,0.15,0.15,0.15
69360,0.154,0.154,0.154
69361,0.162,0.162,0.162
69362,0.172,0.172,0.172
69363,0.17,0.17,0.17
69364,0.19,0.19,0.19
69365,0.23,0.23,0.23
69366,0.274,0.274,0.274
69367,0.246,0.246,0.246
69368,0.24,0.24,0.24
69369,0.276,0.276,0.276
69370,0.308,0.308,0.308
69371,0.248,0.248,0.248
69372,0.264,0.264,0.264
69373,0.262,0.262,0.262
69374,0.304,0.304,0.304
69375,0.302,0.302,0.302
69376,0.29,0.29,0.29
69377,0.246,0.246,0.246
69378,0.248,0.248,0.248
69379,0.244,0.244,0.244
69380,0.222,0.222,0.222
69381,0.228,0.228,0.228
69382,0.234,0.234,0.234
69383,0.238,0.238,0.238
69384,0.246,0.246,0.246
69385,0.242,0.242,0.242
69386,0.248,0.248,0.248
69387,0.238,0.238,0.238
69388,0.25,0.25,0.25
69389,0.248,0.248,0.248
69390,0.248,0.248,0.248
69391,0.278,0.278,0.278
69392,0.268,0.268,0.268
69393,0.274,0.274,0.274
69394,0.272,0.272,0.272
69395,0.276,0.276,0.276
69396,0.28,0.28,0.28
69397,0.288,0.288,0.288
69398,0.302,0.302,0.302
69399,0.298,0.298,0.298
69400,0.31,0.31,0.31
69401,0.312,0.312,0.312
69402,0.358,0.358,0.358
69403,0.342,0.342,0.342
69404,0.338,0.296,0.296
69405,0.338,0.282,0.282
69406,0.344,0.268,0.268
69407,0.342,0.24,0.24
69408,0.33,0.224,0.224
69409,0.332,0.218,0.218
69410,0.342,0.184,0.184
69411,0.336,0.182,0.182
69412,0.382,0.17,0.17
69413,0.368,0.166,0.166
69414,0.35,0.152,0.152
69415,0.376,0.148,0.148
69416,0.406,0.12,0.12
69417,0.39,0.116,0.116
69418,0.39,0.102,0.102
69419,0.372,0.066,0.066
69420,0.368,0.042,0.042
69421,0.38,0.036,0.036
69422,0.368,0.02,0.02
69423,0.372,0.018,0.018
69424,0.358,0.016,0.016
69425,0.366,0.016,0.016
69426,0.372,0.01,0.01
69427,0.382,0.01,0.01
69428,0.388,0.004,0.004
69429,0.39,0.004,0.004
69430,0.382,0.004,0.004
69431,0.386,0.004,0.004
69432,0.416,0,0
69433,0.406,0,0
69434,0.406,0,0
69435,0.404,0,0
69436,0.404,0,0
69437,0.402,0,0
69438,0.404,0,0
69439,0.426,0,0
69440,0.422,0,0
69441,0.418,0,0
69442,0.418,0,0
69443,0.412,0,0
69444,0.414,0,0
69445,0.398,0,0
69446,0.388,0,0
69447,0.39,0,0
69448,0.378,0,0
69449,0.374,0,0
69450,0.384,0,0
69451,0.446,0,0
69452,0.432,0,0
69453,0.442,0,0
69454,0.44,0,0
69455,0.432,0,0
69456,0.436,0,0
69457,0.432,0,0
69458,0.43,0,0
69459,0.43,0,0
69460,0.41,0,0
69461,0.422,0,0
69462,0.43,0,0
69463,0.426,0,0
69464,0.42,0,0
69465,0.434,0,0
69466,0.422,0,0
69467,0.428,0,0
69468,0.44,0,0
69469,0.428,0,0
69470,0.428,0,0
69471,0.418,0,0
69472,0.41,0,0
69473,0.416,0,0
69474,0.402,0,0
69475,0.398,0,0
69476,0.394,0,0
69477,0.396,0,0
69478,0.384,0,0
69479,0.378,0,0
69480,0.37,0,0
69481,0.36,0,0
69482,0.35,0,0
69483,0.35,0,0
69484,0.346,0,0
69485,0.342,0,0
69486,0.336,0,0
69487,0.332,0,0
69488,0.326,0,0
69489,0.314,0,0
69490,0.318,0,0
69491,0.312,0,0
69492,0.294,0,0
69493,0.292,0,0
69494,0.294,0,0
69495,0.288,0,0
69496,0.284,0,0
69497,0.292,0,0
69498,0.306,0,0
69499,0.296,0,0
69500,0.282,0,0
69501,0.268,0,0
69502,0.24,0,0
69503,0.224,0,0
69504,0.218,0,0
69505,0.184,0,0
69506,0.182,0,0
69507,0.17,0,0
69508,0.166,0,0
69509,0.152,0,0
69510,0.148,0,0
69511,0.12,0,0
69512,0.116,0,0
69513,0.102,0,0
69514,0.066,0,0
69515,0.042,0,0
69516,0.036,0,0
69517,0.02,0,0
69518,0.018,0,0
69519,0.016,0,0
69520,0.016,0,0
69521,0.01,0,0
69522,0.01,0,0
69523,0.004,0,0
69524,0.004,0,0
69525,0.004,0,0
69526,0.004,0,0
69527,0,0,0
69528,0,0,0
69529,0,0,0
69530,0,0,0
69531,0,0,0
69532,0,0,0
69533,0,0,0
69534,0,0,0
69535,0,0,0
69536,0,0,0
69537,0,0,0
69538,0,0,0
69539,0,0,0
69540,0,0,0
69541,0,0,0
69542,0,0,0
69543,0,0,0
69544,0,0,0
69545,0,0,0
69546,0,0,0
69547,0,0,0
69548,0,0,0
69549,0,0,0
69550,0,0,0
69551,0,0,0
69552,0,0,0
69553,0,0,0
69554,0,0,0
69555,0,0,0
69556,0,0,0
69557,0,0,0
69558,0,0,0
69559,0,0,0
69560,0,0,0
69561,0,0,0
69562,0,0,0
69563,0,0,0
69564,0,0,0
69565,0,0,0
69566,0,0,0
69567,0,0,0
69568,0,0,0
69569,0,0,0
69570,0,0,0
69571,0,0,0
69572,0,0,0
69573,0,0,0
69574,0,0,0
69575,0,0,0
69576,0,0,0
69577,0.008,0.008,0.008
69578,0,0,0
69579,0,0,0
69580,0,0,0
69581,0,0,0
69582,0,0,0
69583,0,0,0
69584,0,0,0
69585,0,0,0
69586,0,0,0
69587,0,0,0
69588,0,0,0
69589,0,0,0
69590,0,0,0
69591,0,0,0
69592,0,0,0
69593,0,0,0
69594,0,0,0
69595,0,0,0
69596,0,0,0
69597,0,0,0
69598,0,0,0
69599,0,0,0
69600,0,0,0
69601,0,0,0
69602,0,0,0
69603,0,0,0
69604,0,0,0
69605,0,0,0
69606,0,0,0
69607,0.004,0.004,0.004
69608,0,0,0
69609,0,0,0
69610,0,0,0
69611,0,0,0
69612,0,0,0
69613,0,0,0
69614,0,0,0
69615,0,0,0
69616,0,0,0
69617,0,0,0
69618,0,0,0
69619,0.004,0.004,0.004
69620,0.01,0.01,0.01
69621,0.014,0.014,0.014
69622,0.018,0.018,0.018
69623,0.02,0.02,0.02
69624,0.018,0.018,0.018
69625,0.018,0.018,0.018
69626,0.052,0.052,0.052
69627,0.052,0.052,0.052
69628,0.052,0.052,0.052
69629,0.046,0.046,0.046
69630,0.044,0.044,0.044
69631,0.044,0.044,0.044
69632,0.05,0.05,0.05
69633,0.046,0.046,0.046
69634,0.044,0.044,0.044
69635,0.038,0.038,0.038
69636,0.038,0.038,0.038
69637,0.038,0.038,0.038
69638,0.048,0.048,0.048
69639,0.058,0.058,0.058
69640,0.068,0.068,0.068
69641,0.058,0.058,0.058
69642,0.054,0.054,0.054
69643,0.05,0.05,0.05
69644,0.072,0.072,0.072
69645,0.088,0.088,0.088
69646,0.11,0.11,0.11
69647,0.098,0.098,0.098
69648,0.112,0.112,0.112
69649,0.104,0.104,0.104
69650,0.134,0.134,0.134
69651,0.14,0.14,0.14
69652,0.122,0.122,0.122
69653,0.118,0.118,0.118
69654,0.12,0.12,0.12
69655,0.106,0.106,0.106
69656,0.072,0.072,0.072
69657,0.054,0.054,0.054
69658,0.054,0.054,0.054
69659,0.12,0.12,0.12
69660,0.168,0.168,0.168
69661,0.15,0.15,0.15
69662,0.128,0.128,0.128
69663,0.124,0.124,0.124
69664,0.146,0.146,0.146
69665,0.146,0.146,0.146
69666,0.144,0.144,0.144
69667,0.136,0.136,0.136
69668,0.132,0.132,0.132
69669,0.118,0.118,0.118
69670,0.13,0.13,0.13
69671,0.106,0.106,0.106
69672,0.116,0.116,0.116
69673,0.126,0.126,0.126
69674,0.12,0.12,0.12
69675,0.14,0.14,0.14
69676,0.126,0.126,0.126
69677,0.122,0.122,0.122
69678,0.118,0.118,0.118
69679,0.106,0.106,0.106
69680,0.118,0.118,0.118
69681,0.12,0.12,0.12
69682,0.108,0.108,0.108
69683,0.124,0.124,0.124
69684,0.126,0.126,0.126
69685,0.106,0.106,0.106
69686,0.098,0.098,0.098
69687,0.106,0.106,0.106
69688,0.116,0.116,0.116
69689,0.116,0.116,0.116
69690,0.13,0.13,0.13
69691,0.148,0.148,0.148
69692,0.154,0.154,0.154
69693,0.134,0.134,0.134
69694,0.154,0.154,0.154
69695,0.132,0.132,0.132
69696,0.126,0.126,0.126
69697,0.122,0.122,0.122
69698,0.134,0.134,0.134
69699,0.142,0.142,0.142
69700,0.136,0.136,0.136
69701,0.122,0.122,0.122
69702,0.16,0.16,0.16
69703,0.188,0.188,0.188
69704,0.154,0.154,0.154
69705,0.188,0.188,0.188
69706,0.17,0.17,0.17
69707,0.174,0.174,0.174
69708,0.17,0.17,0.17
69709,0.162,0.162,0.162
69710,0.158,0.158,0.158
69711,0.156,0.156,0.156
69712,0.164,0.164,0.164
69713,0.16,0.16,0.16
69714,0.164,0.164,0.164
69715,0.112,0.112,0.112
69716,0.154,0.154,0.154
69717,0.154,0.154,0.154
69718,0.154,0.154,0.154
69719,0.158,0.158,0.158
69720,0.156,0.156,0.156
69721,0.156,0.156,0.156
69722,0.16,0.16,0.16
69723,0.138,0.138,0.138
69724,0.15,0.15,0.15
69725,0.154,0.154,0.154
69726,0.162,0.162,0.162
69727,0.172,0.172,0.172
69728,0.17,0.17,0.17
69729,0.19,0.19,0.19
69730,0.23,0.23,0.23
69731,0.274,0.274,0.274
69732,0.246,0.246,0.246
69733,0.24,0.24,0.24
69734,0.276,0.276,0.276
69735,0.308,0.308,0.308
69736,0.248,0.248,0.248
69737,0.264,0.264,0.264
69738,0.262,0.262,0.262
69739,0.304,0.304,0.304
69740,0.302,0.302,0.302
69741,0.29,0.29,0.29
69742,0.246,0.246,0.246
69743,0.248,0.248,0.248
69744,0.244,0.244,0.244
69745,0.222,0.222,0.222
69746,0.228,0.228,0.228
69747,0.234,0.234,0.234
69748,0.238,0.238,0.238
69749,0.246,0.246,0.246
69750,0.242,0.242,0.242
69751,0.248,0.248,0.248
69752,0.238,0.238,0.238
69753,0.25,0.25,0.25
69754,0.248,0.248,0.248
69755,0.248,0.248,0.248
69756,0.278,0.278,0.278
69757,0.268,0.268,0.268
69758,0.274,0.274,0.274
69759,0.272,0.272,0.272
69760,0.276,0.276,0.276
69761,0.28,0.28,0.28
69762,0.288,0.288,0.288
69763,0.302,0.302,0.302
69764,0.298,0.298,0.298
69765,0.31,0.31,0.31
69766,0.312,0.312,0.312
69767,0.358,0.358,0.358
69768,0.342,0.342,0.342
69769,0.338,0.296,0.296
69770,0.338,0.282,0.282
69771,0.344,0.268,0.268
69772,0.342,0.24,0.24
69773,0.33,0.224,0.224
69774,0.332,0.218,0.218
69775,0.342,0.184,0.184
69776,0.336,0.182,0.182
69777,0.382,0.17,0.17
69778,0.368,0.166,0.166
69779,0.35,0.152,0.152
69780,0.376,0.148,0.148
69781,0.406,0.12,0.12
69782,0.39,0.116,0.116
69783,0.39,0.102,0.102
69784,0.372,0.066,0.066
69785,0.368,0.042,0.042
69786,0.38,0.036,0.036
69787,0.368,0.02,0.02
69788,0.372,0.018,0.018
69789,0.358,0.016,0.016
69790,0.366,0.016,0.016
69791,0.372,0.01,0.01
69792,0.382,0.01,0.01
69793,0.388,0.004,0.004
69794,0.39,0.004,0.004
69795,0.382,0.004,0.004
69796,0.386,0.004,0.004
69797,0.416,0,0
69798,0.406,0,0
69799,0.406,0,0
69800,0.404,0,0
69801,0.404,0,0
69802,0.402,0,0
69803,0.404,0,0
69804,0.426,0,0
69805,0.422,0,0
69806,0.418,0,0
69807,0.418,0,0
69808,0.412,0,0
69809,0.414,0,0
69810,0.398,0,0
69811,0.388,0,0
69812,0.39,0,0
69813,0.378,0,0
69814,0.374,0,0
69815,0.384,0,0
69816,0.446,0,0
69817,0.432,0,0
69818,0.442,0,0
69819,0.44,0,0
69820,0.432,0,0
69821,0.436,0,0
69822,0.432,0,0
69823,0.43,0,0
69824,0.43,0,0
69825,0.41,0,0
69826,0.422,0,0
69827,0.43,0,0
69828,0.426,0,0
69829,0.42,0,0
69830,0.434,0,0
69831,0.422,0,0
69832,0.428,0,0
69833,0.44,0,0
69834,0.428,0,0
69835,0.428,0,0
69836,0.418,0,0
69837,0.41,0,0
69838,0.416,0,0
69839,0.402,0,0
69840,0.398,0,0
69841,0.394,0,0
69842,0.396,0,0
69843,0.384,0,0
69844,0.378,0,0
69845,0.37,0,0
69846,0.36,0,0
69847,0.35,0,0
69848,0.35,0,0
69849,0.346,0,0
69850,0.342,0,0
69851,0.336,0,0
69852,0.332,0,0
69853,0.326,0,0
69854,0.314,0,0
69855,0.318,0,0
69856,0.312,0,0
69857,0.294,0,0
69858,0.292,0,0
69859,0.294,0,0
69860,0.288,0,0
69861,0.284,0,0
69862,0.292,0,0
69863,0.306,0,0
69864,0.296,0,0
69865,0.282,0,0
69866,0.268,0,0
69867,0.24,0,0
69868,0.224,0,0
69869,0.218,0,0
69870,0.184,0,0
69871,0.182,0,0
69872,0.17,0,0
69873,0.166,0,0
69874,0.152,0,0
69875,0.148,0,0
69876,0.12,0,0
69877,0.116,0,0
69878,0.102,0,0
69879,0.066,0,0
69880,0.042,0,0
69881,0.036,0,0
69882,0.02,0,0
69883,0.018,0,0
69884,0.016,0,0
69885,0.016,0,0
69886,0.01,0,0
69887,0.01,0,0
69888,0.004,0,0
69889,0.004,0,0
69890,0.004,0,0
69891,0.004,0,0
69892,0,0,0
69893,0,0,0
69894,0,0,0
69895,0,0,0
69896,0,0,0
69897,0,0,0
69898,0,0,0
69899,0,0,0
69900,0,0,0
69901,0,0,0
69902,0,0,0
69903,0,0,0
69904,0,0,0
69905,0,0,0
69906,0,0,0
69907,0,0,0
69908,0,0,0
69909,0,0,0
69910,0,0,0
69911,0,0,0
69912,0,0,0
69913,0,0,0
69914,0,0,0
69915,0,0,0
69916,0,0,0
69917,0,0,0
69918,0,0,0
69919,0,0,0
69920,0,0,0
69921,0,0,0
69922,0,0,0
69923,0,0,0
69924,0,0,0
69925,0,0,0
69926,0,0,0
69927,0,0,0
69928,0,0,0
69929,0,0,0
69930,0,0,0
69931,0,0,0
69932,0,0,0
69933,0,0,0
69934,0,0,0
69935,0,0,0
69936,0,0,0
69937,0,0,0
69938,0,0,0
69939,0,0,0
69940,0,0,0
69941,0,0,0
69942,0.008,0.008,0.008
69943,0,0,0
69944,0,0,0
69945,0,0,0
69946,0,0,0
69947,0,0,0
69948,0,0,0
69949,0,0,0
69950,0,0,0
69951,0,0,0
69952,0,0,0
69953,0,0,0
69954,0,0,0
69955,0,0,0
69956,0,0,0
69957,0,0,0
69958,0,0,0
69959,0,0,0
69960,0,0,0
69961,0,0,0
69962,0,0,0
69963,0,0,0
69964,0,0,0
69965,0,0,0
69966,0,0,0
69967,0,0,0
69968,0,0,0
69969,0,0,0
69970,0,0,0
69971,0,0,0
69972,0.004,0.004,0.004
69973,0,0,0
69974,0,0,0
69975,0,0,0
69976,0,0,0
69977,0,0,0
69978,0,0,0
69979,0,0,0
69980,0,0,0
69981,0,0,0
69982,0,0,0
69983,0,0,0
69984,0.004,0.004,0.004
69985,0.01,0.01,0.01
69986,0.014,0.014,0.014
69987,0.018,0.018,0.018
69988,0.02,0.02,0.02
69989,0.018,0.018,0.018
69990,0.018,0.018,0.018
69991,0.052,0.052,0.052
69992,0.052,0.052,0.052
69993,0.052,0.052,0.052
69994,0.046,0.046,0.046
69995,0.044,0.044,0.044
69996,0.044,0.044,0.044
69997,0.05,0.05,0.05
69998,0.046,0.046,0.046
69999,0.044,0.044,0.044
70000,0.038,0.038,0.038
70001,0.038,0.038,0.038
70002,0.038,0.038,0.038
70003,0.048,0.048,0.048
70004,0.058,0.058,0.058
70005,0.068,0.068,0.068
70006,0.058,0.058,0.058
70007,0.054,0.054,0.054
70008,0.05,0.05,0.05
70009,0.072,0.072,0.072
70010,0.088,0.088,0.088
70011,0.11,0.11,0.11
70012,0.098,0.098,0.098
70013,0.112,0.112,0.112
70014,0.104,0.104,0.104
70015,0.134,0.134,0.134
70016,0.14,0.14,0.14
70017,0.122,0.122,0.122
70018,0.118,0.118,0.118
70019,0.12,0.12,0.12
70020,0.106,0.106,0.106
70021,0.072,0.072,0.072
70022,0.054,0.054,0.054
70023,0.054,0.054,0.054
70024,0.12,0.12,0.12
70025,0.168,0.168,0.168
70026,0.15,0.15,0.15
70027,0.128,0.128,0.128
70028,0.124,0.124,0.124
70029,0.146,0.146,0.146
70030,0.146,0.146,0.146
70031,0.144,0.144,0.144
70032,0.136,0.136,0.136
70033,0.132,0.132,0.132
70034,0.118,0.118,0.118
70035,0.13,0.13,0.13
70036,0.106,0.106,0.106
70037,0.116,0.116,0.116
70038,0.126,0.126,0.126
70039,0.12,0.12,0.12
70040,0.14,0.14,0.14
70041,0.126,0.126,0.126
70042,0.122,0.122,0.122
70043,0.118,0.118,0.118
70044,0.106,0.106,0.106
70045,0.118,0.118,0.118
70046,0.12,0.12,0.12
70047,0.108,0.108,0.108
70048,0.124,0.124,0.124
70049,0.126,0.126,0.126
70050,0.106,0.106,0.106
70051,0.098,0.098,0.098
70052,0.106,0.106,0.106
70053,0.116,0.116,0.116
70054,0.116,0.116,0.116
70055,0.13,0.13,0.13
70056,0.148,0.148,0.148
70057,0.154,0.154,0.154
70058,0.134,0.134,0.134
70059,0.154,0.154,0.154
70060,0.132,0.132,0.132
70061,0.126,0.126,0.126
70062,0.122,0.122,0.122
70063,0.134,0.134,0.134
70064,0.142,0.142,0.142
70065,0.136,0.136,0.136
70066,0.122,0.122,0.122
70067,0.16,0.16,0.16
70068,0.188,0.188,0.188
70069,0.154,0.154,0.154
70070,0.188,0.188,0.188
70071,0.17,0.17,0.17
70072,0.174,0.174,0.174
70073,0.17,0.17,0.17
70074,0.162,0.162,0.162
70075,0.158,0.158,0.158
70076,0.156,0.156,0.156
70077,0.164,0.164,0.164
70078,0.16,0.16,0.16
70079,0.164,0.164,0.164
70080,0.112,0.112,0.112
70081,0.154,0.154,0.154
70082,0.154,0.154,0.154
70083,0.154,0.154,0.154
70084,0.158,0.158,0.158
70085,0.156,0.156,0.156
70086,0.156,0.156,0.156
70087,0.16,0.16,0.16
70088,0.138,0.138,0.138
70089,0.15,0.15,0.15
70090,0.154,0.154,0.154
70091,0.162,0.162,0.162
70092,0.172,0.172,0.172
70093,0.17,0.17,0.17
70094,0.19,0.19,0.19
70095,0.23,0.23,0.23
70096,0.274,0.274,0.274
70097,0.246,0.246,0.246
70098,0.24,0.24,0.24
70099,0.276,0.276,0.276
70100,0.308,0.308,0.308
70101,0.248,0.248,0.248
70102,0.264,0.264,0.264
70103,0.262,0.262,0.262
70104,0.304,0.304,0.304
70105,0.302,0.302,0.302
70106,0.29,0.29,0.29
70107,0.246,0.246,0.246
70108,0.248,0.248,0.248
70109,0.244,0.244,0.244
70110,0.222,0.222,0.222
70111,0.228,0.228,0.228
70112,0.234,0.234,0.234
70113,0.238,0.238,0.238
70114,0.246,0.246,0.246
70115,0.242,0.242,0.242
70116,0.248,0.248,0.248
70117,0.238,0.238,0.238
70118,0.25,0.25,0.25
70119,0.248,0.248,0.248
70120,0.248,0.248,0.248
70121,0.278,0.278,0.278
70122,0.268,0.268,0.268
70123,0.274,0.274,0.274
70124,0.272,0.272,0.272
70125,0.276,0.276,0.276
70126,0.28,0.28,0.28
70127,0.288,0.288,0.288
70128,0.302,0.302,0.302
70129,0.298,0.298,0.298
70130,0.31,0.31,0.31
70131,0.312,0.312,0.312
70132,0.358,0.358,0.358
70133,0.342,0.296,0.296
70134,0.338,0.282,0.282
70135,0.338,0.268,0.268
70136,0.344,0.24,0.24
70137,0.342,0.224,0.224
70138,0.33,0.218,0.218
70139,0.332,0.184,0.184
70140,0.342,0.182,0.182
70141,0.336,0.17,0.17
70142,0.382,0.166,0.166
70143,0.368,0.152,0.152
70144,0.35,0.148,0.148
70145,0.376,0.12,0.12
70146,0.406,0.116,0.116
70147,0.39,0.102,0.102
70148,0.39,0.066,0.066
70149,0.372,0.042,0.042
70150,0.368,0.036,0.036
70151,0.38,0.02,0.02
70152,0.368,0.018,0.018
70153,0.372,0.016,0.016
70154,0.358,0.016,0.016
70155,0.366,0.01,0.01
70156,0.372,0.01,0.01
70157,0.382,0.004,0.004
70158,0.388,0.004,0.004
70159,0.39,0.004,0.004
70160,0.382,0.004,0.004
70161,0.386,0,0
70162,0.416,0,0
70163,0.406,0,0
70164,0.406,0,0
70165,0.404,0,0
70166,0.404,0,0
70167,0.402,0,0
70168,0.404,0,0
70169,0.426,0,0
70170,0.422,0,0
70171,0.418,0,0
70172,0.418,0,0
70173,0.412,0,0
70174,0.414,0,0
70175,0.398,0,0
70176,0.388,0,0
70177,0.39,0,0
70178,0.378,0,0
70179,0.374,0,0
70180,0.384,0,0
70181,0.446,0,0
70182,0.432,0,0
70183,0.442,0,0
70184,0.44,0,0
70185,0.432,0,0
70186,0.436,0,0
70187,0.432,0,0
70188,0.43,0,0
70189,0.43,0,0
70190,0.41,0,0
70191,0.422,0,0
70192,0.43,0,0
70193,0.426,0,0
70194,0.42,0,0
70195,0.434,0,0
70196,0.422,0,0
70197,0.428,0,0
70198,0.44,0,0
70199,0.428,0,0
70200,0.428,0,0
70201,0.418,0,0
70202,0.41,0,0
70203,0.416,0,0
70204,0.402,0,0
70205,0.398,0,0
70206,0.394,0,0
70207,0.396,0,0
70208,0.384,0,0
70209,0.378,0,0
70210,0.37,0,0
70211,0.36,0,0
70212,0.35,0,0
70213,0.35,0,0
70214,0.346,0,0
70215,0.342,0,0
70216,0.336,0,0
70217,0.332,0,0
70218,0.326,0,0
70219,0.314,0,0
70220,0.318,0,0
70221,0.312,0,0
70222,0.294,0,0
70223,0.292,0,0
70224,0.294,0,0
70225,0.288,0,0
70226,0.284,0,0
70227,0.292,0,0
70228,0.306,0,0
70229,0.296,0,0
70230,0.282,0,0
70231,0.268,0,0
70232,0.24,0,0
70233,0.224,0,0
70234,0.218,0,0
70235,0.184,0,0
70236,0.182,0,0
70237,0.17,0,0
70238,0.166,0,0
70239,0.152,0,0
70240,0.148,0,0
70241,0.12,0,0
70242,0.116,0,0
70243,0.102,0,0
70244,0.066,0,0
70245,0.042,0,0
70246,0.036,0,0
70247,0.02,0,0
70248,0.018,0,0
70249,0.016,0,0
70250,0.016,0,0
70251,0.01,0,0
70252,0.01,0,0
70253,0.004,0,0
70254,0.004,0,0
70255,0.004,0,0
70256,0.004,0,0
70257,0,0,0
70258,0,0,0
70259,0,0,0
70260,0,0,0
70261,0,0,0
70262,0,0,0
70263,0,0,0
70264,0,0,0
70265,0,0,0
70266,0,0,0
70267,0,0,0
70268,0,0,0
70269,0,0,0
70270,0,0,0
70271,0,0,0
70272,0,0,0
70273,0,0,0
70274,0,0,0
70275,0,0,0
70276,0,0,0
70277,0,0,0
70278,0,0,0
70279,0,0,0
70280,0,0,0
70281,0,0,0
70282,0,0,0
70283,0,0,0
70284,0,0,0
70285,0,0,0
70286,0,0,0
70287,0,0,0
70288,0,0,0
70289,0,0,0
70290,0,0,0
70291,0,0,0
70292,0,0,0
70293,0,0,0
70294,0,0,0
70295,0,0,0
70296,0,0,0
70297,0,0,0
70298,0,0,0
70299,0,0,0
70300,0,0,0
70301,0,0,0
70302,0,0,0
70303,0,0,0
70304,0,0,0
70305,0,0,0
70306,0,0,0
70307,0.008,0.008,0.008
70308,0,0,0
70309,0,0,0
70310,0,0,0
70311,0,0,0
70312,0,0,0
70313,0,0,0
70314,0,0,0
70315,0,0,0
70316,0,0,0
70317,0,0,0
70318,0,0,0
70319,0,0,0
70320,0,0,0
70321,0,0,0
70322,0,0,0
70323,0,0,0
70324,0,0,0
70325,0,0,0
70326,0,0,0
70327,0,0,0
70328,0,0,0
70329,0,0,0
70330,0,0,0
70331,0,0,0
70332,0,0,0
70333,0,0,0
70334,0,0,0
70335,0,0,0
70336,0,0,0
70337,0.004,0.004,0.004
70338,0,0,0
70339,0,0,0
70340,0,0,0
70341,0,0,0
70342,0,0,0
70343,0,0,0
70344,0,0,0
70345,0,0,0
70346,0,0,0
70347,0,0,0
70348,0,0,0
70349,0.004,0.004,0.004
70350,0.01,0.01,0.01
70351,0.014,0.014,0.014
70352,0.018,0.018,0.018
70353,0.02,0.02,0.02
70354,0.018,0.018,0.018
70355,0.018,0.018,0.018
70356,0.052,0.052,0.052
70357,0.052,0.052,0.052
70358,0.052,0.052,0.052
70359,0.046,0.046,0.046
70360,0.044,0.044,0.044
70361,0.044,0.044,0.044
70362,0.05,0.05,0.05
70363,0.046,0.046,0.046
70364,0.044,0.044,0.044
70365,0.038,0.038,0.038
70366,0.038,0.038,0.038
70367,0.038,0.038,0.038
70368,0.048,0.048,0.048
70369,0.058,0.058,0.058
70370,0.068,0.068,0.068
70371,0.058,0.058,0.058
70372,0.054,0.054,0.054
70373,0.05,0.05,0.05
70374,0.072,0.072,0.072
70375,0.088,0.088,0.088
70376,0.11,0.11,0.11
70377,0.098,0.098,0.098
70378,0.112,0.112,0.112
70379,0.104,0.104,0.104
70380,0.134,0.134,0.134
70381,0.14,0.14,0.14
70382,0.122,0.122,0.122
70383,0.118,0.118,0.118
70384,0.12,0.12,0.12
70385,0.106,0.106,0.106
70386,0.072,0.072,0.072
70387,0.054,0.054,0.054
70388,0.054,0.054,0.054
70389,0.12,0.12,0.12
70390,0.168,0.168,0.168
70391,0.15,0.15,0.15
70392,0.128,0.128,0.128
70393,0.124,0.124,0.124
70394,0.146,0.146,0.146
70395,0.146,0.146,0.146
70396,0.144,0.144,0.144
70397,0.136,0.136,0.136
70398,0.132,0.132,0.132
70399,0.118,0.118,0.118
70400,0.13,0.13,0.13
70401,0.106,0.106,0.106
70402,0.116,0.116,0.116
70403,0.126,0.126,0.126
70404,0.12,0.12,0.12
70405,0.14,0.14,0.14
70406,0.126,0.126,0.126
70407,0.122,0.122,0.122
70408,0.118,0.118,0.118
70409,0.106,0.106,0.106
70410,0.118,0.118,0.118
70411,0.12,0.12,0.12
70412,0.108,0.108,0.108
70413,0.124,0.124,0.124
70414,0.126,0.126,0.126
70415,0.106,0.106,0.106
70416,0.098,0.098,0.098
70417,0.106,0.106,0.106
70418,0.116,0.116,0.116
70419,0.116,0.116,0.116
70420,0.13,0.13,0.13
70421,0.148,0.148,0.148
70422,0.154,0.154,0.154
70423,0.134,0.134,0.134
70424,0.154,0.154,0.154
70425,0.132,0.132,0.132
70426,0.126,0.126,0.126
70427,0.122,0.122,0.122
70428,0.134,0.134,0.134
70429,0.142,0.142,0.142
70430,0.136,0.136,0.136
70431,0.122,0.122,0.122
70432,0.16,0.16,0.16
70433,0.188,0.188,0.188
70434,0.154,0.154,0.154
70435,0.188,0.188,0.188
70436,0.17,0.17,0.17
70437,0.174,0.174,0.174
70438,0.17,0.17,0.17
70439,0.162,0.162,0.162
70440,0.158,0.158,0.158
70441,0.156,0.156,0.156
70442,0.164,0.164,0.164
70443,0.16,0.16,0.16
70444,0.164,0.164,0.164
70445,0.112,0.112,0.112
70446,0.154,0.154,0.154
70447,0.154,0.154,0.154
70448,0.154,0.154,0.154
70449,0.158,0.158,0.158
70450,0.156,0.156,0.156
70451,0.156,0.156,0.156
70452,0.16,0.16,0.16
70453,0.138,0.138,0.138
70454,0.15,0.15,0.15
70455,0.154,0.154,0.154
70456,0.162,0.162,0.162
70457,0.172,0.172,0.172
70458,0.17,0.17,0.17
70459,0.19,0.19,0.19
70460,0.23,0.23,0.23
70461,0.274,0.274,0.274
70462,0.246,0.246,0.246
70463,0.24,0.24,0.24
70464,0.276,0.276,0.276
70465,0.308,0.308,0.308
70466,0.248,0.248,0.248
70467,0.264,0.264,0.264
70468,0.262,0.262,0.262
70469,0.304,0.304,0.304
70470,0.302,0.302,0.302
70471,0.29,0.29,0.29
70472,0.246,0.246,0.246
70473,0.248,0.248,0.248
70474,0.244,0.244,0.244
70475,0.222,0.222,0.222
70476,0.228,0.228,0.228
70477,0.234,0.234,0.234
70478,0.238,0.238,0.238
70479,0.246,0.246,0.246
70480,0.242,0.242,0.242
70481,0.248,0.248,0.248
70482,0.238,0.238,0.238
70483,0.25,0.25,0.25
70484,0.248,0.248,0.248
70485,0.248,0.248,0.248
70486,0.278,0.278,0.278
70487,0.268,0.268,0.268
70488,0.274,0.274,0.274
70489,0.272,0.272,0.272
70490,0.276,0.276,0.276
70491,0.28,0.28,0.28
70492,0.288,0.288,0.288
70493,0.302,0.302,0.302
70494,0.298,0.298,0.298
70495,0.31,0.31,0.31
70496,0.312,0.312,0.312
70497,0.358,0.358,0.358
70498,0.342,0.296,0.296
70499,0.338,0.282,0.282
70500,0.338,0.268,0.268
70501,0.344,0.24,0.24
70502,0.342,0.224,0.224
70503,0.33,0.218,0.218
70504,0.332,0.184,0.184
70505,0.342,0.182,0.182
70506,0.336,0.17,0.17
70507,0.382,0.166,0.166
70508,0.368,0.152,0.152
70509,0.35,0.148,0.148
70510,0.376,0.12,0.12
70511,0.406,0.116,0.116
70512,0.39,0.102,0.102
70513,0.39,0.066,0.066
70514,0.372,0.042,0.042
70515,0.368,0.036,0.036
70516,0.38,0.02,0.02
70517,0.368,0.018,0.018
70518,0.372,0.016,0.016
70519,0.358,0.016,0.016
70520,0.366,0.01,0.01
70521,0.372,0.01,0.01
70522,0.382,0.004,0.004
70523,0.388,0.004,0.004
70524,0.39,0.004,0.004
70525,0.382,0.004,0.004
70526,0.386,0,0
70527,0.416,0,0
70528,0.406,0,0
70529,0.406,0,0
70530,0.404,0,0
70531,0.404,0,0
70532,0.402,0,0
70533,0.404,0,0
70534,0.426,0,0
70535,0.422,0,0
70536,0.418,0,0
70537,0.418,0,0
70538,0.412,0,0
70539,0.414,0,0
70540,0.398,0,0
70541,0.388,0,0
70542,0.39,0,0
70543,0.378,0,0
70544,0.374,0,0
70545,0.384,0,0
70546,0.446,0,0
70547,0.432,0,0
70548,0.442,0,0
70549,0.44,0,0
70550,0.432,0,0
70551,0.436,0,0
70552,0.432,0,0
70553,0.43,0,0
70554,0.43,0,0
70555,0.41,0,0
70556,0.422,0,0
70557,0.43,0,0
70558,0.426,0,0
70559,0.42,0,0
70560,0.434,0,0
70561,0.422,0,0
70562,0.428,0,0
70563,0.44,0,0
70564,0.428,0,0
70565,0.428,0,0
70566,0.418,0,0
70567,0.41,0,0
70568,0.416,0,0
70569,0.402,0,0
70570,0.398,0,0
70571,0.394,0,0
70572,0.396,0,0
70573,0.384,0,0
70574,0.378,0,0
70575,0.37,0,0
70576,0.36,0,0
70577,0.35,0,0
70578,0.35,0,0
70579,0.346,0,0
70580,0.342,0,0
70581,0.336,0,0
70582,0.332,0,0
70583,0.326,0,0
70584,0.314,0,0
70585,0.318,0,0
70586,0.312,0,0
70587,0.294,0,0
70588,0.292,0,0
70589,0.294,0,0
70590,0.288,0,0
70591,0.284,0,0
70592,0.292,0,0
70593,0.306,0,0
70594,0.296,0,0
70595,0.282,0,0
70596,0.268,0,0
70597,0.24,0,0
70598,0.224,0,0
70599,0.218,0,0
70600,0.184,0,0
70601,0.182,0,0
70602,0.17,0,0
70603,0.166,0,0
70604,0.152,0,0
70605,0.148,0,0
70606,0.12,0,0
70607,0.116,0,0
70608,0.102,0,0
70609,0.066,0,0
70610,0.042,0,0
70611,0.036,0,0
70612,0.02,0,0
70613,0.018,0,0
70614,0.016,0,0
70615,0.016,0,0
70616,0.01,0,0
70617,0.01,0,0
70618,0.004,0,0
70619,0.004,0,0
70620,0.004,0,0
70621,0.004,0,0
70622,0,0,0
70623,0,0,0
70624,0,0,0
70625,0,0,0
70626,0,0,0
70627,0,0,0
70628,0,0,0
70629,0,0,0
70630,0,0,0
70631,0,0,0
70632,0,0,0
70633,0,0,0
70634,0,0,0
70635,0,0,0
70636,0,0,0
70637,0,0,0
70638,0,0,0
70639,0,0,0
70640,0,0,0
70641,0,0,0
70642,0,0,0
70643,0,0,0
70644,0,0,0
70645,0,0,0
70646,0,0,0
70647,0,0,0
70648,0,0,0
70649,0,0,0
70650,0,0,0
70651,0,0,0
70652,0,0,0
70653,0,0,0
70654,0,0,0
70655,0,0,0
70656,0,0,0
70657,0,0,0
70658,0,0,0
70659,0,0,0
70660,0,0,0
70661,0,0,0
70662,0,0,0
70663,0,0,0
70664,0,0,0
70665,0,0,0
70666,0,0,0
70667,0,0,0
70668,0,0,0
70669,0,0,0
70670,0,0,0
70671,0,0,0
70672,0.008,0.008,0.008
70673,0,0,0
70674,0,0,0
70675,0,0,0
70676,0,0,0
70677,0,0,0
70678,0,0,0
70679,0,0,0
70680,0,0,0
70681,0,0,0
70682,0,0,0
70683,0,0,0
70684,0,0,0
70685,0,0,0
70686,0,0,0
70687,0,0,0
70688,0,0,0
70689,0,0,0
70690,0,0,0
70691,0,0,0
70692,0,0,0
70693,0,0,0
70694,0,0,0
70695,0,0,0
70696,0,0,0
70697,0,0,0
70698,0,0,0
70699,0,0,0
70700,0,0,0
70701,0,0,0
70702,0.004,0.004,0.004
70703,0,0,0
70704,0,0,0
70705,0,0,0
70706,0,0,0
70707,0,0,0
70708,0,0,0
70709,0,0,0
70710,0,0,0
70711,0,0,0
70712,0,0,0
70713,0,0,0
70714,0.004,0.004,0.004
70715,0.01,0.01,0.01
70716,0.014,0.014,0.014
70717,0.018,0.018,0.018
70718,0.02,0.02,0.02
70719,0.018,0.018,0.018
70720,0.018,0.018,0.018
70721,0.052,0.052,0.052
70722,0.052,0.052,0.052
70723,0.052,0.052,0.052
70724,0.046,0.046,0.046
70725,0.044,0.044,0.044
70726,0.044,0.044,0.044
70727,0.05,0.05,0.05
70728,0.046,0.046,0.046
70729,0.044,0.044,0.044
70730,0.038,0.038,0.038
70731,0.038,0.038,0.038
70732,0.038,0.038,0.038
70733,0.048,0.048,0.048
70734,0.058,0.058,0.058
70735,0.068,0.068,0.068
70736,0.058,0.058,0.058
70737,0.054,0.054,0.054
70738,0.05,0.05,0.05
70739,0.072,0.072,0.072
70740,0.088,0.088,0.088
70741,0.11,0.11,0.11
70742,0.098,0.098,0.098
70743,0.112,0.112,0.112
70744,0.104,0.104,0.104
70745,0.134,0.134,0.134
70746,0.14,0.14,0.14
70747,0.122,0.122,0.122
70748,0.118,0.118,0.118
70749,0.12,0.12,0.12
70750,0.106,0.106,0.106
70751,0.072,0.072,0.072
70752,0.054,0.054,0.054
70753,0.054,0.054,0.054
70754,0.12,0.12,0.12
70755,0.168,0.168,0.168
70756,0.15,0.15,0.15
70757,0.128,0.128,0.128
70758,0.124,0.124,0.124
70759,0.146,0.146,0.146
70760,0.146,0.146,0.146
70761,0.144,0.144,0.144
70762,0.136,0.136,0.136
70763,0.132,0.132,0.132
70764,0.118,0.118,0.118
70765,0.13,0.13,0.13
70766,0.106,0.106,0.106
70767,0.116,0.116,0.116
70768,0.126,0.126,0.126
70769,0.12,0.12,0.12
70770,0.14,0.14,0.14
70771,0.126,0.126,0.126
70772,0.122,0.122,0.122
70773,0.118,0.118,0.118
70774,0.106,0.106,0.106
70775,0.118,0.118,0.118
70776,0.12,0.12,0.12
70777,0.108,0.108,0.108
70778,0.124,0.124,0.124
70779,0.126,0.126,0.126
70780,0.106,0.106,0.106
70781,0.098,0.098,0.098
70782,0.106,0.106,0.106
70783,0.116,0.116,0.116
70784,0.116,0.116,0.116
70785,0.13,0.13,0.13
70786,0.148,0.148,0.148
70787,0.154,0.154,0.154
70788,0.134,0.134,0.134
70789,0.154,0.154,0.154
70790,0.132,0.132,0.132
70791,0.126,0.126,0.126
70792,0.122,0.122,0.122
70793,0.134,0.134,0.134
70794,0.142,0.142,0.142
70795,0.136,0.136,0.136
70796,0.122,0.122,0.122
70797,0.16,0.16,0.16
70798,0.188,0.188,0.188
70799,0.154,0.154,0.154
70800,0.188,0.188,0.188
70801,0.17,0.17,0.17
70802,0.174,0.174,0.174
70803,0.17,0.17,0.17
70804,0.162,0.162,0.162
70805,0.158,0.158,0.158
70806,0.156,0.156,0.156
70807,0.164,0.164,0.164
70808,0.16,0.16,0.16
70809,0.164,0.164,0.164
70810,0.112,0.112,0.112
70811,0.154,0.154,0.154
70812,0.154,0.154,0.154
70813,0.154,0.154,0.154
70814,0.158,0.158,0.158
70815,0.156,0.156,0.156
70816,0.156,0.156,0.156
70817,0.16,0.16,0.16
70818,0.138,0.138,0.138
70819,0.15,0.15,0.15
70820,0.154,0.154,0.154
70821,0.162,0.162,0.162
70822,0.172,0.172,0.172
70823,0.17,0.17,0.17
70824,0.19,0.19,0.19
70825,0.23,0.23,0.23
70826,0.274,0.274,0.274
70827,0.246,0.246,0.246
70828,0.24,0.24,0.24
70829,0.276,0.276,0.276
70830,0.308,0.308,0.308
70831,0.248,0.248,0.248
70832,0.264,0.264,0.264
70833,0.262,0.262,0.262
70834,0.304,0.304,0.304
70835,0.302,0.302,0.302
70836,0.29,0.29,0.29
70837,0.246,0.246,0.246
70838,0.248,0.248,0.248
70839,0.244,0.244,0.244
70840,0.222,0.222,0.222
70841,0.228,0.228,0.228
70842,0.234,0.234,0.234
70843,0.238,0.238,0.238
70844,0.246,0.246,0.246
70845,0.242,0.242,0.242
70846,0.248,0.248,0.248
70847,0.238,0.238,0.238
70848,0.25,0.25,0.25
70849,0.248,0.248,0.248
70850,0.248,0.248,0.248
70851,0.278,0.278,0.278
70852,0.268,0.268,0.268
70853,0.274,0.274,0.274
70854,0.272,0.272,0.272
70855,0.276,0.276,0.276
70856,0.28,0.28,0.28
70857,0.288,0.288,0.288
70858,0.302,0.302,0.302
70859,0.298,0.298,0.298
70860,0.31,0.31,0.31
70861,0.312,0.312,0.312
70862,0.358,0.296,0.296
70863,0.342,0.282,0.282
70864,0.338,0.268,0.268
70865,0.338,0.24,0.24
70866,0.344,0.224,0.224
70867,0.342,0.218,0.218
70868,0.33,0.184,0.184
70869,0.332,0.182,0.182
70870,0.342,0.17,0.17
70871,0.336,0.166,0.166
70872,0.382,0.152,0.152
70873,0.368,0.148,0.148
70874,0.35,0.12,0.12
70875,0.376,0.116,0.116
70876,0.406,0.102,0.102
70877,0.39,0.066,0.066
70878,0.39,0.042,0.042
70879,0.372,0.036,0.036
70880,0.368,0.02,0.02
70881,0.38,0.018,0.018
70882,0.368,0.016,0.016
70883,0.372,0.016,0.016
70884,0.358,0.01,0.01
70885,0.366,0.01,0.01
70886,0.372,0.004,0.004
70887,0.382,0.004,0.004
70888,0.388,0.004,0.004
70889,0.39,0.004,0.004
70890,0.382,0,0
70891,0.386,0,0
70892,0.416,0,0
70893,0.406,0,0
70894,0.406,0,0
70895,0.404,0,0
70896,0.404,0,0
70897,0.402,0,0
70898,0.404,0,0
70899,0.426,0,0
70900,0.422,0,0
70901,0.418,0,0
70902,0.418,0,0
70903,0.412,0,0
70904,0.414,0,0
70905,0.398,0,0
70906,0.388,0,0
70907,0.39,0,0
70908,0.378,0,0
70909,0.374,0,0
70910,0.384,0,0
70911,0.446,0,0
70912,0.432,0,0
70913,0.442,0,0
70914,0.44,0,0
70915,0.432,0,0
70916,0.436,0,0
70917,0.432,0,0
70918,0.43,0,0
70919,0.43,0,0
70920,0.41,0,0
70921,0.422,0,0
70922,0.43,0,0
70923,0.426,0,0
70924,0.42,0,0
70925,0.434,0,0
70926,0.422,0,0
70927,0.428,0,0
70928,0.44,0,0
70929,0.428,0,0
70930,0.428,0,0
70931,0.418,0,0
70932,0.41,0,0
70933,0.416,0,0
70934,0.402,0,0
70935,0.398,0,0
70936,0.394,0,0
70937,0.396,0,0
70938,0.384,0,0
70939,0.378,0,0
70940,0.37,0,0
70941,0.36,0,0
70942,0.35,0,0
70943,0.35,0,0
70944,0.346,0,0
70945,0.342,0,0
70946,0.336,0,0
70947,0.332,0,0
70948,0.326,0,0
70949,0.314,0,0
70950,0.318,0,0
70951,0.312,0,0
70952,0.294,0,0
70953,0.292,0,0
70954,0.294,0,0
70955,0.288,0,0
70956,0.284,0,0
70957,0.292,0,0
70958,0.306,0,0
70959,0.296,0,0
70960,0.282,0,0
70961,0.268,0,0
70962,0.24,0,0
70963,0.224,0,0
70964,0.218,0,0
70965,0.184,0,0
70966,0.182,0,0
70967,0.17,0,0
70968,0.166,0,0
70969,0.152,0,0
70970,0.148,0,0
70971,0.12,0,0
70972,0.116,0,0
70973,0.102,0,0
70974,0.066,0,0
70975,0.042,0,0
70976,0.036,0,0
70977,0.02,0,0
70978,0.018,0,0
70979,0.016,0,0
70980,0.016,0,0
70981,0.01,0,0
70982,0.01,0,0
70983,0.004,0,0
70984,0.004,0,0
70985,0.004,0,0
70986,0.004,0,0
70987,0,0,0
70988,0,0,0
70989,0,0,0
70990,0,0,0
70991,0,0,0
70992,0,0,0
70993,0,0,0
70994,0,0,0
70995,0,0,0
70996,0,0,0
70997,0,0,0
70998,0,0,0
70999,0,0,0
71000,0,0,0
71001,0,0,0
71002,0,0,0
71003,0,0,0
71004,0,0,0
71005,0,0,0
71006,0,0,0
71007,0,0,0
71008,0,0,0
71009,0,0,0
71010,0,0,0
71011,0,0,0
71012,0,0,0
71013,0,0,0
71014,0,0,0
71015,0,0,0
71016,0,0,0
71017,0,0,0
71018,0,0,0
71019,0,0,0
71020,0,0,0
71021,0,0,0
71022,0,0,0
71023,0,0,0
71024,0,0,0
71025,0,0,0
71026,0,0,0
71027,0,0,0
71028,0,0,0
71029,0,0,0
71030,0,0,0
71031,0,0,0
71032,0,0,0
71033,0,0,0
71034,0,0,0
71035,0,0,0
71036,0,0,0
71037,0.008,0.008,0.008
71038,0,0,0
71039,0,0,0
71040,0,0,0
71041,0,0,0
71042,0,0,0
71043,0,0,0
71044,0,0,0
71045,0,0,0
71046,0,0,0
71047,0,0,0
71048,0,0,0
71049,0,0,0
71050,0,0,0
71051,0,0,0
71052,0,0,0
71053,0,0,0
71054,0,0,0
71055,0,0,0
71056,0,0,0
71057,0,0,0
71058,0,0,0
71059,0,0,0
71060,0,0,0
71061,0,0,0
71062,0,0,0
71063,0,0,0
71064,0,0,0
71065,0,0,0
71066,0,0,0
71067,0.004,0.004,0.004
71068,0,0,0
71069,0,0,0
71070,0,0,0
71071,0,0,0
71072,0,0,0
71073,0,0,0
71074,0,0,0
71075,0,0,0
71076,0,0,0
71077,0,0,0
71078,0,0,0
71079,0.004,0.004,0.004
71080,0.01,0.01,0.01
71081,0.014,0.014,0.014
71082,0.018,0.018,0.018
71083,0.02,0.02,0.02
71084,0.018,0.018,0.018
71085,0.018,0.018,0.018
71086,0.052,0.052,0.052
71087,0.052,0.052,0.052
71088,0.052,0.052,0.052
71089,0.046,0.046,0.046
71090,0.044,0.044,0.044
71091,0.044,0.044,0.044
71092,0.05,0.05,0.05
71093,0.046,0.046,0.046
71094,0.044,0.044,0.044
71095,0.038,0.038,0.038
71096,0.038,0.038,0.038
71097,0.038,0.038,0.038
71098,0.048,0.048,0.048
71099,0.058,0.058,0.058
71100,0.068,0.068,0.068
71101,0.058,0.058,0.058
71102,0.054,0.054,0.054
71103,0.05,0.05,0.05
71104,0.072,0.072,0.072
71105,0.088,0.088,0.088
71106,0.11,0.11,0.11
71107,0.098,0.098,0.098
71108,0.112,0.112,0.112
71109,0.104,0.104,0.104
71110,0.134,0.134,0.134
71111,0.14,0.14,0.14
71112,0.122,0.122,0.122
71113,0.118,0.118,0.118
71114,0.12,0.12,0.12
71115,0.106,0.106,0.106
71116,0.072,0.072,0.072
71117,0.054,0.054,0.054
71118,0.054,0.054,0.054
71119,0.12,0.12,0.12
71120,0.168,0.168,0.168
71121,0.15,0.15,0.15
71122,0.128,0.128,0.128
71123,0.124,0.124,0.124
71124,0.146,0.146,0.146
71125,0.146,0.146,0.146
71126,0.144,0.144,0.144
71127,0.136,0.136,0.136
71128,0.132,0.132,0.132
71129,0.118,0.118,0.118
71130,0.13,0.13,0.13
71131,0.106,0.106,0.106
71132,0.116,0.116,0.116
71133,0.126,0.126,0.126
71134,0.12,0.12,0.12
71135,0.14,0.14,0.14
71136,0.126,0.126,0.126
71137,0.122,0.122,0.122
71138,0.118,0.118,0.118
71139,0.106,0.106,0.106
71140,0.118,0.118,0.118
71141,0.12,0.12,0.12
71142,0.108,0.108,0.108
71143,0.124,0.124,0.124
71144,0.126,0.126,0.126
71145,0.106,0.106,0.106
71146,0.098,0.098,0.098
71147,0.106,0.106,0.106
71148,0.116,0.116,0.116
71149,0.116,0.116,0.116
71150,0.13,0.13,0.13
71151,0.148,0.148,0.148
71152,0.154,0.154,0.154
71153,0.134,0.134,0.134
71154,0.154,0.154,0.154
71155,0.132,0.132,0.132
71156,0.126,0.126,0.126
71157,0.122,0.122,0.122
71158,0.134,0.134,0.134
71159,0.142,0.142,0.142
71160,0.136,0.136,0.136
71161,0.122,0.122,0.122
71162,0.16,0.16,0.16
71163,0.188,0.188,0.188
71164,0.154,0.154,0.154
71165,0.188,0.188,0.188
71166,0.17,0.17,0.17
71167,0.174,0.174,0.174
71168,0.17,0.17,0.17
71169,0.162,0.162,0.162
71170,0.158,0.158,0.158
71171,0.156,0.156,0.156
71172,0.164,0.164,0.164
71173,0.16,0.16,0.16
71174,0.164,0.164,0.164
71175,0.112,0.112,0.112
71176,0.154,0.154,0.154
71177,0.154,0.154,0.154
71178,0.154,0.154,0.154
71179,0.158,0.158,0.158
71180,0.156,0.156,0.156
71181,0.156,0.156,0.156
71182,0.16,0.16,0.16
71183,0.138,0.138,0.138
71184,0.15,0.15,0.15
71185,0.154,0.154,0.154
71186,0.162,0.162,0.162
71187,0.172,0.172,0.172
71188,0.17,0.17,0.17
71189,0.19,0.19,0.19
71190,0.23,0.23,0.23
71191,0.274,0.274,0.274
71192,0.246,0.246,0.246
71193,0.24,0.24,0.24
71194,0.276,0.276,0.276
71195,0.308,0.308,0.308
71196,0.248,0.248,0.248
71197,0.264,0.264,0.264
71198,0.262,0.262,0.262
71199,0.304,0.304,0.304
71200,0.302,0.302,0.302
71201,0.29,0.29,0.29
71202,0.246,0.246,0.246
71203,0.248,0.248,0.248
71204,0.244,0.244,0.244
71205,0.222,0.222,0.222
71206,0.228,0.228,0.228
71207,0.234,0.234,0.234
71208,0.238,0.238,0.238
71209,0.246,0.246,0.246
71210,0.242,0.242,0.242
71211,0.248,0.248,0.248
71212,0.238,0.238,0.238
71213,0.25,0.25,0.25
71214,0.248,0.248,0.248
71215,0.248,0.248,0.248
71216,0.278,0.278,0.278
71217,0.268,0.268,0.268
71218,0.274,0.274,0.274
71219,0.272,0.272,0.272
71220,0.276,0.276,0.276
71221,0.28,0.28,0.28
71222,0.288,0.288,0.288
71223,0.302,0.302,0.302
71224,0.298,0.298,0.298
71225,0.31,0.31,0.31
71226,0.312,0.312,0.312
71227,0.358,0.296,0.296
71228,0.342,0.282,0.282
71229,0.338,0.268,0.268
71230,0.338,0.24,0.24
71231,0.344,0.224,0.224
71232,0.342,0.218,0.218
71233,0.33,0.184,0.184
71234,0.332,0.182,0.182
71235,0.342,0.17,0.17
71236,0.336,0.166,0.166
71237,0.382,0.152,0.152
71238,0.368,0.148,0.148
71239,0.35,0.12,0.12
71240,0.376,0.116,0.116
71241,0.406,0.102,0.102
71242,0.39,0.066,0.066
71243,0.39,0.042,0.042
71244,0.372,0.036,0.036
71245,0.368,0.02,0.02
71246,0.38,0.018,0.018
71247,0.368,0.016,0.016
71248,0.372,0.016,0.016
71249,0.358,0.01,0.01
71250,0.366,0.01,0.01
71251,0.372,0.004,0.004
71252,0.382,0.004,0.004
71253,0.388,0.004,0.004
71254,0.39,0.004,0.004
71255,0.382,0,0
71256,0.386,0,0
71257,0.416,0,0
71258,0.406,0,0
71259,0.406,0,0
71260,0.404,0,0
71261,0.404,0,0
71262,0.402,0,0
71263,0.404,0,0
71264,0.426,0,0
71265,0.422,0,0
71266,0.418,0,0
71267,0.418,0,0
71268,0.412,0,0
71269,0.414,0,0
71270,0.398,0,0
71271,0.388,0,0
71272,0.39,0,0
71273,0.378,0,0
71274,0.374,0,0
71275,0.384,0,0
71276,0.446,0,0
71277,0.432,0,0
71278,0.442,0,0
71279,0.44,0,0
71280,0.432,0,0
71281,0.436,0,0
71282,0.432,0,0
71283,0.43,0,0
71284,0.43,0,0
71285,0.41,0,0
71286,0.422,0,0
71287,0.43,0,0
71288,0.426,0,0
71289,0.42,0,0
71290,0.434,0,0
71291,0.422,0,0
71292,0.428,0,0
71293,0.44,0,0
71294,0.428,0,0
71295,0.428,0,0
71296,0.418,0,0
71297,0.41,0,0
71298,0.416,0,0
71299,0.402,0,0
71300,0.398,0,0
71301,0.394,0,0
71302,0.396,0,0
71303,0.384,0,0
71304,0.378,0,0
71305,0.37,0,0
71306,0.36,0,0
71307,0.35,0,0
71308,0.35,0,0
71309,0.346,0,0
71310,0.342,0,0
71311,0.336,0,0
71312,0.332,0,0
71313,0.326,0,0
71314,0.314,0,0
71315,0.318,0,0
71316,0.312,0,0
71317,0.294,0,0
71318,0.292,0,0
71319,0.294,0,0
71320,0.288,0,0
71321,0.284,0,0
71322,0.292,0,0
71323,0.306,0,0
71324,0.296,0,0
71325,0.282,0,0
71326,0.268,0,0
71327,0.24,0,0
71328,0.224,0,0
71329,0.218,0,0
71330,0.184,0,0
71331,0.182,0,0
71332,0.17,0,0
71333,0.166,0,0
71334,0.152,0,0
71335,0.148,0,0
71336,0.12,0,0
71337,0.116,0,0
71338,0.102,0,0
71339,0.066,0,0
71340,0.042,0,0
71341,0.036,0,0
71342,0.02,0,0
71343,0.018,0,0
71344,0.016,0,0
71345,0.016,0,0
71346,0.01,0,0
71347,0.01,0,0
71348,0.004,0,0
71349,0.004,0,0
71350,0.004,0,0
71351,0.004,0,0
71352,0,0,0
71353,0,0,0
71354,0,0,0
71355,0,0,0
71356,0,0,0
71357,0,0,0
71358,0,0,0
71359,0,0,0
71360,0,0,0
71361,0,0,0
71362,0,0,0
71363,0,0,0
71364,0,0,0
71365,0,0,0
71366,0,0,0
71367,0,0,0
71368,0,0,0
71369,0,0,0
71370,0,0,0
71371,0,0,0
71372,0,0,0
71373,0,0,0
71374,0,0,0
71375,0,0,0
71376,0,0,0
71377,0,0,0
71378,0,0,0
71379,0,0,0
71380,0,0,0
71381,0,0,0
71382,0,0,0
71383,0,0,0
71384,0,0,0
71385,0,0,0
71386,0,0,0
71387,0,0,0
71388,0,0,0
71389,0,0,0
71390,0,0,0
71391,0,0,0
71392,0,0,0
71393,0,0,0
71394,0,0,0
71395,0,0,0
71396,0,0,0
71397,0,0,0
71398,0,0,0
71399,0,0,0
71400,0,0,0
71401,0,0,0
71402,0.008,0.008,0.008
71403,0,0,0
71404,0,0,0
71405,0,0,0
71406,0,0,0
71407,0,0,0
71408,0,0,0
71409,0,0,0
71410,0,0,0
71411,0,0,0
71412,0,0,0
71413,0,0,0
71414,0,0,0
71415,0,0,0
71416,0,0,0
71417,0,0,0
71418,0,0,0
71419,0,0,0
71420,0,0,0
71421,0,0,0
71422,0,0,0
71423,0,0,0
71424,0,0,0
71425,0,0,0
71426,0,0,0
71427,0,0,0
71428,0,0,0
71429,0,0,0
71430,0,0,0
71431,0,0,0
71432,0.004,0.004,0.004
71433,0,0,0
71434,0,0,0
71435,0,0,0
71436,0,0,0
71437,0,0,0
71438,0,0,0
71439,0,0,0
71440,0,0,0
71441,0,0,0
71442,0,0,0
71443,0,0,0
71444,0.004,0.004,0.004
71445,0.01,0.01,0.01
71446,0.014,0.014,0.014
71447,0.018,0.018,0.018
71448,0.02,0.02,0.02
71449,0.018,0.018,0.018
71450,0.018,0.018,0.018
71451,0.052,0.052,0.052
71452,0.052,0.052,0.052
71453,0.052,0.052,0.052
71454,0.046,0.046,0.046
71455,0.044,0.044,0.044
71456,0.044,0.044,0.044
71457,0.05,0.05,0.05
71458,0.046,0.046,0.046
71459,0.044,0.044,0.044
71460,0.038,0.038,0.038
71461,0.038,0.038,0.038
71462,0.038,0.038,0.038
71463,0.048,0.048,0.048
71464,0.058,0.058,0.058
71465,0.068,0.068,0.068
71466,0.058,0.058,0.058
71467,0.054,0.054,0.054
71468,0.05,0.05,0.05
71469,0.072,0.072,0.072
71470,0.088,0.088,0.088
71471,0.11,0.11,0.11
71472,0.098,0.098,0.098
71473,0.112,0.112,0.112
71474,0.104,0.104,0.104
71475,0.134,0.134,0.134
71476,0.14,0.14,0.14
71477,0.122,0.122,0.122
71478,0.118,0.118,0.118
71479,0.12,0.12,0.12
71480,0.106,0.106,0.106
71481,0.072,0.072,0.072
71482,0.054,0.054,0.054
71483,0.054,0.054,0.054
71484,0.12,0.12,0.12
71485,0.168,0.168,0.168
71486,0.15,0.15,0.15
71487,0.128,0.128,0.128
71488,0.124,0.124,0.124
71489,0.146,0.146,0.146
71490,0.146,0.146,0.146
71491,0.144,0.144,0.144
71492,0.136,0.136,0.136
71493,0.132,0.132,0.132
71494,0.118,0.118,0.118
71495,0.13,0.13,0.13
71496,0.106,0.106,0.106
71497,0.116,0.116,0.116
71498,0.126,0.126,0.126
71499,0.12,0.12,0.12
71500,0.14,0.14,0.14
71501,0.126,0.126,0.126
71502,0.122,0.122,0.122
71503,0.118,0.118,0.118
71504,0.106,0.106,0.106
71505,0.118,0.118,0.118
71506,0.12,0.12,0.12
71507,0.108,0.108,0.108
71508,0.124,0.124,0.124
71509,0.126,0.126,0.126
71510,0.106,0.106,0.106
71511,0.098,0.098,0.098
71512,0.106,0.106,0.106
71513,0.116,0.116,0.116
71514,0.116,0.116,0.116
71515,0.13,0.13,0.13
71516,0.148,0.148,0.148
71517,0.154,0.154,0.154
71518,0.134,0.134,0.134
71519,0.154,0.154,0.154
71520,0.132,0.132,0.132
71521,0.126,0.126,0.126
71522,0.122,0.122,0.122
71523,0.134,0.134,0.134
71524,0.142,0.142,0.142
71525,0.136,0.136,0.136
71526,0.122,0.122,0.122
71527,0.16,0.16,0.16
71528,0.188,0.188,0.188
71529,0.154,0.154,0.154
71530,0.188,0.188,0.188
71531,0.17,0.17,0.17
71532,0.174,0.174,0.174
71533,0.17,0.17,0.17
71534,0.162,0.162,0.162
71535,0.158,0.158,0.158
71536,0.156,0.156,0.156
71537,0.164,0.164,0.164
71538,0.16,0.16,0.16
71539,0.164,0.164,0.164
71540,0.112,0.112,0.112
71541,0.154,0.154,0.154
71542,0.154,0.154,0.154
71543,0.154,0.154,0.154
71544,0.158,0.158,0.158
71545,0.156,0.156,0.156
71546,0.156,0.156,0.156
71547,0.16,0.16,0.16
71548,0.138,0.138,0.138
71549,0.15,0.15,0.15
71550,0.154,0.154,0.154
71551,0.162,0.162,0.162
71552,0.172,0.172,0.172
71553,0.17,0.17,0.17
71554,0.19,0.19,0.19
71555,0.23,0.23,0.23
71556,0.274,0.274,0.274
71557,0.246,0.246,0.246
71558,0.24,0.24,0.24
71559,0.276,0.276,0.276
71560,0.308,0.308,0.308
71561,0.248,0.248,0.248
71562,0.264,0.264,0.264
71563,0.262,0.262,0.262
71564,0.304,0.304,0.304
71565,0.302,0.302,0.302
71566,0.29,0.29,0.29
71567,0.246,0.246,0.246
71568,0.248,0.248,0.248
71569,0.244,0.244,0.244
71570,0.222,0.222,0.222
71571,0.228,0.228,0.228
71572,0.234,0.234,0.234
71573,0.238,0.238,0.238
71574,0.246,0.246,0.246
71575,0.242,0.242,0.242
71576,0.248,0.248,0.248
71577,0.238,0.238,0.238
71578,0.25,0.25,0.25
71579,0.248,0.248,0.248
71580,0.248,0.248,0.248
71581,0.278,0.278,0.278
71582,0.268,0.268,0.268
71583,0.274,0.274,0.274
71584,0.272,0.272,0.272
71585,0.276,0.276,0.276
71586,0.28,0.28,0.28
71587,0.288,0.288,0.288
71588,0.302,0.302,0.302
71589,0.298,0.298,0.298
71590,0.31,0.31,0.31
71591,0.312,0.296,0.296
71592,0.358,0.282,0.282
71593,0.342,0.268,0.268
71594,0.338,0.24,0.24
71595,0.338,0.224,0.224
71596,0.344,0.218,0.218
71597,0.342,0.184,0.184
71598,0.33,0.182,0.182
71599,0.332,0.17,0.17
71600,0.342,0.166,0.166
71601,0.336,0.152,0.152
71602,0.382,0.148,0.148
71603,0.368,0.12,0.12
71604,0.35,0.116,0.116
71605,0.376,0.102,0.102
71606,0.406,0.066,0.066
71607,0.39,0.042,0.042
71608,0.39,0.036,0.036
71609,0.372,0.02,0.02
71610,0.368,0.018,0.018
71611,0.38,0.016,0.016
71612,0.368,0.016,0.016
71613,0.372,0.01,0.01
71614,0.358,0.01,0.01
71615,0.366,0.004,0.004
71616,0.372,0.004,0.004
71617,0.382,0.004,0.004
71618,0.388,0.004,0.004
71619,0.39,0,0
71620,0.382,0,0
71621,0.386,0,0
71622,0.416,0,0
71623,0.406,0,0
71624,0.406,0,0
71625,0.404,0,0
71626,0.404,0,0
71627,0.402,0,0
71628,0.404,0,0
71629,0.426,0,0
71630,0.422,0,0
71631,0.418,0,0
71632,0.418,0,0
71633,0.412,0,0
71634,0.414,0,0
71635,0.398,0,0
71636,0.388,0,0
71637,0.39,0,0
71638,0.378,0,0
71639,0.374,0,0
71640,0.384,0,0
71641,0.446,0,0
71642,0.432,0,0
71643,0.442,0,0
71644,0.44,0,0
71645,0.432,0,0
71646,0.436,0,0
71647,0.432,0,0
71648,0.43,0,0
71649,0.43,0,0
71650,0.41,0,0
71651,0.422,0,0
71652,0.43,0,0
71653,0.426,0,0
71654,0.42,0,0
71655,0.434,0,0
71656,0.422,0,0
71657,0.428,0,0
71658,0.44,0,0
71659,0.428,0,0
71660,0.428,0,0
71661,0.418,0,0
71662,0.41,0,0
71663,0.416,0,0
71664,0.402,0,0
71665,0.398,0,0
71666,0.394,0,0
71667,0.396,0,0
71668,0.384,0,0
71669,0.378,0,0
71670,0.37,0,0
71671,0.36,0,0
71672,0.35,0,0
71673,0.35,0,0
71674,0.346,0,0
71675,0.342,0,0
71676,0.336,0,0
71677,0.332,0,0
71678,0.326,0,0
71679,0.314,0,0
71680,0.318,0,0
71681,0.312,0,0
71682,0.294,0,0
71683,0.292,0,0
71684,0.294,0,0
71685,0.288,0,0
71686,0.284,0,0
71687,0.292,0,0
71688,0.306,0,0
71689,0.296,0,0
71690,0.282,0,0
71691,0.268,0,0
71692,0.24,0,0
71693,0.224,0,0
71694,0.218,0,0
71695,0.184,0,0
71696,0.182,0,0
71697,0.17,0,0
71698,0.166,0,0
71699,0.152,0,0
71700,0.148,0,0
71701,0.12,0,0
71702,0.116,0,0
71703,0.102,0,0
71704,0.066,0,0
71705,0.042,0,0
71706,0.036,0,0
71707,0.02,0,0
71708,0.018,0,0
71709,0.016,0,0
71710,0.016,0,0
71711,0.01,0,0
71712,0.01,0,0
71713,0.004,0,0
71714,0.004,0,0
71715,0.004,0,0
71716,0.004,0,0
71717,0,0,0
71718,0,0,0
71719,0,0,0
71720,0,0,0
71721,0,0,0
71722,0,0,0
71723,0,0,0
71724,0,0,0
71725,0,0,0
71726,0,0,0
71727,0,0,0
71728,0,0,0
71729,0,0,0
71730,0,0,0
71731,0,0,0
71732,0,0,0
71733,0,0,0
71734,0,0,0
71735,0,0,0
71736,0,0,0
71737,0,0,0
71738,0,0,0
71739,0,0,0
71740,0,0,0
71741,0,0,0
71742,0,0,0
71743,0,0,0
71744,0,0,0
71745,0,0,0
71746,0,0,0
71747,0,0,0
71748,0,0,0
71749,0,0,0
71750,0,0,0
71751,0,0,0
71752,0,0,0
71753,0,0,0
71754,0,0,0
71755,0,0,0
71756,0,0,0
71757,0,0,0
71758,0,0,0
71759,0,0,0
71760,0,0,0
71761,0,0,0
71762,0,0,0
71763,0,0,0
71764,0,0,0
71765,0,0,0
71766,0,0,0
71767,0.008,0.008,0.008
71768,0,0,0
71769,0,0,0
71770,0,0,0
71771,0,0,0
71772,0,0,0
71773,0,0,0
71774,0,0,0
71775,0,0,0
71776,0,0,0
71777,0,0,0
71778,0,0,0
71779,0,0,0
71780,0,0,0
71781,0,0,0
71782,0,0,0
71783,0,0,0
71784,0,0,0
71785,0,0,0
71786,0,0,0
71787,0,0,0
71788,0,0,0
71789,0,0,0
71790,0,0,0
71791,0,0,0
71792,0,0,0
71793,0,0,0
71794,0,0,0
71795,0,0,0
71796,0,0,0
71797,0.004,0.004,0.004
71798,0,0,0
71799,0,0,0
71800,0,0,0
71801,0,0,0
71802,0,0,0
71803,0,0,0
71804,0,0,0
71805,0,0,0
71806,0,0,0
71807,0,0,0
71808,0,0,0
71809,0.004,0.004,0.004
71810,0.01,0.01,0.01
71811,0.014,0.014,0.014
71812,0.018,0.018,0.018
71813,0.02,0.02,0.02
71814,0.018,0.018,0.018
71815,0.018,0.018,0.018
71816,0.052,0.052,0.052
71817,0.052,0.052,0.052
71818,0.052,0.052,0.052
71819,0.046,0.046,0.046
71820,0.044,0.044,0.044
71821,0.044,0.044,0.044
71822,0.05,0.05,0.05
71823,0.046,0.046,0.046
71824,0.044,0.044,0.044
71825,0.038,0.038,0.038
71826,0.038,0.038,0.038
71827,0.038,0.038,0.038
71828,0.048,0.048,0.048
71829,0.058,0.058,0.058
71830,0.068,0.068,0.068
71831,0.058,0.058,0.058
71832,0.054,0.054,0.054
71833,0.05,0.05,0.05
71834,0.072,0.072,0.072
71835,0.088,0.088,0.088
71836,0.11,0.11,0.11
71837,0.098,0.098,0.098
71838,0.112,0.112,0.112
71839,0.104,0.104,0.104
71840,0.134,0.134,0.134
71841,0.14,0.14,0.14
71842,0.122,0.122,0.122
71843,0.118,0.118,0.118
71844,0.12,0.12,0.12
71845,0.106,0.106,0.106
71846,0.072,0.072,0.072
71847,0.054,0.054,0.054
71848,0.054,0.054,0.054
71849,0.12,0.12,0.12
71850,0.168,0.168,0.168
71851,0.15,0.15,0.15
71852,0.128,0.128,0.128
71853,0.124,0.124,0.124
71854,0.146,0.146,0.146
71855,0.146,0.146,0.146
71856,0.144,0.144,0.144
71857,0.136,0.136,0.136
71858,0.132,0.132,0.132
71859,0.118,0.118,0.118
71860,0.13,0.13,0.13
71861,0.106,0.106,0.106
71862,0.116,0.116,0.116
71863,0.126,0.126,0.126
71864,0.12,0.12,0.12
71865,0.14,0.14,0.14
71866,0.126,0.126,0.126
71867,0.122,0.122,0.122
71868,0.118,0.118,0.118
71869,0.106,0.106,0.106
71870,0.118,0.118,0.118
71871,0.12,0.12,0.12
71872,0.108,0.108,0.108
71873,0.124,0.124,0.124
71874,0.126,0.126,0.126
71875,0.106,0.106,0.106
71876,0.098,0.098,0.098
71877,0.106,0.106,0.106
71878,0.116,0.116,0.116
71879,0.116,0.116,0.116
71880,0.13,0.13,0.13
71881,0.148,0.148,0.148
71882,0.154,0.154,0.154
71883,0.134,0.134,0.134
71884,0.154,0.154,0.154
71885,0.132,0.132,0.132
71886,0.126,0.126,0.126
71887,0.122,0.122,0.122
71888,0.134,0.134,0.134
71889,0.142,0.142,0.142
71890,0.136,0.136,0.136
71891,0.122,0.122,0.122
71892,0.16,0.16,0.16
71893,0.188,0.188,0.188
71894,0.154,0.154,0.154
71895,0.188,0.188,0.188
71896,0.17,0.17,0.17
71897,0.174,0.174,0.174
71898,0.17,0.17,0.17
71899,0.162,0.162,0.162
71900,0.158,0.158,0.158
71901,0.156,0.156,0.156
71902,0.164,0.164,0.164
71903,0.16,0.16,0.16
71904,0.164,0.164,0.164
71905,0.112,0.112,0.112
71906,0.154,0.154,0.154
71907,0.154,0.154,0.154
71908,0.154,0.154,0.154
71909,0.158,0.158,0.158
71910,0.156,0.156,0.156
71911,0.156,0.156,0.156
71912,0.16,0.16,0.16
71913,0.138,0.138,0.138
71914,0.15,0.15,0.15
71915,0.154,0.154,0.154
71916,0.162,0.162,0.162
71917,0.172,0.172,0.172
71918,0.17,0.17,0.17
71919,0.19,0.19,0.19
71920,0.23,0.23,0.23
71921,0.274,0.274,0.274
71922,0.246,0.246,0.246
71923,0.24,0.24,0.24
71924,0.276,0.276,0.276
71925,0.308,0.308,0.308
71926,0.248,0.248,0.248
71927,0.264,0.264,0.264
71928,0.262,0.262,0.262
71929,0.304,0.304,0.304
71930,0.302,0.302,0.302
71931,0.29,0.29,0.29
71932,0.246,0.246,0.246
71933,0.248,0.248,0.248
71934,0.244,0.244,0.244
71935,0.222,0.222,0.222
71936,0.228,0.228,0.228
71937,0.234,0.234,0.234
71938,0.238,0.238,0.238
71939,0.246,0.246,0.246
71940,0.242,0.242,0.242
71941,0.248,0.248,0.248
71942,0.238,0.238,0.238
71943,0.25,0.25,0.25
71944,0.248,0.248,0.248
71945,0.248,0.248,0.248
71946,0.278,0.278,0.278
71947,0.268,0.268,0.268
71948,0.274,0.274,0.274
71949,0.272,0.272,0.272
71950,0.276,0.276,0.276
71951,0.28,0.28,0.28
71952,0.288,0.288,0.288
71953,0.302,0.302,0.302
71954,0.298,0.298,0.298
71955,0.31,0.31,0.31
71956,0.312,0.296,0.296
71957,0.358,0.282,0.282
71958,0.342,0.268,0.268
71959,0.338,0.24,0.24
71960,0.338,0.224,0.224
71961,0.344,0.218,0.218
71962,0.342,0.184,0.184
71963,0.33,0.182,0.182
71964,0.332,0.17,0.17
71965,0.342,0.166,0.166
71966,0.336,0.152,0.152
71967,0.382,0.148,0.148
71968,0.368,0.12,0.12
71969,0.35,0.116,0.116
71970,0.376,0.102,0.102
71971,0.406,0.066,0.066
71972,0.39,0.042,0.042
71973,0.39,0.036,0.036
71974,0.372,0.02,0.02
71975,0.368,0.018,0.018
71976,0.38,0.016,0.016
71977,0.368,0.016,0.016
71978,0.372,0.01,0.01
71979,0.358,0.01,0.01
71980,0.366,0.004,0.004
71981,0.372,0.004,0.004
71982,0.382,0.004,0.004
71983,0.388,0.004,0.004
71984,0.39,0,0
71985,0.382,0,0
71986,0.386,0,0
71987,0.416,0,0
71988,0.406,0,0
71989,0.406,0,0
71990,0.404,0,0
71991,0.404,0,0
71992,0.402,0,0
71993,0.404,0,0
71994,0.426,0,0
71995,0.422,0,0
71996,0.418,0,0
71997,0.418,0,0
71998,0.412,0,0
71999,0.414,0,0
72000,0.398,0,0
72001,0.388,0,0
72002,0.39,0,0
72003,0.378,0,0
72004,0.374,0,0
72005,0.384,0,0
72006,0.446,0,0
72007,0.432,0,0
72008,0.442,0,0
72009,0.44,0,0
72010,0.432,0,0
72011,0.436,0,0
72012,0.432,0,0
72013,0.43,0,0
72014,0.43,0,0
72015,0.41,0,0
72016,0.422,0,0
72017,0.43,0,0
72018,0.426,0,0
72019,0.42,0,0
72020,0.434,0,0
72021,0.422,0,0
72022,0.428,0,0
72023,0.44,0,0
72024,0.428,0,0
72025,0.428,0,0
72026,0.418,0,0
72027,0.41,0,0
72028,0.416,0,0
72029,0.402,0,0
72030,0.398,0,0
72031,0.394,0,0
72032,0.396,0,0
72033,0.384,0,0
72034,0.378,0,0
72035,0.37,0,0
72036,0.36,0,0
72037,0.35,0,0
72038,0.35,0,0
72039,0.346,0,0
72040,0.342,0,0
72041,0.336,0,0
72042,0.332,0,0
72043,0.326,0,0
72044,0.314,0,0
72045,0.318,0,0
72046,0.312,0,0
72047,0.294,0,0
72048,0.292,0,0
72049,0.294,0,0
72050,0.288,0,0
72051,0.284,0,0
72052,0.292,0,0
72053,0.306,0,0
72054,0.296,0,0
72055,0.282,0,0
72056,0.268,0,0
72057,0.24,0,0
72058,0.224,0,0
72059,0.218,0,0
72060,0.184,0,0
72061,0.182,0,0
72062,0.17,0,0
72063,0.166,0,0
72064,0.152,0,0
72065,0.148,0,0
72066,0.12,0,0
72067,0.116,0,0
72068,0.102,0,0
72069,0.066,0,0
72070,0.042,0,0
72071,0.036,0,0
72072,0.02,0,0
72073,0.018,0,0
72074,0.016,0,0
72075,0.016,0,0
72076,0.01,0,0
72077,0.01,0,0
72078,0.004,0,0
72079,0.004,0,0
72080,0.004,0,0
72081,0.004,0,0
72082,0,0,0
72083,0,0,0
72084,0,0,0
72085,0,0,0
72086,0,0,0
72087,0,0,0
72088,0,0,0
72089,0,0,0
72090,0,0,0
72091,0,0,0
72092,0,0,0
72093,0,0,0
72094,0,0,0
72095,0,0,0
72096,0,0,0
72097,0,0,0
72098,0,0,0
72099,0,0,0
72100,0,0,0
72101,0,0,0
72102,0,0,0
72103,0,0,0
72104,0,0,0
72105,0,0,0
72106,0,0,0
72107,0,0,0
72108,0,0,0
72109,0,0,0
72110,0,0,0
72111,0,0,0
72112,0,0,0
72113,0,0,0
72114,0,0,0
72115,0,0,0
72116,0,0,0
72117,0,0,0
72118,0,0,0
72119,0,0,0
72120,0,0,0
72121,0,0,0
72122,0,0,0
72123,0,0,0
72124,0,0,0
72125,0,0,0
72126,0,0,0
72127,0,0,0
72128,0,0,0
72129,0,0,0
72130,0,0,0
72131,0,0,0
72132,0.008,0.008,0.008
72133,0,0,0
72134,0,0,0
72135,0,0,0
72136,0,0,0
72137,0,0,0
72138,0,0,0
72139,0,0,0
72140,0,0,0
72141,0,0,0
72142,0,0,0
72143,0,0,0
72144,0,0,0
72145,0,0,0
72146,0,0,0
72147,0,0,0
72148,0,0,0
72149,0,0,0
72150,0,0,0
72151,0,0,0
72152,0,0,0
72153,0,0,0
72154,0,0,0
72155,0,0,0
72156,0,0,0
72157,0,0,0
72158,0,0,0
72159,0,0,0
72160,0,0,0
72161,0,0,0
72162,0.004,0.004,0.004
72163,0,0,0
72164,0,0,0
72165,0,0,0
72166,0,0,0
72167,0,0,0
72168,0,0,0
72169,0,0,0
72170,0,0,0
72171,0,0,0
72172,0,0,0
72173,0,0,0
72174,0.004,0.004,0.004
72175,0.01,0.01,0.01
72176,0.014,0.014,0.014
72177,0.018,0.018,0.018
72178,0.02,0.02,0.02
72179,0.018,0.018,0.018
72180,0.018,0.018,0.018
72181,0.052,0.052,0.052
72182,0.052,0.052,0.052
72183,0.052,0.052,0.052
72184,0.046,0.046,0.046
72185,0.044,0.044,0.044
72186,0.044,0.044,0.044
72187,0.05,0.05,0.05
72188,0.046,0.046,0.046
72189,0.044,0.044,0.044
72190,0.038,0.038,0.038
72191,0.038,0.038,0.038
72192,0.038,0.038,0.038
72193,0.048,0.048,0.048
72194,0.058,0.058,0.058
72195,0.068,0.068,0.068
72196,0.058,0.058,0.058
72197,0.054,0.054,0.054
72198,0.05,0.05,0.05
72199,0.072,0.072,0.072
72200,0.088,0.088,0.088
72201,0.11,0.11,0.11
72202,0.098,0.098,0.098
72203,0.112,0.112,0.112
72204,0.104,0.104,0.104
72205,0.134,0.134,0.134
72206,0.14,0.14,0.14
72207,0.122,0.122,0.122
72208,0.118,0.118,0.118
72209,0.12,0.12,0.12
72210,0.106,0.106,0.106
72211,0.072,0.072,0.072
72212,0.054,0.054,0.054
72213,0.054,0.054,0.054
72214,0.12,0.12,0.12
72215,0.168,0.168,0.168
72216,0.15,0.15,0.15
72217,0.128,0.128,0.128
72218,0.124,0.124,0.124
72219,0.146,0.146,0.146
72220,0.146,0.146,0.146
72221,0.144,0.144,0.144
72222,0.136,0.136,0.136
72223,0.132,0.132,0.132
72224,0.118,0.118,0.118
72225,0.13,0.13,0.13
72226,0.106,0.106,0.106
72227,0.116,0.116,0.116
72228,0.126,0.126,0.126
72229,0.12,0.12,0.12
72230,0.14,0.14,0.14
72231,0.126,0.126,0.126
72232,0.122,0.122,0.122
72233,0.118,0.118,0.118
72234,0.106,0.106,0.106
72235,0.118,0.118,0.118
72236,0.12,0.12,0.12
72237,0.108,0.108,0.108
72238,0.124,0.124,0.124
72239,0.126,0.126,0.126
72240,0.106,0.106,0.106
72241,0.098,0.098,0.098
72242,0.106,0.106,0.106
72243,0.116,0.116,0.116
72244,0.116,0.116,0.116
72245,0.13,0.13,0.13
72246,0.148,0.148,0.148
72247,0.154,0.154,0.154
72248,0.134,0.134,0.134
72249,0.154,0.154,0.154
72250,0.132,0.132,0.132
72251,0.126,0.126,0.126
72252,0.122,0.122,0.122
72253,0.134,0.134,0.134
72254,0.142,0.142,0.142
72255,0.136,0.136,0.136
72256,0.122,0.122,0.122
72257,0.16,0.16,0.16
72258,0.188,0.188,0.188
72259,0.154,0.154,0.154
72260,0.188,0.188,0.188
72261,0.17,0.17,0.17
72262,0.174,0.174,0.174
72263,0.17,0.17,0.17
72264,0.162,0.162,0.162
72265,0.158,0.158,0.158
72266,0.156,0.156,0.156
72267,0.164,0.164,0.164
72268,0.16,0.16,0.16
72269,0.164,0.164,0.164
72270,0.112,0.112,0.112
72271,0.154,0.154,0.154
72272,0.154,0.154,0.154
72273,0.154,0.154,0.154
72274,0.158,0.158,0.158
72275,0.156,0.156,0.156
72276,0.156,0.156,0.156
72277,0.16,0.16,0.16
72278,0.138,0.138,0.138
72279,0.15,0.15,0.15
72280,0.154,0.154,0.154
72281,0.162,0.162,0.162
72282,0.172,0.172,0.172
72283,0.17,0.17,0.17
72284,0.19,0.19,0.19
72285,0.23,0.23,0.23
72286,0.274,0.274,0.274
72287,0.246,0.246,0.246
72288,0.24,0.24,0.24
72289,0.276,0.276,0.276
72290,0.308,0.308,0.308
72291,0.248,0.248,0.248
72292,0.264,0.264,0.264
72293,0.262,0.262,0.262
72294,0.304,0.304,0.304
72295,0.302,0.302,0.302
72296,0.29,0.29,0.29
72297,0.246,0.246,0.246
72298,0.248,0.248,0.248
72299,0.244,0.244,0.244
72300,0.222,0.222,0.222
72301,0.228,0.228,0.228
72302,0.234,0.234,0.234
72303,0.238,0.238,0.238
72304,0.246,0.246,0.246
72305,0.242,0.242,0.242
72306,0.248,0.248,0.248
72307,0.238,0.238,0.238
72308,0.25,0.25,0.25
72309,0.248,0.248,0.248
72310,0.248,0.248,0.248
72311,0.278,0.278,0.278
72312,0.268,0.268,0.268
72313,0.274,0.274,0.274
72314,0.272,0.272,0.272
72315,0.276,0.276,0.276
72316,0.28,0.28,0.28
72317,0.288,0.288,0.288
72318,0.302,0.302,0.302
72319,0.298,0.298,0.298
72320,0.31,0.296,0.296
72321,0.312,0.282,0.282
72322,0.358,0.268,0.268
72323,0.342,0.24,0.24
72324,0.338,0.224,0.224
72325,0.338,0.218,0.218
72326,0.344,0.184,0.184
72327,0.342,0.182,0.182
72328,0.33,0.17,0.17
72329,0.332,0.166,0.166
72330,0.342,0.152,0.152
72331,0.336,0.148,0.148
72332,0.382,0.12,0.12
72333,0.368,0.116,0.116
72334,0.35,0.102,0.102
72335,0.376,0.066,0.066
72336,0.406,0.042,0.042
72337,0.39,0.036,0.036
72338,0.39,0.02,0.02
72339,0.372,0.018,0.018
72340,0.368,0.016,0.016
72341,0.38,0.016,0.016
72342,0.368,0.01,0.01
72343,0.372,0.01,0.01
72344,0.358,0.004,0.004
72345,0.366,0.004,0.004
72346,0.372,0.004,0.004
72347,0.382,0.004,0.004
72348,0.388,0,0
72349,0.39,0,0
72350,0.382,0,0
72351,0.386,0,0
72352,0.416,0,0
72353,0.406,0,0
72354,0.406,0,0
72355,0.404,0,0
72356,0.404,0,0
72357,0.402,0,0
72358,0.404,0,0
72359,0.426,0,0
72360,0.422,0,0
72361,0.418,0,0
72362,0.418,0,0
72363,0.412,0,0
72364,0.414,0,0
72365,0.398,0,0
72366,0.388,0,0
72367,0.39,0,0
72368,0.378,0,0
72369,0.374,0,0
72370,0.384,0,0
72371,0.446,0,0
72372,0.432,0,0
72373,0.442,0,0
72374,0.44,0,0
72375,0.432,0,0
72376,0.436,0,0
72377,0.432,0,0
72378,0.43,0,0
72379,0.43,0,0
72380,0.41,0,0
72381,0.422,0,0
72382,0.43,0,0
72383,0.426,0,0
72384,0.42,0,0
72385,0.434,0,0
72386,0.422,0,0
72387,0.428,0,0
72388,0.44,0,0
72389,0.428,0,0
72390,0.428,0,0
72391,0.418,0,0
72392,0.41,0,0
72393,0.416,0,0
72394,0.402,0,0
72395,0.398,0,0
72396,0.394,0,0
72397,0.396,0,0
72398,0.384,0,0
72399,0.378,0,0
72400,0.37,0,0
72401,0.36,0,0
72402,0.35,0,0
72403,0.35,0,0
72404,0.346,0,0
72405,0.342,0,0
72406,0.336,0,0
72407,0.332,0,0
72408,0.326,0,0
72409,0.314,0,0
72410,0.318,0,0
72411,0.312,0,0
72412,0.294,0,0
72413,0.292,0,0
72414,0.294,0,0
72415,0.288,0,0
72416,0.284,0,0
72417,0.292,0,0
72418,0.306,0,0
72419,0.296,0,0
72420,0.282,0,0
72421,0.268,0,0
72422,0.24,0,0
72423,0.224,0,0
72424,0.218,0,0
72425,0.184,0,0
72426,0.182,0,0
72427,0.17,0,0
72428,0.166,0,0
72429,0.152,0,0
72430,0.148,0,0
72431,0.12,0,0
72432,0.116,0,0
72433,0.102,0,0
72434,0.066,0,0
72435,0.042,0,0
72436,0.036,0,0
72437,0.02,0,0
72438,0.018,0,0
72439,0.016,0,0
72440,0.016,0,0
72441,0.01,0,0
72442,0.01,0,0
72443,0.004,0,0
72444,0.004,0,0
72445,0.004,0,0
72446,0.004,0,0
72447,0,0,0
72448,0,0,0
72449,0,0,0
72450,0,0,0
72451,0,0,0
72452,0,0,0
72453,0,0,0
72454,0,0,0
72455,0,0,0
72456,0,0,0
72457,0,0,0
72458,0,0,0
72459,0,0,0
72460,0,0,0
72461,0,0,0
72462,0,0,0
72463,0,0,0
72464,0,0,0
72465,0,0,0
72466,0,0,0
72467,0,0,0
72468,0,0,0
72469,0,0,0
72470,0,0,0
72471,0,0,0
72472,0,0,0
72473,0,0,0
72474,0,0,0
72475,0,0,0
72476,0,0,0
72477,0,0,0
72478,0,0,0
72479,0,0,0
72480,0,0,0
72481,0,0,0
72482,0,0,0
72483,0,0,0
72484,0,0,0
72485,0,0,0
72486,0,0,0
72487,0,0,0
72488,0,0,0
72489,0,0,0
72490,0,0,0
72491,0,0,0
72492,0,0,0
72493,0,0,0
72494,0,0,0
72495,0,0,0
72496,0,0,0
72497,0.008,0.008,0.008
72498,0,0,0
72499,0,0,0
72500,0,0,0
72501,0,0,0
72502,0,0,0
72503,0,0,0
72504,0,0,0
72505,0,0,0
72506,0,0,0
72507,0,0,0
72508,0,0,0
72509,0,0,0
72510,0,0,0
72511,0,0,0
72512,0,0,0
72513,0,0,0
72514,0,0,0
72515,0,0,0
72516,0,0,0
72517,0,0,0
72518,0,0,0
72519,0,0,0
72520,0,0,0
72521,0,0,0
72522,0,0,0
72523,0,0,0
72524,0,0,0
72525,0,0,0
72526,0,0,0
72527,0.004,0.004,0.004
72528,0,0,0
72529,0,0,0
72530,0,0,0
72531,0,0,0
72532,0,0,0
72533,0,0,0
72534,0,0,0
72535,0,0,0
72536,0,0,0
72537,0,0,0
72538,0,0,0
72539,0.004,0.004,0.004
72540,0.01,0.01,0.01
72541,0.014,0.014,0.014
72542,0.018,0.018,0.018
72543,0.02,0.02,0.02
72544,0.018,0.018,0.018
72545,0.018,0.018,0.018
72546,0.052,0.052,0.052
72547,0.052,0.052,0.052
72548,0.052,0.052,0.052
72549,0.046,0.046,0.046
72550,0.044,0.044,0.044
72551,0.044,0.044,0.044
72552,0.05,0.05,0.05
72553,0.046,0.046,0.046
72554,0.044,0.044,0.044
72555,0.038,0.038,0.038
72556,0.038,0.038,0.038
72557,0.038,0.038,0.038
72558,0.048,0.048,0.048
72559,0.058,0.058,0.058
72560,0.068,0.068,0.068
72561,0.058,0.058,0.058
72562,0.054,0.054,0.054
72563,0.05,0.05,0.05
72564,0.072,0.072,0.072
72565,0.088,0.088,0.088
72566,0.11,0.11,0.11
72567,0.098,0.098,0.098
72568,0.112,0.112,0.112
72569,0.104,0.104,0.104
72570,0.134,0.134,0.134
72571,0.14,0.14,0.14
72572,0.122,0.122,0.122
72573,0.118,0.118,0.118
72574,0.12,0.12,0.12
72575,0.106,0.106,0.106
72576,0.072,0.072,0.072
72577,0.054,0.054,0.054
72578,0.054,0.054,0.054
72579,0.12,0.12,0.12
72580,0.168,0.168,0.168
72581,0.15,0.15,0.15
72582,0.128,0.128,0.128
72583,0.124,0.124,0.124
72584,0.146,0.146,0.146
72585,0.146,0.146,0.146
72586,0.144,0.144,0.144
72587,0.136,0.136,0.136
72588,0.132,0.132,0.132
72589,0.118,0.118,0.118
72590,0.13,0.13,0.13
72591,0.106,0.106,0.106
72592,0.116,0.116,0.116
72593,0.126,0.126,0.126
72594,0.12,0.12,0.12
72595,0.14,0.14,0.14
72596,0.126,0.126,0.126
72597,0.122,0.122,0.122
72598,0.118,0.118,0.118
72599,0.106,0.106,0.106
72600,0.118,0.118,0.118
72601,0.12,0.12,0.12
72602,0.108,0.108,0.108
72603,0.124,0.124,0.124
72604,0.126,0.126,0.126
72605,0.106,0.106,0.106
72606,0.098,0.098,0.098
72607,0.106,0.106,0.106
72608,0.116,0.116,0.116
72609,0.116,0.116,0.116
72610,0.13,0.13,0.13
72611,0.148,0.148,0.148
72612,0.154,0.154,0.154
72613,0.134,0.134,0.134
72614,0.154,0.154,0.154
72615,0.132,0.132,0.132
72616,0.126,0.126,0.126
72617,0.122,0.122,0.122
72618,0.134,0.134,0.134
72619,0.142,0.142,0.142
72620,0.136,0.136,0.136
72621,0.122,0.122,0.122
72622,0.16,0.16,0.16
72623,0.188,0.188,0.188
72624,0.154,0.154,0.154
72625,0.188,0.188,0.188
72626,0.17,0.17,0.17
72627,0.174,0.174,0.174
72628,0.17,0.17,0.17
72629,0.162,0.162,0.162
72630,0.158,0.158,0.158
72631,0.156,0.156,0.156
72632,0.164,0.164,0.164
72633,0.16,0.16,0.16
72634,0.164,0.164,0.164
72635,0.112,0.112,0.112
72636,0.154,0.154,0.154
72637,0.154,0.154,0.154
72638,0.154,0.154,0.154
72639,0.158,0.158,0.158
72640,0.156,0.156,0.156
72641,0.156,0.156,0.156
72642,0.16,0.16,0.16
72643,0.138,0.138,0.138
72644,0.15,0.15,0.15
72645,0.154,0.154,0.154
72646,0.162,0.162,0.162
72647,0.172,0.172,0.172
72648,0.17,0.17,0.17
72649,0.19,0.19,0.19
72650,0.23,0.23,0.23
72651,0.274,0.274,0.274
72652,0.246,0.246,0.246
72653,0.24,0.24,0.24
72654,0.276,0.276,0.276
72655,0.308,0.308,0.308
72656,0.248,0.248,0.248
72657,0.264,0.264,0.264
72658,0.262,0.262,0.262
72659,0.304,0.304,0.304
72660,0.302,0.302,0.302
72661,0.29,0.29,0.29
72662,0.246,0.246,0.246
72663,0.248,0.248,0.248
72664,0.244,0.244,0.244
72665,0.222,0.222,0.222
72666,0.228,0.228,0.228
72667,0.234,0.234,0.234
72668,0.238,0.238,0.238
72669,0.246,0.246,0.246
72670,0.242,0.242,0.242
72671,0.248,0.248,0.248
72672,0.238,0.238,0.238
72673,0.25,0.25,0.25
72674,0.248,0.248,0.248
72675,0.248,0.248,0.248
72676,0.278,0.278,0.278
72677,0.268,0.268,0.268
72678,0.274,0.274,0.274
72679,0.272,0.272,0.272
72680,0.276,0.276,0.276
72681,0.28,0.28,0.28
72682,0.288,0.288,0.288
72683,0.302,0.302,0.302
72684,0.298,0.298,0.298
72685,0.31,0.296,0.296
72686,0.312,0.282,0.282
72687,0.358,0.268,0.268
72688,0.342,0.24,0.24
72689,0.338,0.224,0.224
72690,0.338,0.218,0.218
72691,0.344,0.184,0.184
72692,0.342,0.182,0.182
72693,0.33,0.17,0.17
72694,0.332,0.166,0.166
72695,0.342,0.152,0.152
72696,0.336,0.148,0.148
72697,0.382,0.12,0.12
72698,0.368,0.116,0.116
72699,0.35,0.102,0.102
72700,0.376,0.066,0.066
72701,0.406,0.042,0.042
72702,0.39,0.036,0.036
72703,0.39,0.02,0.02
72704,0.372,0.018,0.018
72705,0.368,0.016,0.016
72706,0.38,0.016,0.016
72707,0.368,0.01,0.01
72708,0.372,0.01,0.01
72709,0.358,0.004,0.004
72710,0.366,0.004,0.004
72711,0.372,0.004,0.004
72712,0.382,0.004,0.004
72713,0.388,0,0
72714,0.39,0,0
72715,0.382,0,0
72716,0.386,0,0
72717,0.416,0,0
72718,0.406,0,0
72719,0.406,0,0
72720,0.404,0,0
72721,0.404,0,0
72722,0.402,0,0
72723,0.404,0,0
72724,0.426,0,0
72725,0.422,0,0
72726,0.418,0,0
72727,0.418,0,0
72728,0.412,0,0
72729,0.414,0,0
72730,0.398,0,0
72731,0.388,0,0
72732,0.39,0,0
72733,0.378,0,0
72734,0.374,0,0
72735,0.384,0,0
72736,0.446,0,0
72737,0.432,0,0
72738,0.442,0,0
72739,0.44,0,0
72740,0.432,0,0
72741,0.436,0,0
72742,0.432,0,0
72743,0.43,0,0
72744,0.43,0,0
72745,0.41,0,0
72746,0.422,0,0
72747,0.43,0,0
72748,0.426,0,0
72749,0.42,0,0
72750,0.434,0,0
72751,0.422,0,0
72752,0.428,0,0
72753,0.44,0,0
72754,0.428,0,0
72755,0.428,0,0
72756,0.418,0,0
72757,0.41,0,0
72758,0.416,0,0
72759,0.402,0,0
72760,0.398,0,0
72761,0.394,0,0
72762,0.396,0,0
72763,0.384,0,0
72764,0.378,0,0
72765,0.37,0,0
72766,0.36,0,0
72767,0.35,0,0
72768,0.35,0,0
72769,0.346,0,0
72770,0.342,0,0
72771,0.336,0,0
72772,0.332,0,0
72773,0.326,0,0
72774,0.314,0,0
72775,0.318,0,0
72776,0.312,0,0
72777,0.294,0,0
72778,0.292,0,0
72779,0.294,0,0
72780,0.288,0,0
72781,0.284,0,0
72782,0.292,0,0
72783,0.306,0,0
72784,0.296,0,0
72785,0.282,0,0
72786,0.268,0,0
72787,0.24,0,0
72788,0.224,0,0
72789,0.218,0,0
72790,0.184,0,0
72791,0.182,0,0
72792,0.17,0,0
72793,0.166,0,0
72794,0.152,0,0
72795,0.148,0,0
72796,0.12,0,0
72797,0.116,0,0
72798,0.102,0,0
72799,0.066,0,0
72800,0.042,0,0
72801,0.036,0,0
72802,0.02,0,0
72803,0.018,0,0
72804,0.016,0,0
72805,0.016,0,0
72806,0.01,0,0
72807,0.01,0,0
72808,0.004,0,0
72809,0.004,0,0
72810,0.004,0,0
72811,0.004,0,0
72812,0,0,0
72813,0,0,0
72814,0,0,0
72815,0,0,0
72816,0,0,0
72817,0,0,0
72818,0,0,0
72819,0,0,0
72820,0,0,0
72821,0,0,0
72822,0,0,0
72823,0,0,0
72824,0,0,0
72825,0,0,0
72826,0,0,0
72827,0,0,0
72828,0,0,0
72829,0,0,0
72830,0,0,0
72831,0,0,0
72832,0,0,0
72833,0,0,0
72834,0,0,0
72835,0,0,0
72836,0,0,0
72837,0,0,0
72838,0,0,0
72839,0,0,0
72840,0,0,0
72841,0,0,0
72842,0,0,0
72843,0,0,0
72844,0,0,0
72845,0,0,0
72846,0,0,0
72847,0,0,0
72848,0,0,0
72849,0,0,0
72850,0,0,0
72851,0,0,0
72852,0,0,0
72853,0,0,0
72854,0,0,0
72855,0,0,0
72856,0,0,0
72857,0,0,0
72858,0,0,0
72859,0,0,0
72860,0,0,0
72861,0,0,0
72862,0.008,0.008,0.008
72863,0,0,0
72864,0,0,0
72865,0,0,0
72866,0,0,0
72867,0,0,0
72868,0,0,0
72869,0,0,0
72870,0,0,0
72871,0,0,0
72872,0,0,0
72873,0,0,0
72874,0,0,0
72875,0,0,0
72876,0,0,0
72877,0,0,0
72878,0,0,0
72879,0,0,0
72880,0,0,0
72881,0,0,0
72882,0,0,0
72883,0,0,0
72884,0,0,0
72885,0,0,0
72886,0,0,0
72887,0,0,0
72888,0,0,0
72889,0,0,0
72890,0,0,0
72891,0,0,0
72892,0.004,0.004,0.004
72893,0,0,0
72894,0,0,0
72895,0,0,0
72896,0,0,0
72897,0,0,0
72898,0,0,0
72899,0,0,0
72900,0,0,0
72901,0,0,0
72902,0,0,0
72903,0,0,0
72904,0.004,0.004,0.004
72905,0.01,0.01,0.01
72906,0.014,0.014,0.014
72907,0.018,0.018,0.018
72908,0.02,0.02,0.02
72909,0.018,0.018,0.018
72910,0.018,0.018,0.018
72911,0.052,0.052,0.052
72912,0.052,0.052,0.052
72913,0.052,0.052,0.052
72914,0.046,0.046,0.046
72915,0.044,0.044,0.044
72916,0.044,0.044,0.044
72917,0.05,0.05,0.05
72918,0.046,0.046,0.046
72919,0.044,0.044,0.044
72920,0.038,0.038,0.038
72921,0.038,0.038,0.038
72922,0.038,0.038,0.038
72923,0.048,0.048,0.048
72924,0.058,0.058,0.058
72925,0.068,0.068,0.068
72926,0.058,0.058,0.058
72927,0.054,0.054,0.054
72928,0.05,0.05,0.05
72929,0.072,0.072,0.072
72930,0.088,0.088,0.088
72931,0.11,0.11,0.11
72932,0.098,0.098,0.098
72933,0.112,0.112,0.112
72934,0.104,0.104,0.104
72935,0.134,0.134,0.134
72936,0.14,0.14,0.14
72937,0.122,0.122,0.122
72938,0.118,0.118,0.118
72939,0.12,0.12,0.12
72940,0.106,0.106,0.106
72941,0.072,0.072,0.072
72942,0.054,0.054,0.054
72943,0.054,0.054,0.054
72944,0.12,0.12,0.12
72945,0.168,0.168,0.168
72946,0.15,0.15,0.15
72947,0.128,0.128,0.128
72948,0.124,0.124,0.124
72949,0.146,0.146,0.146
72950,0.146,0.146,0.146
72951,0.144,0.144,0.144
72952,0.136,0.136,0.136
72953,0.132,0.132,0.132
72954,0.118,0.118,0.118
72955,0.13,0.13,0.13
72956,0.106,0.106,0.106
72957,0.116,0.116,0.116
72958,0.126,0.126,0.126
72959,0.12,0.12,0.12
72960,0.14,0.14,0.14
72961,0.126,0.126,0.126
72962,0.122,0.122,0.122
72963,0.118,0.118,0.118
72964,0.106,0.106,0.106
72965,0.118,0.118,0.118
72966,0.12,0.12,0.12
72967,0.108,0.108,0.108
72968,0.124,0.124,0.124
72969,0.126,0.126,0.126
72970,0.106,0.106,0.106
72971,0.098,0.098,0.098
72972,0.106,0.106,0.106
72973,0.116,0.116,0.116
72974,0.116,0.116,0.116
72975,0.13,0.13,0.13
72976,0.148,0.148,0.148
72977,0.154,0.154,0.154
72978,0.134,0.134,0.134
72979,0.154,0.154,0.154
72980,0.132,0.132,0.132
72981,0.126,0.126,0.126
72982,0.122,0.122,0.122
72983,0.134,0.134,0.134
72984,0.142,0.142,0.142
72985,0.136,0.136,0.136
72986,0.122,0.122,0.122
72987,0.16,0.16,0.16
72988,0.188,0.188,0.188
72989,0.154,0.154,0.154
72990,0.188,0.188,0.188
72991,0.17,0.17,0.17
72992,0.174,0.174,0.174
72993,0.17,0.17,0.17
72994,0.162,0.162,0.162
72995,0.158,0.158,0.158
72996,0.156,0.156,0.156
72997,0.164,0.164,0.164
72998,0.16,0.16,0.16
72999,0.164,0.164,0.164
73000,0.112,0.112,0.112
73001,0.154,0.154,0.154
73002,0.154,0.154,0.154
73003,0.154,0.154,0.154
73004,0.158,0.158,0.158
73005,0.156,0.156,0.156
73006,0.156,0.156,0.156
73007,0.16,0.16,0.16
73008,0.138,0.138,0.138
73009,0.15,0.15,0.15
73010,0.154,0.154,0.154
73011,0.162,0.162,0.162
73012,0.172,0.172,0.172
73013,0.17,0.17,0.17
73014,0.19,0.19,0.19
73015,0.23,0.23,0.23
73016,0.274,0.274,0.274
73017,0.246,0.246,0.246
73018,0.24,0.24,0.24
73019,0.276,0.276,0.276
73020,0.308,0.308,0.308
73021,0.248,0.248,0.248
73022,0.264,0.264,0.264
73023,0.262,0.262,0.262
73024,0.304,0.304,0.304
73025,0.302,0.302,0.302
73026,0.29,0.29,0.29
73027,0.246,0.246,0.246
73028,0.248,0.248,0.248
73029,0.244,0.244,0.244
73030,0.222,0.222,0.222
73031,0.228,0.228,0.228
73032,0.234,0.234,0.234
73033,0.238,0.238,0.238
73034,0.246,0.246,0.246
73035,0.242,0.242,0.242
73036,0.248,0.248,0.248
73037,0.238,0.238,0.238
73038,0.25,0.25,0.25
73039,0.248,0.248,0.248
73040,0.248,0.248,0.248
73041,0.278,0.278,0.278
73042,0.268,0.268,0.268
73043,0.274,0.274,0.274
73044,0.272,0.272,0.272
73045,0.276,0.276,0.276
73046,0.28,0.28,0.28
73047,0.288,0.288,0.288
73048,0.302,0.302,0.302
73049,0.298,0.296,0.296
73050,0.31,0.282,0.282
73051,0.312,0.268,0.268
73052,0.358,0.24,0.24
73053,0.342,0.224,0.224
73054,0.338,0.218,0.218
73055,0.338,0.184,0.184
73056,0.344,0.182,0.182
73057,0.342,0.17,0.17
73058,0.33,0.166,0.166
73059,0.332,0.152,0.152
73060,0.342,0.148,0.148
73061,0.336,0.12,0.12
73062,0.382,0.116,0.116
73063,0.368,0.102,0.102
73064,0.35,0.066,0.066
73065,0.376,0.042,0.042
73066,0.406,0.036,0.036
73067,0.39,0.02,0.02
73068,0.39,0.018,0.018
73069,0.372,0.016,0.016
73070,0.368,0.016,0.016
73071,0.38,0.01,0.01
73072,0.368,0.01,0.01
73073,0.372,0.004,0.004
73074,0.358,0.004,0.004
73075,0.366,0.004,0.004
73076,0.372,0.004,0.004
73077,0.382,0,0
73078,0.388,0,0
73079,0.39,0,0
73080,0.382,0,0
73081,0.386,0,0
73082,0.416,0,0
73083,0.406,0,0
73084,0.406,0,0
73085,0.404,0,0
73086,0.404,0,0
73087,0.402,0,0
73088,0.404,0,0
73089,0.426,0,0
73090,0.422,0,0
73091,0.418,0,0
73092,0.418,0,0
73093,0.412,0,0
73094,0.414,0,0
73095,0.398,0,0
73096,0.388,0,0
73097,0.39,0,0
73098,0.378,0,0
73099,0.374,0,0
73100,0.384,0,0
73101,0.446,0,0
73102,0.432,0,0
73103,0.442,0,0
73104,0.44,0,0
73105,0.432,0,0
73106,0.436,0,0
73107,0.432,0,0
73108,0.43,0,0
73109,0.43,0,0
73110,0.41,0,0
73111,0.422,0,0
73112,0.43,0,0
73113,0.426,0,0
73114,0.42,0,0
73115,0.434,0,0
73116,0.422,0,0
73117,0.428,0,0
73118,0.44,0,0
73119,0.428,0,0
73120,0.428,0,0
73121,0.418,0,0
73122,0.41,0,0
73123,0.416,0,0
73124,0.402,0,0
73125,0.398,0,0
73126,0.394,0,0
73127,0.396,0,0
73128,0.384,0,0
73129,0.378,0,0
73130,0.37,0,0
73131,0.36,0,0
73132,0.35,0,0
73133,0.35,0,0
73134,0.346,0,0
73135,0.342,0,0
73136,0.336,0,0
73137,0.332,0,0
73138,0.326,0,0
73139,0.314,0,0
73140,0.318,0,0
73141,0.312,0,0
73142,0.294,0,0
73143,0.292,0,0
73144,0.294,0,0
73145,0.288,0,0
73146,0.284,0,0
73147,0.292,0,0
73148,0.306,0,0
73149,0.296,0,0
73150,0.282,0,0
73151,0.268,0,0
73152,0.24,0,0
73153,0.224,0,0
73154,0.218,0,0
73155,0.184,0,0
73156,0.182,0,0
73157,0.17,0,0
73158,0.166,0,0
73159,0.152,0,0
73160,0.148,0,0
73161,0.12,0,0
73162,0.116,0,0
73163,0.102,0,0
73164,0.066,0,0
73165,0.042,0,0
73166,0.036,0,0
73167,0.02,0,0
73168,0.018,0,0
73169,0.016,0,0
73170,0.016,0,0
73171,0.01,0,0
73172,0.01,0,0
73173,0.004,0,0
73174,0.004,0,0
73175,0.004,0,0
73176,0.004,0,0
73177,0,0,0
73178,0,0,0
73179,0,0,0
73180,0,0,0
73181,0,0,0
73182,0,0,0
73183,0,0,0
73184,0,0,0
73185,0,0,0
73186,0,0,0
73187,0,0,0
73188,0,0,0
73189,0,0,0
73190,0,0,0
73191,0,0,0
73192,0,0,0
73193,0,0,0
73194,0,0,0
73195,0,0,0
73196,0,0,0
73197,0,0,0
73198,0,0,0
73199,0,0,0
73200,0,0,0
73201,0,0,0
73202,0,0,0
73203,0,0,0
73204,0,0,0
73205,0,0,0
73206,0,0,0
73207,0,0,0
73208,0,0,0
73209,0,0,0
73210,0,0,0
73211,0,0,0
73212,0,0,0
73213,0,0,0
73214,0,0,0
73215,0,0,0
73216,0,0,0
73217,0,0,0
73218,0,0,0
73219,0,0,0
73220,0,0,0
73221,0,0,0
73222,0,0,0
73223,0,0,0
73224,0,0,0
73225,0,0,0
73226,0,0,0
73227,0.008,0.008,0.008
73228,0,0,0
73229,0,0,0
73230,0,0,0
73231,0,0,0
73232,0,0,0
73233,0,0,0
73234,0,0,0
73235,0,0,0
73236,0,0,0
73237,0,0,0
73238,0,0,0
73239,0,0,0
73240,0,0,0
73241,0,0,0
73242,0,0,0
73243,0,0,0
73244,0,0,0
73245,0,0,0
73246,0,0,0
73247,0,0,0
73248,0,0,0
73249,0,0,0
73250,0,0,0
73251,0,0,0
73252,0,0,0
73253,0,0,0
73254,0,0,0
73255,0,0,0
73256,0,0,0
73257,0.004,0.004,0.004
73258,0,0,0
73259,0,0,0
73260,0,0,0
73261,0,0,0
73262,0,0,0
73263,0,0,0
73264,0,0,0
73265,0,0,0
73266,0,0,0
73267,0,0,0
73268,0,0,0
73269,0.004,0.004,0.004
73270,0.01,0.01,0.01
73271,0.014,0.014,0.014
73272,0.018,0.018,0.018
73273,0.02,0.02,0.02
73274,0.018,0.018,0.018
73275,0.018,0.018,0.018
73276,0.052,0.052,0.052
73277,0.052,0.052,0.052
73278,0.052,0.052,0.052
73279,0.046,0.046,0.046
73280,0.044,0.044,0.044
73281,0.044,0.044,0.044
73282,0.05,0.05,0.05
73283,0.046,0.046,0.046
73284,0.044,0.044,0.044
73285,0.038,0.038,0.038
73286,0.038,0.038,0.038
73287,0.038,0.038,0.038
73288,0.048,0.048,0.048
73289,0.058,0.058,0.058
73290,0.068,0.068,0.068
73291,0.058,0.058,0.058
73292,0.054,0.054,0.054
73293,0.05,0.05,0.05
73294,0.072,0.072,0.072
73295,0.088,0.088,0.088
73296,0.11,0.11,0.11
73297,0.098,0.098,0.098
73298,0.112,0.112,0.112
73299,0.104,0.104,0.104
73300,0.134,0.134,0.134
73301,0.14,0.14,0.14
73302,0.122,0.122,0.122
73303,0.118,0.118,0.118
73304,0.12,0.12,0.12
73305,0.106,0.106,0.106
73306,0.072,0.072,0.072
73307,0.054,0.054,0.054
73308,0.054,0.054,0.054
73309,0.12,0.12,0.12
73310,0.168,0.168,0.168
73311,0.15,0.15,0.15
73312,0.128,0.128,0.128
73313,0.124,0.124,0.124
73314,0.146,0.146,0.146
73315,0.146,0.146,0.146
73316,0.144,0.144,0.144
73317,0.136,0.136,0.136
73318,0.132,0.132,0.132
73319,0.118,0.118,0.118
73320,0.13,0.13,0.13
73321,0.106,0.106,0.106
73322,0.116,0.116,0.116
73323,0.126,0.126,0.126
73324,0.12,0.12,0.12
73325,0.14,0.14,0.14
73326,0.126,0.126,0.126
73327,0.122,0.122,0.122
73328,0.118,0.118,0.118
73329,0.106,0.106,0.106
73330,0.118,0.118,0.118
73331,0.12,0.12,0.12
73332,0.108,0.108,0.108
73333,0.124,0.124,0.124
73334,0.126,0.126,0.126
73335,0.106,0.106,0.106
73336,0.098,0.098,0.098
73337,0.106,0.106,0.106
73338,0.116,0.116,0.116
73339,0.116,0.116,0.116
73340,0.13,0.13,0.13
73341,0.148,0.148,0.148
73342,0.154,0.154,0.154
73343,0.134,0.134,0.134
73344,0.154,0.154,0.154
73345,0.132,0.132,0.132
73346,0.126,0.126,0.126
73347,0.122,0.122,0.122
73348,0.134,0.134,0.134
73349,0.142,0.142,0.142
73350,0.136,0.136,0.136
73351,0.122,0.122,0.122
73352,0.16,0.16,0.16
73353,0.188,0.188,0.188
73354,0.154,0.154,0.154
73355,0.188,0.188,0.188
73356,0.17,0.17,0.17
73357,0.174,0.174,0.174
73358,0.17,0.17,0.17
73359,0.162,0.162,0.162
73360,0.158,0.158,0.158
73361,0.156,0.156,0.156
73362,0.164,0.164,0.164
73363,0.16,0.16,0.16
73364,0.164,0.164,0.164
73365,0.112,0.112,0.112
73366,0.154,0.154,0.154
73367,0.154,0.154,0.154
73368,0.154,0.154,0.154
73369,0.158,0.158,0.158
73370,0.156,0.156,0.156
73371,0.156,0.156,0.156
73372,0.16,0.16,0.16
73373,0.138,0.138,0.138
73374,0.15,0.15,0.15
73375,0.154,0.154,0.154
73376,0.162,0.162,0.162
73377,0.172,0.172,0.172
73378,0.17,0.17,0.17
73379,0.19,0.19,0.19
73380,0.23,0.23,0.23
73381,0.274,0.274,0.274
73382,0.246,0.246,0.246
73383,0.24,0.24,0.24
73384,0.276,0.276,0.276
73385,0.308,0.308,0.308
73386,0.248,0.248,0.248
73387,0.264,0.264,0.264
73388,0.262,0.262,0.262
73389,0.304,0.304,0.304
73390,0.302,0.302,0.302
73391,0.29,0.29,0.29
73392,0.246,0.246,0.246
73393,0.248,0.248,0.248
73394,0.244,0.244,0.244
73395,0.222,0.222,0.222
73396,0.228,0.228,0.228
73397,0.234,0.234,0.234
73398,0.238,0.238,0.238
73399,0.246,0.246,0.246
73400,0.242,0.242,0.242
73401,0.248,0.248,0.248
73402,0.238,0.238,0.238
73403,0.25,0.25,0.25
73404,0.248,0.248,0.248
73405,0.248,0.248,0.248
73406,0.278,0.278,0.278
73407,0.268,0.268,0.268
73408,0.274,0.274,0.274
73409,0.272,0.272,0.272
73410,0.276,0.276,0.276
73411,0.28,0.28,0.28
73412,0.288,0.288,0.288
73413,0.302,0.302,0.302
73414,0.298,0.296,0.296
73415,0.31,0.282,0.282
73416,0.312,0.268,0.268
73417,0.358,0.24,0.24
73418,0.342,0.224,0.224
73419,0.338,0.218,0.218
73420,0.338,0.184,0.184
73421,0.344,0.182,0.182
73422,0.342,0.17,0.17
73423,0.33,0.166,0.166
73424,0.332,0.152,0.152
73425,0.342,0.148,0.148
73426,0.336,0.12,0.12
73427,0.382,0.116,0.116
73428,0.368,0.102,0.102
73429,0.35,0.066,0.066
73430,0.376,0.042,0.042
73431,0.406,0.036,0.036
73432,0.39,0.02,0.02
73433,0.39,0.018,0.018
73434,0.372,0.016,0.016
73435,0.368,0.016,0.016
73436,0.38,0.01,0.01
73437,0.368,0.01,0.01
73438,0.372,0.004,0.004
73439,0.358,0.004,0.004
73440,0.366,0.004,0.004
73441,0.372,0.004,0.004
73442,0.382,0,0
73443,0.388,0,0
73444,0.39,0,0
73445,0.382,0,0
73446,0.386,0,0
73447,0.416,0,0
73448,0.406,0,0
73449,0.406,0,0
73450,0.404,0,0
73451,0.404,0,0
73452,0.402,0,0
73453,0.404,0,0
73454,0.426,0,0
73455,0.422,0,0
73456,0.418,0,0
73457,0.418,0,0
73458,0.412,0,0
73459,0.414,0,0
73460,0.398,0,0
73461,0.388,0,0
73462,0.39,0,0
73463,0.378,0,0
73464,0.374,0,0
73465,0.384,0,0
73466,0.446,0,0
73467,0.432,0,0
73468,0.442,0,0
73469,0.44,0,0
73470,0.432,0,0
73471,0.436,0,0
73472,0.432,0,0
73473,0.43,0,0
73474,0.43,0,0
73475,0.41,0,0
73476,0.422,0,0
73477,0.43,0,0
73478,0.426,0,0
73479,0.42,0,0
73480,0.434,0,0
73481,0.422,0,0
73482,0.428,0,0
73483,0.44,0,0
73484,0.428,0,0
73485,0.428,0,0
73486,0.418,0,0
73487,0.41,0,0
73488,0.416,0,0
73489,0.402,0,0
73490,0.398,0,0
73491,0.394,0,0
73492,0.396,0,0
73493,0.384,0,0
73494,0.378,0,0
73495,0.37,0,0
73496,0.36,0,0
73497,0.35,0,0
73498,0.35,0,0
73499,0.346,0,0
73500,0.342,0,0
73501,0.336,0,0
73502,0.332,0,0
73503,0.326,0,0
73504,0.314,0,0
73505,0.318,0,0
73506,0.312,0,0
73507,0.294,0,0
73508,0.292,0,0
73509,0.294,0,0
73510,0.288,0,0
73511,0.284,0,0
73512,0.292,0,0
73513,0.306,0,0
73514,0.296,0,0
73515,0.282,0,0
73516,0.268,0,0
73517,0.24,0,0
73518,0.224,0,0
73519,0.218,0,0
73520,0.184,0,0
73521,0.182,0,0
73522,0.17,0,0
73523,0.166,0,0
73524,0.152,0,0
73525,0.148,0,0
73526,0.12,0,0
73527,0.116,0,0
73528,0.102,0,0
73529,0.066,0,0
73530,0.042,0,0
73531,0.036,0,0
73532,0.02,0,0
73533,0.018,0,0
73534,0.016,0,0
73535,0.016,0,0
73536,0.01,0,0
73537,0.01,0,0
73538,0.004,0,0
73539,0.004,0,0
73540,0.004,0,0
73541,0.004,0,0
73542,0,0,0
73543,0,0,0
73544,0,0,0
73545,0,0,0
73546,0,0,0
73547,0,0,0
73548,0,0,0
73549,0,0,0
73550,0,0,0
73551,0,0,0
73552,0,0,0
73553,0,0,0
73554,0,0,0
73555,0,0,0
73556,0,0,0
73557,0,0,0
73558,0,0,0
73559,0,0,0
73560,0,0,0
73561,0,0,0
73562,0,0,0
73563,0,0,0
73564,0,0,0
73565,0,0,0
73566,0,0,0
73567,0,0,0
73568,0,0,0
73569,0,0,0
73570,0,0,0
73571,0,0,0
73572,0,0,0
73573,0,0,0
73574,0,0,0
73575,0,0,0
73576,0,0,0
73577,0,0,0
73578,0,0,0
73579,0,0,0
73580,0,0,0
73581,0,0,0
73582,0,0,0
73583,0,0,0
73584,0,0,0
73585,0,0,0
73586,0,0,0
73587,0,0,0
73588,0,0,0
73589,0,0,0
73590,0,0,0
73591,0,0,0
73592,0.008,0.008,0.008
73593,0,0,0
73594,0,0,0
73595,0,0,0
73596,0,0,0
73597,0,0,0
73598,0,0,0
73599,0,0,0
73600,0,0,0
73601,0,0,0
73602,0,0,0
73603,0,0,0
73604,0,0,0
73605,0,0,0
73606,0,0,0
73607,0,0,0
73608,0,0,0
73609,0,0,0
73610,0,0,0
73611,0,0,0
73612,0,0,0
73613,0,0,0
73614,0,0,0
73615,0,0,0
73616,0,0,0
73617,0,0,0
73618,0,0,0
73619,0,0,0
73620,0,0,0
73621,0,0,0
73622,0.004,0.004,0.004
73623,0,0,0
73624,0,0,0
73625,0,0,0
73626,0,0,0
73627,0,0,0
73628,0,0,0
73629,0,0,0
73630,0,0,0
73631,0,0,0
73632,0,0,0
73633,0,0,0
73634,0.004,0.004,0.004
73635,0.01,0.01,0.01
73636,0.014,0.014,0.014
73637,0.018,0.018,0.018
73638,0.02,0.02,0.02
73639,0.018,0.018,0.018
73640,0.018,0.018,0.018
73641,0.052,0.052,0.052
73642,0.052,0.052,0.052
73643,0.052,0.052,0.052
73644,0.046,0.046,0.046
73645,0.044,0.044,0.044
73646,0.044,0.044,0.044
73647,0.05,0.05,0.05
73648,0.046,0.046,0.046
73649,0.044,0.044,0.044
73650,0.038,0.038,0.038
73651,0.038,0.038,0.038
73652,0.038,0.038,0.038
73653,0.048,0.048,0.048
73654,0.058,0.058,0.058
73655,0.068,0.068,0.068
73656,0.058,0.058,0.058
73657,0.054,0.054,0.054
73658,0.05,0.05,0.05
73659,0.072,0.072,0.072
73660,0.088,0.088,0.088
73661,0.11,0.11,0.11
73662,0.098,0.098,0.098
73663,0.112,0.112,0.112
73664,0.104,0.104,0.104
73665,0.134,0.134,0.134
73666,0.14,0.14,0.14
73667,0.122,0.122,0.122
73668,0.118,0.118,0.118
73669,0.12,0.12,0.12
73670,0.106,0.106,0.106
73671,0.072,0.072,0.072
73672,0.054,0.054,0.054
73673,0.054,0.054,0.054
73674,0.12,0.12,0.12
73675,0.168,0.168,0.168
73676,0.15,0.15,0.15
73677,0.128,0.128,0.128
73678,0.124,0.124,0.124
73679,0.146,0.146,0.146
73680,0.146,0.146,0.146
73681,0.144,0.144,0.144
73682,0.136,0.136,0.136
73683,0.132,0.132,0.132
73684,0.118,0.118,0.118
73685,0.13,0.13,0.13
73686,0.106,0.106,0.106
73687,0.116,0.116,0.116
73688,0.126,0.126,0.126
73689,0.12,0.12,0.12
73690,0.14,0.14,0.14
73691,0.126,0.126,0.126
73692,0.122,0.122,0.122
73693,0.118,0.118,0.118
73694,0.106,0.106,0.106
73695,0.118,0.118,0.118
73696,0.12,0.12,0.12
73697,0.108,0.108,0.108
73698,0.124,0.124,0.124
73699,0.126,0.126,0.126
73700,0.106,0.106,0.106
73701,0.098,0.098,0.098
73702,0.106,0.106,0.106
73703,0.116,0.116,0.116
73704,0.116,0.116,0.116
73705,0.13,0.13,0.13
73706,0.148,0.148,0.148
73707,0.154,0.154,0.154
73708,0.134,0.134,0.134
73709,0.154,0.154,0.154
73710,0.132,0.132,0.132
73711,0.126,0.126,0.126
73712,0.122,0.122,0.122
73713,0.134,0.134,0.134
73714,0.142,0.142,0.142
73715,0.136,0.136,0.136
73716,0.122,0.122,0.122
73717,0.16,0.16,0.16
73718,0.188,0.188,0.188
73719,0.154,0.154,0.154
73720,0.188,0.188,0.188
73721,0.17,0.17,0.17
73722,0.174,0.174,0.174
73723,0.17,0.17,0.17
73724,0.162,0.162,0.162
73725,0.158,0.158,0.158
73726,0.156,0.156,0.156
73727,0.164,0.164,0.164
73728,0.16,0.16,0.16
73729,0.164,0.164,0.164
73730,0.112,0.112,0.112
73731,0.154,0.154,0.154
73732,0.154,0.154,0.154
73733,0.154,0.154,0.154
73734,0.158,0.158,0.158
73735,0.156,0.156,0.156
73736,0.156,0.156,0.156
73737,0.16,0.16,0.16
73738,0.138,0.138,0.138
73739,0.15,0.15,0.15
73740,0.154,0.154,0.154
73741,0.162,0.162,0.162
73742,0.172,0.172,0.172
73743,0.17,0.17,0.17
73744,0.19,0.19,0.19
73745,0.23,0.23,0.23
73746,0.274,0.274,0.274
73747,0.246,0.246,0.246
73748,0.24,0.24,0.24
73749,0.276,0.276,0.276
73750,0.308,0.308,0.308
73751,0.248,0.248,0.248
73752,0.264,0.264,0.264
73753,0.262,0.262,0.262
73754,0.304,0.304,0.304
73755,0.302,0.302,0.302
73756,0.29,0.29,0.29
73757,0.246,0.246,0.246
73758,0.248,0.248,0.248
73759,0.244,0.244,0.244
73760,0.222,0.222,0.222
73761,0.228,0.228,0.228
73762,0.234,0.234,0.234
73763,0.238,0.238,0.238
73764,0.246,0.246,0.246
73765,0.242,0.242,0.242
73766,0.248,0.248,0.248
73767,0.238,0.238,0.238
73768,0.25,0.25,0.25
73769,0.248,0.248,0.248
73770,0.248,0.248,0.248
73771,0.278,0.278,0.278
73772,0.268,0.268,0.268
73773,0.274,0.274,0.274
73774,0.272,0.272,0.272
73775,0.276,0.276,0.276
73776,0.28,0.28,0.28
73777,0.288,0.288,0.288
73778,0.302,0.296,0.296
73779,0.298,0.282,0.282
73780,0.31,0.268,0.268
73781,0.312,0.24,0.24
73782,0.358,0.224,0.224
73783,0.342,0.218,0.218
73784,0.338,0.184,0.184
73785,0.338,0.182,0.182
73786,0.344,0.17,0.17
73787,0.342,0.166,0.166
73788,0.33,0.152,0.152
73789,0.332,0.148,0.148
73790,0.342,0.12,0.12
73791,0.336,0.116,0.116
73792,0.382,0.102,0.102
73793,0.368,0.066,0.066
73794,0.35,0.042,0.042
73795,0.376,0.036,0.036
73796,0.406,0.02,0.02
73797,0.39,0.018,0.018
73798,0.39,0.016,0.016
73799,0.372,0.016,0.016
73800,0.368,0.01,0.01
73801,0.38,0.01,0.01
73802,0.368,0.004,0.004
73803,0.372,0.004,0.004
73804,0.358,0.004,0.004
73805,0.366,0.004,0.004
73806,0.372,0,0
73807,0.382,0,0
73808,0.388,0,0
73809,0.39,0,0
73810,0.382,0,0
73811,0.386,0,0
73812,0.416,0,0
73813,0.406,0,0
73814,0.406,0,0
73815,0.404,0,0
73816,0.404,0,0
73817,0.402,0,0
73818,0.404,0,0
73819,0.426,0,0
73820,0.422,0,0
73821,0.418,0,0
73822,0.418,0,0
73823,0.412,0,0
73824,0.414,0,0
73825,0.398,0,0
73826,0.388,0,0
73827,0.39,0,0
73828,0.378,0,0
73829,0.374,0,0
73830,0.384,0,0
73831,0.446,0,0
73832,0.432,0,0
73833,0.442,0,0
73834,0.44,0,0
73835,0.432,0,0
73836,0.436,0,0
73837,0.432,0,0
73838,0.43,0,0
73839,0.43,0,0
73840,0.41,0,0
73841,0.422,0,0
73842,0.43,0,0
73843,0.426,0,0
73844,0.42,0,0
73845,0.434,0,0
73846,0.422,0,0
73847,0.428,0,0
73848,0.44,0,0
73849,0.428,0,0
73850,0.428,0,0
73851,0.418,0,0
73852,0.41,0,0
73853,0.416,0,0
73854,0.402,0,0
73855,0.398,0,0
73856,0.394,0,0
73857,0.396,0,0
73858,0.384,0,0
73859,0.378,0,0
73860,0.37,0,0
73861,0.36,0,0
73862,0.35,0,0
73863,0.35,0,0
73864,0.346,0,0
73865,0.342,0,0
73866,0.336,0,0
73867,0.332,0,0
73868,0.326,0,0
73869,0.314,0,0
73870,0.318,0,0
73871,0.312,0,0
73872,0.294,0,0
73873,0.292,0,0
73874,0.294,0,0
73875,0.288,0,0
73876,0.284,0,0
73877,0.292,0,0
73878,0.306,0,0
73879,0.296,0,0
73880,0.282,0,0
73881,0.268,0,0
73882,0.24,0,0
73883,0.224,0,0
73884,0.218,0,0
73885,0.184,0,0
73886,0.182,0,0
73887,0.17,0,0
73888,0.166,0,0
73889,0.152,0,0
73890,0.148,0,0
73891,0.12,0,0
73892,0.116,0,0
73893,0.102,0,0
73894,0.066,0,0
73895,0.042,0,0
73896,0.036,0,0
73897,0.02,0,0
73898,0.018,0,0
73899,0.016,0,0
73900,0.016,0,0
73901,0.01,0,0
73902,0.01,0,0
73903,0.004,0,0
73904,0.004,0,0
73905,0.004,0,0
73906,0.004,0,0
73907,0,0,0
73908,0,0,0
73909,0,0,0
73910,0,0,0
73911,0,0,0
73912,0,0,0
73913,0,0,0
73914,0,0,0
73915,0,0,0
73916,0,0,0
73917,0,0,0
73918,0,0,0
73919,0,0,0
73920,0,0,0
73921,0,0,0
73922,0,0,0
73923,0,0,0
73924,0,0,0
73925,0,0,0
73926,0,0,0
73927,0,0,0
73928,0,0,0
73929,0,0,0
73930,0,0,0
73931,0,0,0
73932,0,0,0
73933,0,0,0
73934,0,0,0
73935,0,0,0
73936,0,0,0
73937,0,0,0
73938,0,0,0
73939,0,0,0
73940,0,0,0
73941,0,0,0
73942,0,0,0
73943,0,0,0
73944,0,0,0
73945,0,0,0
73946,0,0,0
73947,0,0,0
73948,0,0,0
73949,0,0,0
73950,0,0,0
73951,0,0,0
73952,0,0,0
73953,0,0,0
73954,0,0,0
73955,0,0,0
73956,0,0,0
73957,0.008,0.008,0.008
73958,0,0,0
73959,0,0,0
73960,0,0,0
73961,0,0,0
73962,0,0,0
73963,0,0,0
73964,0,0,0
73965,0,0,0
73966,0,0,0
73967,0,0,0
73968,0,0,0
73969,0,0,0
73970,0,0,0
73971,0,0,0
73972,0,0,0
73973,0,0,0
73974,0,0,0
73975,0,0,0
73976,0,0,0
73977,0,0,0
73978,0,0,0
73979,0,0,0
73980,0,0,0
73981,0,0,0
73982,0,0,0
73983,0,0,0
73984,0,0,0
73985,0,0,0
73986,0,0,0
73987,0.004,0.004,0.004
73988,0,0,0
73989,0,0,0
73990,0,0,0
73991,0,0,0
73992,0,0,0
73993,0,0,0
73994,0,0,0
73995,0,0,0
73996,0,0,0
73997,0,0,0
73998,0,0,0
73999,0.004,0.004,0.004
74000,0.01,0.01,0.01
74001,0.014,0.014,0.014
74002,0.018,0.018,0.018
74003,0.02,0.02,0.02
74004,0.018,0.018,0.018
74005,0.018,0.018,0.018
74006,0.052,0.052,0.052
74007,0.052,0.052,0.052
74008,0.052,0.052,0.052
74009,0.046,0.046,0.046
74010,0.044,0.044,0.044
74011,0.044,0.044,0.044
74012,0.05,0.05,0.05
74013,0.046,0.046,0.046
74014,0.044,0.044,0.044
74015,0.038,0.038,0.038
74016,0.038,0.038,0.038
74017,0.038,0.038,0.038
74018,0.048,0.048,0.048
74019,0.058,0.058,0.058
74020,0.068,0.068,0.068
74021,0.058,0.058,0.058
74022,0.054,0.054,0.054
74023,0.05,0.05,0.05
74024,0.072,0.072,0.072
74025,0.088,0.088,0.088
74026,0.11,0.11,0.11
74027,0.098,0.098,0.098
74028,0.112,0.112,0.112
74029,0.104,0.104,0.104
74030,0.134,0.134,0.134
74031,0.14,0.14,0.14
74032,0.122,0.122,0.122
74033,0.118,0.118,0.118
74034,0.12,0.12,0.12
74035,0.106,0.106,0.106
74036,0.072,0.072,0.072
74037,0.054,0.054,0.054
74038,0.054,0.054,0.054
74039,0.12,0.12,0.12
74040,0.168,0.168,0.168
74041,0.15,0.15,0.15
74042,0.128,0.128,0.128
74043,0.124,0.124,0.124
74044,0.146,0.146,0.146
74045,0.146,0.146,0.146
74046,0.144,0.144,0.144
74047,0.136,0.136,0.136
74048,0.132,0.132,0.132
74049,0.118,0.118,0.118
74050,0.13,0.13,0.13
74051,0.106,0.106,0.106
74052,0.116,0.116,0.116
74053,0.126,0.126,0.126
74054,0.12,0.12,0.12
74055,0.14,0.14,0.14
74056,0.126,0.126,0.126
74057,0.122,0.122,0.122
74058,0.118,0.118,0.118
74059,0.106,0.106,0.106
74060,0.118,0.118,0.118
74061,0.12,0.12,0.12
74062,0.108,0.108,0.108
74063,0.124,0.124,0.124
74064,0.126,0.126,0.126
74065,0.106,0.106,0.106
74066,0.098,0.098,0.098
74067,0.106,0.106,0.106
74068,0.116,0.116,0.116
74069,0.116,0.116,0.116
74070,0.13,0.13,0.13
74071,0.148,0.148,0.148
74072,0.154,0.154,0.154
74073,0.134,0.134,0.134
74074,0.154,0.154,0.154
74075,0.132,0.132,0.132
74076,0.126,0.126,0.126
74077,0.122,0.122,0.122
74078,0.134,0.134,0.134
74079,0.142,0.142,0.142
74080,0.136,0.136,0.136
74081,0.122,0.122,0.122
74082,0.16,0.16,0.16
74083,0.188,0.188,0.188
74084,0.154,0.154,0.154
74085,0.188,0.188,0.188
74086,0.17,0.17,0.17
74087,0.174,0.174,0.174
74088,0.17,0.17,0.17
74089,0.162,0.162,0.162
74090,0.158,0.158,0.158
74091,0.156,0.156,0.156
74092,0.164,0.164,0.164
74093,0.16,0.16,0.16
74094,0.164,0.164,0.164
74095,0.112,0.112,0.112
74096,0.154,0.154,0.154
74097,0.154,0.154,0.154
74098,0.154,0.154,0.154
74099,0.158,0.158,0.158
74100,0.156,0.156,0.156
74101,0.156,0.156,0.156
74102,0.16,0.16,0.16
74103,0.138,0.138,0.138
74104,0.15,0.15,0.15
74105,0.154,0.154,0.154
74106,0.162,0.162,0.162
74107,0.172,0.172,0.172
74108,0.17,0.17,0.17
74109,0.19,0.19,0.19
74110,0.23,0.23,0.23
74111,0.274,0.274,0.274
74112,0.246,0.246,0.246
74113,0.24,0.24,0.24
74114,0.276,0.276,0.276
74115,0.308,0.308,0.308
74116,0.248,0.248,0.248
74117,0.264,0.264,0.264
74118,0.262,0.262,0.262
74119,0.304,0.304,0.304
74120,0.302,0.302,0.302
74121,0.29,0.29,0.29
74122,0.246,0.246,0.246
74123,0.248,0.248,0.248
74124,0.244,0.244,0.244
74125,0.222,0.222,0.222
74126,0.228,0.228,0.228
74127,0.234,0.234,0.234
74128,0.238,0.238,0.238
74129,0.246,0.246,0.246
74130,0.242,0.242,0.242
74131,0.248,0.248,0.248
74132,0.238,0.238,0.238
74133,0.25,0.25,0.25
74134,0.248,0.248,0.248
74135,0.248,0.248,0.248
74136,0.278,0.278,0.278
74137,0.268,0.268,0.268
74138,0.274,0.274,0.274
74139,0.272,0.272,0.272
74140,0.276,0.276,0.276
74141,0.28,0.28,0.28
74142,0.288,0.288,0.288
74143,0.302,0.296,0.296
74144,0.298,0.282,0.282
74145,0.31,0.268,0.268
74146,0.312,0.24,0.24
74147,0.358,0.224,0.224
74148,0.342,0.218,0.218
74149,0.338,0.184,0.184
74150,0.338,0.182,0.182
74151,0.344,0.17,0.17
74152,0.342,0.166,0.166
74153,0.33,0.152,0.152
74154,0.332,0.148,0.148
74155,0.342,0.12,0.12
74156,0.336,0.116,0.116
74157,0.382,0.102,0.102
74158,0.368,0.066,0.066
74159,0.35,0.042,0.042
74160,0.376,0.036,0.036
74161,0.406,0.02,0.02
74162,0.39,0.018,0.018
74163,0.39,0.016,0.016
74164,0.372,0.016,0.016
74165,0.368,0.01,0.01
74166,0.38,0.01,0.01
74167,0.368,0.004,0.004
74168,0.372,0.004,0.004
74169,0.358,0.004,0.004
74170,0.366,0.004,0.004
74171,0.372,0,0
74172,0.382,0,0
74173,0.388,0,0
74174,0.39,0,0
74175,0.382,0,0
74176,0.386,0,0
74177,0.416,0,0
74178,0.406,0,0
74179,0.406,0,0
74180,0.404,0,0
74181,0.404,0,0
74182,0.402,0,0
74183,0.404,0,0
74184,0.426,0,0
74185,0.422,0,0
74186,0.418,0,0
74187,0.418,0,0
74188,0.412,0,0
74189,0.414,0,0
74190,0.398,0,0
74191,0.388,0,0
74192,0.39,0,0
74193,0.378,0,0
74194,0.374,0,0
74195,0.384,0,0
74196,0.446,0,0
74197,0.432,0,0
74198,0.442,0,0
74199,0.44,0,0
74200,0.432,0,0
74201,0.436,0,0
74202,0.432,0,0
74203,0.43,0,0
74204,0.43,0,0
74205,0.41,0,0
74206,0.422,0,0
74207,0.43,0,0
74208,0.426,0,0
74209,0.42,0,0
74210,0.434,0,0
74211,0.422,0,0
74212,0.428,0,0
74213,0.44,0,0
74214,0.428,0,0
74215,0.428,0,0
74216,0.418,0,0
74217,0.41,0,0
74218,0.416,0,0
74219,0.402,0,0
74220,0.398,0,0
74221,0.394,0,0
74222,0.396,0,0
74223,0.384,0,0
74224,0.378,0,0
74225,0.37,0,0
74226,0.36,0,0
74227,0.35,0,0
74228,0.35,0,0
74229,0.346,0,0
74230,0.342,0,0
74231,0.336,0,0
74232,0.332,0,0
74233,0.326,0,0
74234,0.314,0,0
74235,0.318,0,0
74236,0.312,0,0
74237,0.294,0,0
74238,0.292,0,0
74239,0.294,0,0
74240,0.288,0,0
74241,0.284,0,0
74242,0.292,0,0
74243,0.306,0,0
74244,0.296,0,0
74245,0.282,0,0
74246,0.268,0,0
74247,0.24,0,0
74248,0.224,0,0
74249,0.218,0,0
74250,0.184,0,0
74251,0.182,0,0
74252,0.17,0,0
74253,0.166,0,0
74254,0.152,0,0
74255,0.148,0,0
74256,0.12,0,0
74257,0.116,0,0
74258,0.102,0,0
74259,0.066,0,0
74260,0.042,0,0
74261,0.036,0,0
74262,0.02,0,0
74263,0.018,0,0
74264,0.016,0,0
74265,0.016,0,0
74266,0.01,0,0
74267,0.01,0,0
74268,0.004,0,0
74269,0.004,0,0
74270,0.004,0,0
74271,0.004,0,0
74272,0,0,0
74273,0,0,0
74274,0,0,0
74275,0,0,0
74276,0,0,0
74277,0,0,0
74278,0,0,0
74279,0,0,0
74280,0,0,0
74281,0,0,0
74282,0,0,0
74283,0,0,0
74284,0,0,0
74285,0,0,0
74286,0,0,0
74287,0,0,0
74288,0,0,0
74289,0,0,0
74290,0,0,0
74291,0,0,0
74292,0,0,0
74293,0,0,0
74294,0,0,0
74295,0,0,0
74296,0,0,0
74297,0,0,0
74298,0,0,0
74299,0,0,0
74300,0,0,0
74301,0,0,0
74302,0,0,0
74303,0,0,0
74304,0,0,0
74305,0,0,0
74306,0,0,0
74307,0,0,0
74308,0,0,0
74309,0,0,0
74310,0,0,0
74311,0,0,0
74312,0,0,0
74313,0,0,0
74314,0,0,0
74315,0,0,0
74316,0,0,0
74317,0,0,0
74318,0,0,0
74319,0,0,0
74320,0,0,0
74321,0,0,0
74322,0.008,0.008,0.008
74323,0,0,0
74324,0,0,0
74325,0,0,0
74326,0,0,0
74327,0,0,0
74328,0,0,0
74329,0,0,0
74330,0,0,0
74331,0,0,0
74332,0,0,0
74333,0,0,0
74334,0,0,0
74335,0,0,0
74336,0,0,0
74337,0,0,0
74338,0,0,0
74339,0,0,0
74340,0,0,0
74341,0,0,0
74342,0,0,0
74343,0,0,0
74344,0,0,0
74345,0,0,0
74346,0,0,0
74347,0,0,0
74348,0,0,0
74349,0,0,0
74350,0,0,0
74351,0,0,0
74352,0.004,0.004,0.004
74353,0,0,0
74354,0,0,0
74355,0,0,0
74356,0,0,0
74357,0,0,0
74358,0,0,0
74359,0,0,0
74360,0,0,0
74361,0,0,0
74362,0,0,0
74363,0,0,0
74364,0.004,0.004,0.004
74365,0.01,0.01,0.01
74366,0.014,0.014,0.014
74367,0.018,0.018,0.018
74368,0.02,0.02,0.02
74369,0.018,0.018,0.018
74370,0.018,0.018,0.018
74371,0.052,0.052,0.052
74372,0.052,0.052,0.052
74373,0.052,0.052,0.052
74374,0.046,0.046,0.046
74375,0.044,0.044,0.044
74376,0.044,0.044,0.044
74377,0.05,0.05,0.05
74378,0.046,0.046,0.046
74379,0.044,0.044,0.044
74380,0.038,0.038,0.038
74381,0.038,0.038,0.038
74382,0.038,0.038,0.038
74383,0.048,0.048,0.048
74384,0.058,0.058,0.058
74385,0.068,0.068,0.068
74386,0.058,0.058,0.058
74387,0.054,0.054,0.054
74388,0.05,0.05,0.05
74389,0.072,0.072,0.072
74390,0.088,0.088,0.088
74391,0.11,0.11,0.11
74392,0.098,0.098,0.098
74393,0.112,0.112,0.112
74394,0.104,0.104,0.104
74395,0.134,0.134,0.134
74396,0.14,0.14,0.14
74397,0.122,0.122,0.122
74398,0.118,0.118,0.118
74399,0.12,0.12,0.12
74400,0.106,0.106,0.106
74401,0.072,0.072,0.072
74402,0.054,0.054,0.054
74403,0.054,0.054,0.054
74404,0.12,0.12,0.12
74405,0.168,0.168,0.168
74406,0.15,0.15,0.15
74407,0.128,0.128,0.128
74408,0.124,0.124,0.124
74409,0.146,0.146,0.146
74410,0.146,0.146,0.146
74411,0.144,0.144,0.144
74412,0.136,0.136,0.136
74413,0.132,0.132,0.132
74414,0.118,0.118,0.118
74415,0.13,0.13,0.13
74416,0.106,0.106,0.106
74417,0.116,0.116,0.116
74418,0.126,0.126,0.126
74419,0.12,0.12,0.12
74420,0.14,0.14,0.14
74421,0.126,0.126,0.126
74422,0.122,0.122,0.122
74423,0.118,0.118,0.118
74424,0.106,0.106,0.106
74425,0.118,0.118,0.118
74426,0.12,0.12,0.12
74427,0.108,0.108,0.108
74428,0.124,0.124,0.124
74429,0.126,0.126,0.126
74430,0.106,0.106,0.106
74431,0.098,0.098,0.098
74432,0.106,0.106,0.106
74433,0.116,0.116,0.116
74434,0.116,0.116,0.116
74435,0.13,0.13,0.13
74436,0.148,0.148,0.148
74437,0.154,0.154,0.154
74438,0.134,0.134,0.134
74439,0.154,0.154,0.154
74440,0.132,0.132,0.132
74441,0.126,0.126,0.126
74442,0.122,0.122,0.122
74443,0.134,0.134,0.134
74444,0.142,0.142,0.142
74445,0.136,0.136,0.136
74446,0.122,0.122,0.122
74447,0.16,0.16,0.16
74448,0.188,0.188,0.188
74449,0.154,0.154,0.154
74450,0.188,0.188,0.188
74451,0.17,0.17,0.17
74452,0.174,0.174,0.174
74453,0.17,0.17,0.17
74454,0.162,0.162,0.162
74455,0.158,0.158,0.158
74456,0.156,0.156,0.156
74457,0.164,0.164,0.164
74458,0.16,0.16,0.16
74459,0.164,0.164,0.164
74460,0.112,0.112,0.112
74461,0.154,0.154,0.154
74462,0.154,0.154,0.154
74463,0.154,0.154,0.154
74464,0.158,0.158,0.158
74465,0.156,0.156,0.156
74466,0.156,0.156,0.156
74467,0.16,0.16,0.16
74468,0.138,0.138,0.138
74469,0.15,0.15,0.15
74470,0.154,0.154,0.154
74471,0.162,0.162,0.162
74472,0.172,0.172,0.172
74473,0.17,0.17,0.17
74474,0.19,0.19,0.19
74475,0.23,0.23,0.23
74476,0.274,0.274,0.274
74477,0.246,0.246,0.246
74478,0.24,0.24,0.24
74479,0.276,0.276,0.276
74480,0.308,0.308,0.308
74481,0.248,0.248,0.248
74482,0.264,0.264,0.264
74483,0.262,0.262,0.262
74484,0.304,0.304,0.304
74485,0.302,0.302,0.302
74486,0.29,0.29,0.29
74487,0.246,0.246,0.246
74488,0.248,0.248,0.248
74489,0.244,0.244,0.244
74490,0.222,0.222,0.222
74491,0.228,0.228,0.228
74492,0.234,0.234,0.234
74493,0.238,0.238,0.238
74494,0.246,0.246,0.246
74495,0.242,0.242,0.242
74496,0.248,0.248,0.248
74497,0.238,0.238,0.238
74498,0.25,0.25,0.25
74499,0.248,0.248,0.248
74500,0.248,0.248,0.248
74501,0.278,0.278,0.278
74502,0.268,0.268,0.268
74503,0.274,0.274,0.274
74504,0.272,0.272,0.272
74505,0.276,0.276,0.276
74506,0.28,0.28,0.28
74507,0.288,0.296,0.296
74508,0.302,0.282,0.282
74509,0.298,0.268,0.268
74510,0.31,0.24,0.24
74511,0.312,0.224,0.224
74512,0.358,0.218,0.218
74513,0.342,0.184,0.184
74514,0.338,0.182,0.182
74515,0.338,0.17,0.17
74516,0.344,0.166,0.166
74517,0.342,0.152,0.152
74518,0.33,0.148,0.148
74519,0.332,0.12,0.12
74520,0.342,0.116,0.116
74521,0.336,0.102,0.102
74522,0.382,0.066,0.066
74523,0.368,0.042,0.042
74524,0.35,0.036,0.036
74525,0.376,0.02,0.02
74526,0.406,0.018,0.018
74527,0.39,0.016,0.016
74528,0.39,0.016,0.016
74529,0.372,0.01,0.01
74530,0.368,0.01,0.01
74531,0.38,0.004,0.004
74532,0.368,0.004,0.004
74533,0.372,0.004,0.004
74534,0.358,0.004,0.004
74535,0.366,0,0
74536,0.372,0,0
74537,0.382,0,0
74538,0.388,0,0
74539,0.39,0,0
74540,0.382,0,0
74541,0.386,0,0
74542,0.416,0,0
74543,0.406,0,0
74544,0.406,0,0
74545,0.404,0,0
74546,0.404,0,0
74547,0.402,0,0
74548,0.404,0,0
74549,0.426,0,0
74550,0.422,0,0
74551,0.418,0,0
74552,0.418,0,0
74553,0.412,0,0
74554,0.414,0,0
74555,0.398,0,0
74556,0.388,0,0
74557,0.39,0,0
74558,0.378,0,0
74559,0.374,0,0
74560,0.384,0,0
74561,0.446,0,0
74562,0.432,0,0
74563,0.442,0,0
74564,0.44,0,0
74565,0.432,0,0
74566,0.436,0,0
74567,0.432,0,0
74568,0.43,0,0
74569,0.43,0,0
74570,0.41,0,0
74571,0.422,0,0
74572,0.43,0,0
74573,0.426,0,0
74574,0.42,0,0
74575,0.434,0,0
74576,0.422,0,0
74577,0.428,0,0
74578,0.44,0,0
74579,0.428,0,0
74580,0.428,0,0
74581,0.418,0,0
74582,0.41,0,0
74583,0.416,0,0
74584,0.402,0,0
74585,0.398,0,0
74586,0.394,0,0
74587,0.396,0,0
74588,0.384,0,0
74589,0.378,0,0
74590,0.37,0,0
74591,0.36,0,0
74592,0.35,0,0
74593,0.35,0,0
74594,0.346,0,0
74595,0.342,0,0
74596,0.336,0,0
74597,0.332,0,0
74598,0.326,0,0
74599,0.314,0,0
74600,0.318,0,0
74601,0.312,0,0
74602,0.294,0,0
74603,0.292,0,0
74604,0.294,0,0
74605,0.288,0,0
74606,0.284,0,0
74607,0.292,0,0
74608,0.306,0,0
74609,0.296,0,0
74610,0.282,0,0
74611,0.268,0,0
74612,0.24,0,0
74613,0.224,0,0
74614,0.218,0,0
74615,0.184,0,0
74616,0.182,0,0
74617,0.17,0,0
74618,0.166,0,0
74619,0.152,0,0
74620,0.148,0,0
74621,0.12,0,0
74622,0.116,0,0
74623,0.102,0,0
74624,0.066,0,0
74625,0.042,0,0
74626,0.036,0,0
74627,0.02,0,0
74628,0.018,0,0
74629,0.016,0,0
74630,0.016,0,0
74631,0.01,0,0
74632,0.01,0,0
74633,0.004,0,0
74634,0.004,0,0
74635,0.004,0,0
74636,0.004,0,0
74637,0,0,0
74638,0,0,0
74639,0,0,0
74640,0,0,0
74641,0,0,0
74642,0,0,0
74643,0,0,0
74644,0,0,0
74645,0,0,0
74646,0,0,0
74647,0,0,0
74648,0,0,0
74649,0,0,0
74650,0,0,0
74651,0,0,0
74652,0,0,0
74653,0,0,0
74654,0,0,0
74655,0,0,0
74656,0,0,0
74657,0,0,0
74658,0,0,0
74659,0,0,0
74660,0,0,0
74661,0,0,0
74662,0,0,0
74663,0,0,0
74664,0,0,0
74665,0,0,0
74666,0,0,0
74667,0,0,0
74668,0,0,0
74669,0,0,0
74670,0,0,0
74671,0,0,0
74672,0,0,0
74673,0,0,0
74674,0,0,0
74675,0,0,0
74676,0,0,0
74677,0,0,0
74678,0,0,0
74679,0,0,0
74680,0,0,0
74681,0,0,0
74682,0,0,0
74683,0,0,0
74684,0,0,0
74685,0,0,0
74686,0,0,0
74687,0.008,0.008,0.008
74688,0,0,0
74689,0,0,0
74690,0,0,0
74691,0,0,0
74692,0,0,0
74693,0,0,0
74694,0,0,0
74695,0,0,0
74696,0,0,0
74697,0,0,0
74698,0,0,0
74699,0,0,0
74700,0,0,0
74701,0,0,0
74702,0,0,0
74703,0,0,0
74704,0,0,0
74705,0,0,0
74706,0,0,0
74707,0,0,0
74708,0,0,0
74709,0,0,0
74710,0,0,0
74711,0,0,0
74712,0,0,0
74713,0,0,0
74714,0,0,0
74715,0,0,0
74716,0,0,0
74717,0.004,0.004,0.004
74718,0,0,0
74719,0,0,0
74720,0,0,0
74721,0,0,0
74722,0,0,0
74723,0,0,0
74724,0,0,0
74725,0,0,0
74726,0,0,0
74727,0,0,0
74728,0,0,0
74729,0.004,0.004,0.004
74730,0.01,0.01,0.01
74731,0.014,0.014,0.014
74732,0.018,0.018,0.018
74733,0.02,0.02,0.02
74734,0.018,0.018,0.018
74735,0.018,0.018,0.018
74736,0.052,0.052,0.052
74737,0.052,0.052,0.052
74738,0.052,0.052,0.052
74739,0.046,0.046,0.046
74740,0.044,0.044,0.044
74741,0.044,0.044,0.044
74742,0.05,0.05,0.05
74743,0.046,0.046,0.046
74744,0.044,0.044,0.044
74745,0.038,0.038,0.038
74746,0.038,0.038,0.038
74747,0.038,0.038,0.038
74748,0.048,0.048,0.048
74749,0.058,0.058,0.058
74750,0.068,0.068,0.068
74751,0.058,0.058,0.058
74752,0.054,0.054,0.054
74753,0.05,0.05,0.05
74754,0.072,0.072,0.072
74755,0.088,0.088,0.088
74756,0.11,0.11,0.11
74757,0.098,0.098,0.098
74758,0.112,0.112,0.112
74759,0.104,0.104,0.104
74760,0.134,0.134,0.134
74761,0.14,0.14,0.14
74762,0.122,0.122,0.122
74763,0.118,0.118,0.118
74764,0.12,0.12,0.12
74765,0.106,0.106,0.106
74766,0.072,0.072,0.072
74767,0.054,0.054,0.054
74768,0.054,0.054,0.054
74769,0.12,0.12,0.12
74770,0.168,0.168,0.168
74771,0.15,0.15,0.15
74772,0.128,0.128,0.128
74773,0.124,0.124,0.124
74774,0.146,0.146,0.146
74775,0.146,0.146,0.146
74776,0.144,0.144,0.144
74777,0.136,0.136,0.136
74778,0.132,0.132,0.132
74779,0.118,0.118,0.118
74780,0.13,0.13,0.13
74781,0.106,0.106,0.106
74782,0.116,0.116,0.116
74783,0.126,0.126,0.126
74784,0.12,0.12,0.12
74785,0.14,0.14,0.14
74786,0.126,0.126,0.126
74787,0.122,0.122,0.122
74788,0.118,0.118,0.118
74789,0.106,0.106,0.106
74790,0.118,0.118,0.118
74791,0.12,0.12,0.12
74792,0.108,0.108,0.108
74793,0.124,0.124,0.124
74794,0.126,0.126,0.126
74795,0.106,0.106,0.106
74796,0.098,0.098,0.098
74797,0.106,0.106,0.106
74798,0.116,0.116,0.116
74799,0.116,0.116,0.116
74800,0.13,0.13,0.13
74801,0.148,0.148,0.148
74802,0.154,0.154,0.154
74803,0.134,0.134,0.134
74804,0.154,0.154,0.154
74805,0.132,0.132,0.132
74806,0.126,0.126,0.126
74807,0.122,0.122,0.122
74808,0.134,0.134,0.134
74809,0.142,0.142,0.142
74810,0.136,0.136,0.136
74811,0.122,0.122,0.122
74812,0.16,0.16,0.16
74813,0.188,0.188,0.188
74814,0.154,0.154,0.154
74815,0.188,0.188,0.188
74816,0.17,0.17,0.17
74817,0.174,0.174,0.174
74818,0.17,0.17,0.17
74819,0.162,0.162,0.162
74820,0.158,0.158,0.158
74821,0.156,0.156,0.156
74822,0.164,0.164,0.164
74823,0.16,0.16,0.16
74824,0.164,0.164,0.164
74825,0.112,0.112,0.112
74826,0.154,0.154,0.154
74827,0.154,0.154,0.154
74828,0.154,0.154,0.154
74829,0.158,0.158,0.158
74830,0.156,0.156,0.156
74831,0.156,0.156,0.156
74832,0.16,0.16,0.16
74833,0.138,0.138,0.138
74834,0.15,0.15,0.15
74835,0.154,0.154,0.154
74836,0.162,0.162,0.162
74837,0.172,0.172,0.172
74838,0.17,0.17,0.17
74839,0.19,0.19,0.19
74840,0.23,0.23,0.23
74841,0.274,0.274,0.274
74842,0.246,0.246,0.246
74843,0.24,0.24,0.24
74844,0.276,0.276,0.276
74845,0.308,0.308,0.308
74846,0.248,0.248,0.248
74847,0.264,0.264,0.264
74848,0.262,0.262,0.262
74849,0.304,0.304,0.304
74850,0.302,0.302,0.302
74851,0.29,0.29,0.29
74852,0.246,0.246,0.246
74853,0.248,0.248,0.248
74854,0.244,0.244,0.244
74855,0.222,0.222,0.222
74856,0.228,0.228,0.228
74857,0.234,0.234,0.234
74858,0.238,0.238,0.238
74859,0.246,0.246,0.246
74860,0.242,0.242,0.242
74861,0.248,0.248,0.248
74862,0.238,0.238,0.238
74863,0.25,0.25,0.25
74864,0.248,0.248,0.248
74865,0.248,0.248,0.248
74866,0.278,0.278,0.278
74867,0.268,0.268,0.268
74868,0.274,0.274,0.274
74869,0.272,0.272,0.272
74870,0.276,0.276,0.276
74871,0.28,0.28,0.28
74872,0.288,0.296,0.296
74873,0.302,0.282,0.282
74874,0.298,0.268,0.268
74875,0.31,0.24,0.24
74876,0.312,0.224,0.224
74877,0.358,0.218,0.218
74878,0.342,0.184,0.184
74879,0.338,0.182,0.182
74880,0.338,0.17,0.17
74881,0.344,0.166,0.166
74882,0.342,0.152,0.152
74883,0.33,0.148,0.148
74884,0.332,0.12,0.12
74885,0.342,0.116,0.116
74886,0.336,0.102,0.102
74887,0.382,0.066,0.066
74888,0.368,0.042,0.042
74889,0.35,0.036,0.036
74890,0.376,0.02,0.02
74891,0.406,0.018,0.018
74892,0.39,0.016,0.016
74893,0.39,0.016,0.016
74894,0.372,0.01,0.01
74895,0.368,0.01,0.01
74896,0.38,0.004,0.004
74897,0.368,0.004,0.004
74898,0.372,0.004,0.004
74899,0.358,0.004,0.004
74900,0.366,0,0
74901,0.372,0,0
74902,0.382,0,0
74903,0.388,0,0
74904,0.39,0,0
74905,0.382,0,0
74906,0.386,0,0
74907,0.416,0,0
74908,0.406,0,0
74909,0.406,0,0
74910,0.404,0,0
74911,0.404,0,0
74912,0.402,0,0
74913,0.404,0,0
74914,0.426,0,0
74915,0.422,0,0
74916,0.418,0,0
74917,0.418,0,0
74918,0.412,0,0
74919,0.414,0,0
74920,0.398,0,0
74921,0.388,0,0
74922,0.39,0,0
74923,0.378,0,0
74924,0.374,0,0
74925,0.384,0,0
74926,0.446,0,0
74927,0.432,0,0
74928,0.442,0,0
74929,0.44,0,0
74930,0.432,0,0
74931,0.436,0,0
74932,0.432,0,0
74933,0.43,0,0
74934,0.43,0,0
74935,0.41,0,0
74936,0.422,0,0
74937,0.43,0,0
74938,0.426,0,0
74939,0.42,0,0
74940,0.434,0,0
74941,0.422,0,0
74942,0.428,0,0
74943,0.44,0,0
74944,0.428,0,0
74945,0.428,0,0
74946,0.418,0,0
74947,0.41,0,0
74948,0.416,0,0
74949,0.402,0,0
74950,0.398,0,0
74951,0.394,0,0
74952,0.396,0,0
74953,0.384,0,0
74954,0.378,0,0
74955,0.37,0,0
74956,0.36,0,0
74957,0.35,0,0
74958,0.35,0,0
74959,0.346,0,0
74960,0.342,0,0
74961,0.336,0,0
74962,0.332,0,0
74963,0.326,0,0
74964,0.314,0,0
74965,0.318,0,0
74966,0.312,0,0
74967,0.294,0,0
74968,0.292,0,0
74969,0.294,0,0
74970,0.288,0,0
74971,0.284,0,0
74972,0.292,0,0
74973,0.306,0,0
74974,0.296,0,0
74975,0.282,0,0
74976,0.268,0,0
74977,0.24,0,0
74978,0.224,0,0
74979,0.218,0,0
74980,0.184,0,0
74981,0.182,0,0
74982,0.17,0,0
74983,0.166,0,0
74984,0.152,0,0
74985,0.148,0,0
74986,0.12,0,0
74987,0.116,0,0
74988,0.102,0,0
74989,0.066,0,0
74990,0.042,0,0
74991,0.036,0,0
74992,0.02,0,0
74993,0.018,0,0
74994,0.016,0,0
74995,0.016,0,0
74996,0.01,0,0
74997,0.01,0,0
74998,0.004,0,0
74999,0.004,0,0
75000,0.004,0,0
75001,0.004,0,0
75002,0,0,0
75003,0,0,0
75004,0,0,0
75005,0,0,0
75006,0,0,0
75007,0,0,0
75008,0,0,0
75009,0,0,0
75010,0,0,0
75011,0,0,0
75012,0,0,0
75013,0,0,0
75014,0,0,0
75015,0,0,0
75016,0,0,0
75017,0,0,0
75018,0,0,0
75019,0,0,0
75020,0,0,0
75021,0,0,0
75022,0,0,0
75023,0,0,0
75024,0,0,0
75025,0,0,0
75026,0,0,0
75027,0,0,0
75028,0,0,0
75029,0,0,0
75030,0,0,0
75031,0,0,0
75032,0,0,0
75033,0,0,0
75034,0,0,0
75035,0,0,0
75036,0,0,0
75037,0,0,0
75038,0,0,0
75039,0,0,0
75040,0,0,0
75041,0,0,0
75042,0,0,0
75043,0,0,0
75044,0,0,0
75045,0,0,0
75046,0,0,0
75047,0,0,0
75048,0,0,0
75049,0,0,0
75050,0,0,0
75051,0,0,0
75052,0.008,0.008,0.008
75053,0,0,0
75054,0,0,0
75055,0,0,0
75056,0,0,0
75057,0,0,0
75058,0,0,0
75059,0,0,0
75060,0,0,0
75061,0,0,0
75062,0,0,0
75063,0,0,0
75064,0,0,0
75065,0,0,0
75066,0,0,0
75067,0,0,0
75068,0,0,0
75069,0,0,0
75070,0,0,0
75071,0,0,0
75072,0,0,0
75073,0,0,0
75074,0,0,0
75075,0,0,0
75076,0,0,0
75077,0,0,0
75078,0,0,0
75079,0,0,0
75080,0,0,0
75081,0,0,0
75082,0.004,0.004,0.004
75083,0,0,0
75084,0,0,0
75085,0,0,0
75086,0,0,0
75087,0,0,0
75088,0,0,0
75089,0,0,0
75090,0,0,0
75091,0,0,0
75092,0,0,0
75093,0,0,0
75094,0.004,0.004,0.004
75095,0.01,0.01,0.01
75096,0.014,0.014,0.014
75097,0.018,0.018,0.018
75098,0.02,0.02,0.02
75099,0.018,0.018,0.018
75100,0.018,0.018,0.018
75101,0.052,0.052,0.052
75102,0.052,0.052,0.052
75103,0.052,0.052,0.052
75104,0.046,0.046,0.046
75105,0.044,0.044,0.044
75106,0.044,0.044,0.044
75107,0.05,0.05,0.05
75108,0.046,0.046,0.046
75109,0.044,0.044,0.044
75110,0.038,0.038,0.038
75111,0.038,0.038,0.038
75112,0.038,0.038,0.038
75113,0.048,0.048,0.048
75114,0.058,0.058,0.058
75115,0.068,0.068,0.068
75116,0.058,0.058,0.058
75117,0.054,0.054,0.054
75118,0.05,0.05,0.05
75119,0.072,0.072,0.072
75120,0.088,0.088,0.088
75121,0.11,0.11,0.11
75122,0.098,0.098,0.098
75123,0.112,0.112,0.112
75124,0.104,0.104,0.104
75125,0.134,0.134,0.134
75126,0.14,0.14,0.14
75127,0.122,0.122,0.122
75128,0.118,0.118,0.118
75129,0.12,0.12,0.12
75130,0.106,0.106,0.106
75131,0.072,0.072,0.072
75132,0.054,0.054,0.054
75133,0.054,0.054,0.054
75134,0.12,0.12,0.12
75135,0.168,0.168,0.168
75136,0.15,0.15,0.15
75137,0.128,0.128,0.128
75138,0.124,0.124,0.124
75139,0.146,0.146,0.146
75140,0.146,0.146,0.146
75141,0.144,0.144,0.144
75142,0.136,0.136,0.136
75143,0.132,0.132,0.132
75144,0.118,0.118,0.118
75145,0.13,0.13,0.13
75146,0.106,0.106,0.106
75147,0.116,0.116,0.116
75148,0.126,0.126,0.126
75149,0.12,0.12,0.12
75150,0.14,0.14,0.14
75151,0.126,0.126,0.126
75152,0.122,0.122,0.122
75153,0.118,0.118,0.118
75154,0.106,0.106,0.106
75155,0.118,0.118,0.118
75156,0.12,0.12,0.12
75157,0.108,0.108,0.108
75158,0.124,0.124,0.124
75159,0.126,0.126,0.126
75160,0.106,0.106,0.106
75161,0.098,0.098,0.098
75162,0.106,0.106,0.106
75163,0.116,0.116,0.116
75164,0.116,0.116,0.116
75165,0.13,0.13,0.13
75166,0.148,0.148,0.148
75167,0.154,0.154,0.154
75168,0.134,0.134,0.134
75169,0.154,0.154,0.154
75170,0.132,0.132,0.132
75171,0.126,0.126,0.126
75172,0.122,0.122,0.122
75173,0.134,0.134,0.134
75174,0.142,0.142,0.142
75175,0.136,0.136,0.136
75176,0.122,0.122,0.122
75177,0.16,0.16,0.16
75178,0.188,0.188,0.188
75179,0.154,0.154,0.154
75180,0.188,0.188,0.188
75181,0.17,0.17,0.17
75182,0.174,0.174,0.174
75183,0.17,0.17,0.17
75184,0.162,0.162,0.162
75185,0.158,0.158,0.158
75186,0.156,0.156,0.156
75187,0.164,0.164,0.164
75188,0.16,0.16,0.16
75189,0.164,0.164,0.164
75190,0.112,0.112,0.112
75191,0.154,0.154,0.154
75192,0.154,0.154,0.154
75193,0.154,0.154,0.154
75194,0.158,0.158,0.158
75195,0.156,0.156,0.156
75196,0.156,0.156,0.156
75197,0.16,0.16,0.16
75198,0.138,0.138,0.138
75199,0.15,0.15,0.15
75200,0.154,0.154,0.154
75201,0.162,0.162,0.162
75202,0.172,0.172,0.172
75203,0.17,0.17,0.17
75204,0.19,0.19,0.19
75205,0.23,0.23,0.23
75206,0.274,0.274,0.274
75207,0.246,0.246,0.246
75208,0.24,0.24,0.24
75209,0.276,0.276,0.276
75210,0.308,0.308,0.308
75211,0.248,0.248,0.248
75212,0.264,0.264,0.264
75213,0.262,0.262,0.262
75214,0.304,0.304,0.304
75215,0.302,0.302,0.302
75216,0.29,0.29,0.29
75217,0.246,0.246,0.246
75218,0.248,0.248,0.248
75219,0.244,0.244,0.244
75220,0.222,0.222,0.222
75221,0.228,0.228,0.228
75222,0.234,0.234,0.234
75223,0.238,0.238,0.238
75224,0.246,0.246,0.246
75225,0.242,0.242,0.242
75226,0.248,0.248,0.248
75227,0.238,0.238,0.238
75228,0.25,0.25,0.25
75229,0.248,0.248,0.248
75230,0.248,0.248,0.248
75231,0.278,0.278,0.278
75232,0.268,0.268,0.268
75233,0.274,0.274,0.274
75234,0.272,0.272,0.272
75235,0.276,0.276,0.276
75236,0.28,0.296,0.296
75237,0.288,0.282,0.282
75238,0.302,0.268,0.268
75239,0.298,0.24,0.24
75240,0.31,0.224,0.224
75241,0.312,0.218,0.218
75242,0.358,0.184,0.184
75243,0.342,0.182,0.182
75244,0.338,0.17,0.17
75245,0.338,0.166,0.166
75246,0.344,0.152,0.152
75247,0.342,0.148,0.148
75248,0.33,0.12,0.12
75249,0.332,0.116,0.116
75250,0.342,0.102,0.102
75251,0.336,0.066,0.066
75252,0.382,0.042,0.042
75253,0.368,0.036,0.036
75254,0.35,0.02,0.02
75255,0.376,0.018,0.018
75256,0.406,0.016,0.016
75257,0.39,0.016,0.016
75258,0.39,0.01,0.01
75259,0.372,0.01,0.01
75260,0.368,0.004,0.004
75261,0.38,0.004,0.004
75262,0.368,0.004,0.004
75263,0.372,0.004,0.004
75264,0.358,0,0
75265,0.366,0,0
75266,0.372,0,0
75267,0.382,0,0
75268,0.388,0,0
75269,0.39,0,0
75270,0.382,0,0
75271,0.386,0,0
75272,0.416,0,0
75273,0.406,0,0
75274,0.406,0,0
75275,0.404,0,0
75276,0.404,0,0
75277,0.402,0,0
75278,0.404,0,0
75279,0.426,0,0
75280,0.422,0,0
75281,0.418,0,0
75282,0.418,0,0
75283,0.412,0,0
75284,0.414,0,0
75285,0.398,0,0
75286,0.388,0,0
75287,0.39,0,0
75288,0.378,0,0
75289,0.374,0,0
75290,0.384,0,0
75291,0.446,0,0
75292,0.432,0,0
75293,0.442,0,0
75294,0.44,0,0
75295,0.432,0,0
75296,0.436,0,0
75297,0.432,0,0
75298,0.43,0,0
75299,0.43,0,0
75300,0.41,0,0
75301,0.422,0,0
75302,0.43,0,0
75303,0.426,0,0
75304,0.42,0,0
75305,0.434,0,0
75306,0.422,0,0
75307,0.428,0,0
75308,0.44,0,0
75309,0.428,0,0
75310,0.428,0,0
75311,0.418,0,0
75312,0.41,0,0
75313,0.416,0,0
75314,0.402,0,0
75315,0.398,0,0
75316,0.394,0,0
75317,0.396,0,0
75318,0.384,0,0
75319,0.378,0,0
75320,0.37,0,0
75321,0.36,0,0
75322,0.35,0,0
75323,0.35,0,0
75324,0.346,0,0
75325,0.342,0,0
75326,0.336,0,0
75327,0.332,0,0
75328,0.326,0,0
75329,0.314,0,0
75330,0.318,0,0
75331,0.312,0,0
75332,0.294,0,0
75333,0.292,0,0
75334,0.294,0,0
75335,0.288,0,0
75336,0.284,0,0
75337,0.292,0,0
75338,0.306,0,0
75339,0.296,0,0
75340,0.282,0,0
75341,0.268,0,0
75342,0.24,0,0
75343,0.224,0,0
75344,0.218,0,0
75345,0.184,0,0
75346,0.182,0,0
75347,0.17,0,0
75348,0.166,0,0
75349,0.152,0,0
75350,0.148,0,0
75351,0.12,0,0
75352,0.116,0,0
75353,0.102,0,0
75354,0.066,0,0
75355,0.042,0,0
75356,0.036,0,0
75357,0.02,0,0
75358,0.018,0,0
75359,0.016,0,0
75360,0.016,0,0
75361,0.01,0,0
75362,0.01,0,0
75363,0.004,0,0
75364,0.004,0,0
75365,0.004,0,0
75366,0.004,0,0
75367,0,0,0
75368,0,0,0
75369,0,0,0
75370,0,0,0
75371,0,0,0
75372,0,0,0
75373,0,0,0
75374,0,0,0
75375,0,0,0
75376,0,0,0
75377,0,0,0
75378,0,0,0
75379,0,0,0
75380,0,0,0
75381,0,0,0
75382,0,0,0
75383,0,0,0
75384,0,0,0
75385,0,0,0
75386,0,0,0
75387,0,0,0
75388,0,0,0
75389,0,0,0
75390,0,0,0
75391,0,0,0
75392,0,0,0
75393,0,0,0
75394,0,0,0
75395,0,0,0
75396,0,0,0
75397,0,0,0
75398,0,0,0
75399,0,0,0
75400,0,0,0
75401,0,0,0
75402,0,0,0
75403,0,0,0
75404,0,0,0
75405,0,0,0
75406,0,0,0
75407,0,0,0
75408,0,0,0
75409,0,0,0
75410,0,0,0
75411,0,0,0
75412,0,0,0
75413,0,0,0
75414,0,0,0
75415,0,0,0
75416,0,0,0
75417,0.008,0.008,0.008
75418,0,0,0
75419,0,0,0
75420,0,0,0
75421,0,0,0
75422,0,0,0
75423,0,0,0
75424,0,0,0
75425,0,0,0
75426,0,0,0
75427,0,0,0
75428,0,0,0
75429,0,0,0
75430,0,0,0
75431,0,0,0
75432,0,0,0
75433,0,0,0
75434,0,0,0
75435,0,0,0
75436,0,0,0
75437,0,0,0
75438,0,0,0
75439,0,0,0
75440,0,0,0
75441,0,0,0
75442,0,0,0
75443,0,0,0
75444,0,0,0
75445,0,0,0
75446,0,0,0
75447,0.004,0.004,0.004
75448,0,0,0
75449,0,0,0
75450,0,0,0
75451,0,0,0
75452,0,0,0
75453,0,0,0
75454,0,0,0
75455,0,0,0
75456,0,0,0
75457,0,0,0
75458,0,0,0
75459,0.004,0.004,0.004
75460,0.01,0.01,0.01
75461,0.014,0.014,0.014
75462,0.018,0.018,0.018
75463,0.02,0.02,0.02
75464,0.018,0.018,0.018
75465,0.018,0.018,0.018
75466,0.052,0.052,0.052
75467,0.052,0.052,0.052
75468,0.052,0.052,0.052
75469,0.046,0.046,0.046
75470,0.044,0.044,0.044
75471,0.044,0.044,0.044
75472,0.05,0.05,0.05
75473,0.046,0.046,0.046
75474,0.044,0.044,0.044
75475,0.038,0.038,0.038
75476,0.038,0.038,0.038
75477,0.038,0.038,0.038
75478,0.048,0.048,0.048
75479,0.058,0.058,0.058
75480,0.068,0.068,0.068
75481,0.058,0.058,0.058
75482,0.054,0.054,0.054
75483,0.05,0.05,0.05
75484,0.072,0.072,0.072
75485,0.088,0.088,0.088
75486,0.11,0.11,0.11
75487,0.098,0.098,0.098
75488,0.112,0.112,0.112
75489,0.104,0.104,0.104
75490,0.134,0.134,0.134
75491,0.14,0.14,0.14
75492,0.122,0.122,0.122
75493,0.118,0.118,0.118
75494,0.12,0.12,0.12
75495,0.106,0.106,0.106
75496,0.072,0.072,0.072
75497,0.054,0.054,0.054
75498,0.054,0.054,0.054
75499,0.12,0.12,0.12
75500,0.168,0.168,0.168
75501,0.15,0.15,0.15
75502,0.128,0.128,0.128
75503,0.124,0.124,0.124
75504,0.146,0.146,0.146
75505,0.146,0.146,0.146
75506,0.144,0.144,0.144
75507,0.136,0.136,0.136
75508,0.132,0.132,0.132
75509,0.118,0.118,0.118
75510,0.13,0.13,0.13
75511,0.106,0.106,0.106
75512,0.116,0.116,0.116
75513,0.126,0.126,0.126
75514,0.12,0.12,0.12
75515,0.14,0.14,0.14
75516,0.126,0.126,0.126
75517,0.122,0.122,0.122
75518,0.118,0.118,0.118
75519,0.106,0.106,0.106
75520,0.118,0.118,0.118
75521,0.12,0.12,0.12
75522,0.108,0.108,0.108
75523,0.124,0.124,0.124
75524,0.126,0.126,0.126
75525,0.106,0.106,0.106
75526,0.098,0.098,0.098
75527,0.106,0.106,0.106
75528,0.116,0.116,0.116
75529,0.116,0.116,0.116
75530,0.13,0.13,0.13
75531,0.148,0.148,0.148
75532,0.154,0.154,0.154
75533,0.134,0.134,0.134
75534,0.154,0.154,0.154
75535,0.132,0.132,0.132
75536,0.126,0.126,0.126
75537,0.122,0.122,0.122
75538,0.134,0.134,0.134
75539,0.142,0.142,0.142
75540,0.136,0.136,0.136
75541,0.122,0.122,0.122
75542,0.16,0.16,0.16
75543,0.188,0.188,0.188
75544,0.154,0.154,0.154
75545,0.188,0.188,0.188
75546,0.17,0.17,0.17
75547,0.174,0.174,0.174
75548,0.17,0.17,0.17
75549,0.162,0.162,0.162
75550,0.158,0.158,0.158
75551,0.156,0.156,0.156
75552,0.164,0.164,0.164
75553,0.16,0.16,0.16
75554,0.164,0.164,0.164
75555,0.112,0.112,0.112
75556,0.154,0.154,0.154
75557,0.154,0.154,0.154
75558,0.154,0.154,0.154
75559,0.158,0.158,0.158
75560,0.156,0.156,0.156
75561,0.156,0.156,0.156
75562,0.16,0.16,0.16
75563,0.138,0.138,0.138
75564,0.15,0.15,0.15
75565,0.154,0.154,0.154
75566,0.162,0.162,0.162
75567,0.172,0.172,0.172
75568,0.17,0.17,0.17
75569,0.19,0.19,0.19
75570,0.23,0.23,0.23
75571,0.274,0.274,0.274
75572,0.246,0.246,0.246
75573,0.24,0.24,0.24
75574,0.276,0.276,0.276
75575,0.308,0.308,0.308
75576,0.248,0.248,0.248
75577,0.264,0.264,0.264
75578,0.262,0.262,0.262
75579,0.304,0.304,0.304
75580,0.302,0.302,0.302
75581,0.29,0.29,0.29
75582,0.246,0.246,0.246
75583,0.248,0.248,0.248
75584,0.244,0.244,0.244
75585,0.222,0.222,0.222
75586,0.228,0.228,0.228
75587,0.234,0.234,0.234
75588,0.238,0.238,0.238
75589,0.246,0.246,0.246
75590,0.242,0.242,0.242
75591,0.248,0.248,0.248
75592,0.238,0.238,0.238
75593,0.25,0.25,0.25
75594,0.248,0.248,0.248
75595,0.248,0.248,0.248
75596,0.278,0.278,0.278
75597,0.268,0.268,0.268
75598,0.274,0.274,0.274
75599,0.272,0.272,0.272
75600,0.276,0.276,0.276
75601,0.28,0.296,0.296
75602,0.288,0.282,0.282
75603,0.302,0.268,0.268
75604,0.298,0.24,0.24
75605,0.31,0.224,0.224
75606,0.312,0.218,0.218
75607,0.358,0.184,0.184
75608,0.342,0.182,0.182
75609,0.338,0.17,0.17
75610,0.338,0.166,0.166
75611,0.344,0.152,0.152
75612,0.342,0.148,0.148
75613,0.33,0.12,0.12
75614,0.332,0.116,0.116
75615,0.342,0.102,0.102
75616,0.336,0.066,0.066
75617,0.382,0.042,0.042
75618,0.368,0.036,0.036
75619,0.35,0.02,0.02
75620,0.376,0.018,0.018
75621,0.406,0.016,0.016
75622,0.39,0.016,0.016
75623,0.39,0.01,0.01
75624,0.372,0.01,0.01
75625,0.368,0.004,0.004
75626,0.38,0.004,0.004
75627,0.368,0.004,0.004
75628,0.372,0.004,0.004
75629,0.358,0,0
75630,0.366,0,0
75631,0.372,0,0
75632,0.382,0,0
75633,0.388,0,0
75634,0.39,0,0
75635,0.382,0,0
75636,0.386,0,0
75637,0.416,0,0
75638,0.406,0,0
75639,0.406,0,0
75640,0.404,0,0
75641,0.404,0,0
75642,0.402,0,0
75643,0.404,0,0
75644,0.426,0,0
75645,0.422,0,0
75646,0.418,0,0
75647,0.418,0,0
75648,0.412,0,0
75649,0.414,0,0
75650,0.398,0,0
75651,0.388,0,0
75652,0.39,0,0
75653,0.378,0,0
75654,0.374,0,0
75655,0.384,0,0
75656,0.446,0,0
75657,0.432,0,0
75658,0.442,0,0
75659,0.44,0,0
75660,0.432,0,0
75661,0.436,0,0
75662,0.432,0,0
75663,0.43,0,0
75664,0.43,0,0
75665,0.41,0,0
75666,0.422,0,0
75667,0.43,0,0
75668,0.426,0,0
75669,0.42,0,0
75670,0.434,0,0
75671,0.422,0,0
75672,0.428,0,0
75673,0.44,0,0
75674,0.428,0,0
75675,0.428,0,0
75676,0.418,0,0
75677,0.41,0,0
75678,0.416,0,0
75679,0.402,0,0
75680,0.398,0,0
75681,0.394,0,0
75682,0.396,0,0
75683,0.384,0,0
75684,0.378,0,0
75685,0.37,0,0
75686,0.36,0,0
75687,0.35,0,0
75688,0.35,0,0
75689,0.346,0,0
75690,0.342,0,0
75691,0.336,0,0
75692,0.332,0,0
75693,0.326,0,0
75694,0.314,0,0
75695,0.318,0,0
75696,0.312,0,0
75697,0.294,0,0
75698,0.292,0,0
75699,0.294,0,0
75700,0.288,0,0
75701,0.284,0,0
75702,0.292,0,0
75703,0.306,0,0
75704,0.296,0,0
75705,0.282,0,0
75706,0.268,0,0
75707,0.24,0,0
75708,0.224,0,0
75709,0.218,0,0
75710,0.184,0,0
75711,0.182,0,0
75712,0.17,0,0
75713,0.166,0,0
75714,0.152,0,0
75715,0.148,0,0
75716,0.12,0,0
75717,0.116,0,0
75718,0.102,0,0
75719,0.066,0,0
75720,0.042,0,0
75721,0.036,0,0
75722,0.02,0,0
75723,0.018,0,0
75724,0.016,0,0
75725,0.016,0,0
75726,0.01,0,0
75727,0.01,0,0
75728,0.004,0,0
75729,0.004,0,0
75730,0.004,0,0
75731,0.004,0,0
75732,0,0,0
75733,0,0,0
75734,0,0,0
75735,0,0,0
75736,0,0,0
75737,0,0,0
75738,0,0,0
75739,0,0,0
75740,0,0,0
75741,0,0,0
75742,0,0,0
75743,0,0,0
75744,0,0,0
75745,0,0,0
75746,0,0,0
75747,0,0,0
75748,0,0,0
75749,0,0,0
75750,0,0,0
75751,0,0,0
75752,0,0,0
75753,0,0,0
75754,0,0,0
75755,0,0,0
75756,0,0,0
75757,0,0,0
75758,0,0,0
75759,0,0,0
75760,0,0,0
75761,0,0,0
75762,0,0,0
75763,0,0,0
75764,0,0,0
75765,0,0,0
75766,0,0,0
75767,0,0,0
75768,0,0,0
75769,0,0,0
75770,0,0,0
75771,0,0,0
75772,0,0,0
75773,0,0,0
75774,0,0,0
75775,0,0,0
75776,0,0,0
75777,0,0,0
75778,0,0,0
75779,0,0,0
75780,0,0,0
75781,0,0,0
75782,0.008,0.008,0.008
75783,0,0,0
75784,0,0,0
75785,0,0,0
75786,0,0,0
75787,0,0,0
75788,0,0,0
75789,0,0,0
75790,0,0,0
75791,0,0,0
75792,0,0,0
75793,0,0,0
75794,0,0,0
75795,0,0,0
75796,0,0,0
75797,0,0,0
75798,0,0,0
75799,0,0,0
75800,0,0,0
75801,0,0,0
75802,0,0,0
75803,0,0,0
75804,0,0,0
75805,0,0,0
75806,0,0,0
75807,0,0,0
75808,0,0,0
75809,0,0,0
75810,0,0,0
75811,0,0,0
75812,0.004,0.004,0.004
75813,0,0,0
75814,0,0,0
75815,0,0,0
75816,0,0,0
75817,0,0,0
75818,0,0,0
75819,0,0,0
75820,0,0,0
75821,0,0,0
75822,0,0,0
75823,0,0,0
75824,0.004,0.004,0.004
75825,0.01,0.01,0.01
75826,0.014,0.014,0.014
75827,0.018,0.018,0.018
75828,0.02,0.02,0.02
75829,0.018,0.018,0.018
75830,0.018,0.018,0.018
75831,0.052,0.052,0.052
75832,0.052,0.052,0.052
75833,0.052,0.052,0.052
75834,0.046,0.046,0.046
75835,0.044,0.044,0.044
75836,0.044,0.044,0.044
75837,0.05,0.05,0.05
75838,0.046,0.046,0.046
75839,0.044,0.044,0.044
75840,0.038,0.038,0.038
75841,0.038,0.038,0.038
75842,0.038,0.038,0.038
75843,0.048,0.048,0.048
75844,0.058,0.058,0.058
75845,0.068,0.068,0.068
75846,0.058,0.058,0.058
75847,0.054,0.054,0.054
75848,0.05,0.05,0.05
75849,0.072,0.072,0.072
75850,0.088,0.088,0.088
75851,0.11,0.11,0.11
75852,0.098,0.098,0.098
75853,0.112,0.112,0.112
75854,0.104,0.104,0.104
75855,0.134,0.134,0.134
75856,0.14,0.14,0.14
75857,0.122,0.122,0.122
75858,0.118,0.118,0.118
75859,0.12,0.12,0.12
75860,0.106,0.106,0.106
75861,0.072,0.072,0.072
75862,0.054,0.054,0.054
75863,0.054,0.054,0.054
75864,0.12,0.12,0.12
75865,0.168,0.168,0.168
75866,0.15,0.15,0.15
75867,0.128,0.128,0.128
75868,0.124,0.124,0.124
75869,0.146,0.146,0.146
75870,0.146,0.146,0.146
75871,0.144,0.144,0.144
75872,0.136,0.136,0.136
75873,0.132,0.132,0.132
75874,0.118,0.118,0.118
75875,0.13,0.13,0.13
75876,0.106,0.106,0.106
75877,0.116,0.116,0.116
75878,0.126,0.126,0.126
75879,0.12,0.12,0.12
75880,0.14,0.14,0.14
75881,0.126,0.126,0.126
75882,0.122,0.122,0.122
75883,0.118,0.118,0.118
75884,0.106,0.106,0.106
75885,0.118,0.118,0.118
75886,0.12,0.12,0.12
75887,0.108,0.108,0.108
75888,0.124,0.124,0.124
75889,0.126,0.126,0.126
75890,0.106,0.106,0.106
75891,0.098,0.098,0.098
75892,0.106,0.106,0.106
75893,0.116,0.116,0.116
75894,0.116,0.116,0.116
75895,0.13,0.13,0.13
75896,0.148,0.148,0.148
75897,0.154,0.154,0.154
75898,0.134,0.134,0.134
75899,0.154,0.154,0.154
75900,0.132,0.132,0.132
75901,0.126,0.126,0.126
75902,0.122,0.122,0.122
75903,0.134,0.134,0.134
75904,0.142,0.142,0.142
75905,0.136,0.136,0.136
75906,0.122,0.122,0.122
75907,0.16,0.16,0.16
75908,0.188,0.188,0.188
75909,0.154,0.154,0.154
75910,0.188,0.188,0.188
75911,0.17,0.17,0.17
75912,0.174,0.174,0.174
75913,0.17,0.17,0.17
75914,0.162,0.162,0.162
75915,0.158,0.158,0.158
75916,0.156,0.156,0.156
75917,0.164,0.164,0.164
75918,0.16,0.16,0.16
75919,0.164,0.164,0.164
75920,0.112,0.112,0.112
75921,0.154,0.154,0.154
75922,0.154,0.154,0.154
75923,0.154,0.154,0.154
75924,0.158,0.158,0.158
75925,0.156,0.156,0.156
75926,0.156,0.156,0.156
75927,0.16,0.16,0.16
75928,0.138,0.138,0.138
75929,0.15,0.15,0.15
75930,0.154,0.154,0.154
75931,0.162,0.162,0.162
75932,0.172,0.172,0.172
75933,0.17,0.17,0.17
75934,0.19,0.19,0.19
75935,0.23,0.23,0.23
75936,0.274,0.274,0.274
75937,0.246,0.246,0.246
75938,0.24,0.24,0.24
75939,0.276,0.276,0.276
75940,0.308,0.308,0.308
75941,0.248,0.248,0.248
75942,0.264,0.264,0.264
75943,0.262,0.262,0.262
75944,0.304,0.304,0.304
75945,0.302,0.302,0.302
75946,0.29,0.29,0.29
75947,0.246,0.246,0.246
75948,0.248,0.248,0.248
75949,0.244,0.244,0.244
75950,0.222,0.222,0.222
75951,0.228,0.228,0.228
75952,0.234,0.234,0.234
75953,0.238,0.238,0.238
75954,0.246,0.246,0.246
75955,0.242,0.242,0.242
75956,0.248,0.248,0.248
75957,0.238,0.238,0.238
75958,0.25,0.25,0.25
75959,0.248,0.248,0.248
75960,0.248,0.248,0.248
75961,0.278,0.278,0.278
75962,0.268,0.268,0.268
75963,0.274,0.274,0.274
75964,0.272,0.272,0.272
75965,0.276,0.296,0.296
75966,0.28,0.282,0.282
75967,0.288,0.268,0.268
75968,0.302,0.24,0.24
75969,0.298,0.224,0.224
75970,0.31,0.218,0.218
75971,0.312,0.184,0.184
75972,0.358,0.182,0.182
75973,0.342,0.17,0.17
75974,0.338,0.166,0.166
75975,0.338,0.152,0.152
75976,0.344,0.148,0.148
75977,0.342,0.12,0.12
75978,0.33,0.116,0.116
75979,0.332,0.102,0.102
75980,0.342,0.066,0.066
75981,0.336,0.042,0.042
75982,0.382,0.036,0.036
75983,0.368,0.02,0.02
75984,0.35,0.018,0.018
75985,0.376,0.016,0.016
75986,0.406,0.016,0.016
75987,0.39,0.01,0.01
75988,0.39,0.01,0.01
75989,0.372,0.004,0.004
75990,0.368,0.004,0.004
75991,0.38,0.004,0.004
75992,0.368,0.004,0.004
75993,0.372,0,0
75994,0.358,0,0
75995,0.366,0,0
75996,0.372,0,0
75997,0.382,0,0
75998,0.388,0,0
75999,0.39,0,0
76000,0.382,0,0
76001,0.386,0,0
76002,0.416,0,0
76003,0.406,0,0
76004,0.406,0,0
76005,0.404,0,0
76006,0.404,0,0
76007,0.402,0,0
76008,0.404,0,0
76009,0.426,0,0
76010,0.422,0,0
76011,0.418,0,0
76012,0.418,0,0
76013,0.412,0,0
76014,0.414,0,0
76015,0.398,0,0
76016,0.388,0,0
76017,0.39,0,0
76018,0.378,0,0
76019,0.374,0,0
76020,0.384,0,0
76021,0.446,0,0
76022,0.432,0,0
76023,0.442,0,0
76024,0.44,0,0
76025,0.432,0,0
76026,0.436,0,0
76027,0.432,0,0
76028,0.43,0,0
76029,0.43,0,0
76030,0.41,0,0
76031,0.422,0,0
76032,0.43,0,0
76033,0.426,0,0
76034,0.42,0,0
76035,0.434,0,0
76036,0.422,0,0
76037,0.428,0,0
76038,0.44,0,0
76039,0.428,0,0
76040,0.428,0,0
76041,0.418,0,0
76042,0.41,0,0
76043,0.416,0,0
76044,0.402,0,0
76045,0.398,0,0
76046,0.394,0,0
76047,0.396,0,0
76048,0.384,0,0
76049,0.378,0,0
76050,0.37,0,0
76051,0.36,0,0
76052,0.35,0,0
76053,0.35,0,0
76054,0.346,0,0
76055,0.342,0,0
76056,0.336,0,0
76057,0.332,0,0
76058,0.326,0,0
76059,0.314,0,0
76060,0.318,0,0
76061,0.312,0,0
76062,0.294,0,0
76063,0.292,0,0
76064,0.294,0,0
76065,0.288,0,0
76066,0.284,0,0
76067,0.292,0,0
76068,0.306,0,0
76069,0.296,0,0
76070,0.282,0,0
76071,0.268,0,0
76072,0.24,0,0
76073,0.224,0,0
76074,0.218,0,0
76075,0.184,0,0
76076,0.182,0,0
76077,0.17,0,0
76078,0.166,0,0
76079,0.152,0,0
76080,0.148,0,0
76081,0.12,0,0
76082,0.116,0,0
76083,0.102,0,0
76084,0.066,0,0
76085,0.042,0,0
76086,0.036,0,0
76087,0.02,0,0
76088,0.018,0,0
76089,0.016,0,0
76090,0.016,0,0
76091,0.01,0,0
76092,0.01,0,0
76093,0.004,0,0
76094,0.004,0,0
76095,0.004,0,0
76096,0.004,0,0
76097,0,0,0
76098,0,0,0
76099,0,0,0
76100,0,0,0
76101,0,0,0
76102,0,0,0
76103,0,0,0
76104,0,0,0
76105,0,0,0
76106,0,0,0
76107,0,0,0
76108,0,0,0
76109,0,0,0
76110,0,0,0
76111,0,0,0
76112,0,0,0
76113,0,0,0
76114,0,0,0
76115,0,0,0
76116,0,0,0
76117,0,0,0
76118,0,0,0
76119,0,0,0
76120,0,0,0
76121,0,0,0
76122,0,0,0
76123,0,0,0
76124,0,0,0
76125,0,0,0
76126,0,0,0
76127,0,0,0
76128,0,0,0
76129,0,0,0
76130,0,0,0
76131,0,0,0
76132,0,0,0
76133,0,0,0
76134,0,0,0
76135,0,0,0
76136,0,0,0
76137,0,0,0
76138,0,0,0
76139,0,0,0
76140,0,0,0
76141,0,0,0
76142,0,0,0
76143,0,0,0
76144,0,0,0
76145,0,0,0
76146,0,0,0
76147,0.008,0.008,0.008
76148,0,0,0
76149,0,0,0
76150,0,0,0
76151,0,0,0
76152,0,0,0
76153,0,0,0
76154,0,0,0
76155,0,0,0
76156,0,0,0
76157,0,0,0
76158,0,0,0
76159,0,0,0
76160,0,0,0
76161,0,0,0
76162,0,0,0
76163,0,0,0
76164,0,0,0
76165,0,0,0
76166,0,0,0
76167,0,0,0
76168,0,0,0
76169,0,0,0
76170,0,0,0
76171,0,0,0
76172,0,0,0
76173,0,0,0
76174,0,0,0
76175,0,0,0
76176,0,0,0
76177,0.004,0.004,0.004
76178,0,0,0
76179,0,0,0
76180,0,0,0
76181,0,0,0
76182,0,0,0
76183,0,0,0
76184,0,0,0
76185,0,0,0
76186,0,0,0
76187,0,0,0
76188,0,0,0
76189,0.004,0.004,0.004
76190,0.01,0.01,0.01
76191,0.014,0.014,0.014
76192,0.018,0.018,0.018
76193,0.02,0.02,0.02
76194,0.018,0.018,0.018
76195,0.018,0.018,0.018
76196,0.052,0.052,0.052
76197,0.052,0.052,0.052
76198,0.052,0.052,0.052
76199,0.046,0.046,0.046
76200,0.044,0.044,0.044
76201,0.044,0.044,0.044
76202,0.05,0.05,0.05
76203,0.046,0.046,0.046
76204,0.044,0.044,0.044
76205,0.038,0.038,0.038
76206,0.038,0.038,0.038
76207,0.038,0.038,0.038
76208,0.048,0.048,0.048
76209,0.058,0.058,0.058
76210,0.068,0.068,0.068
76211,0.058,0.058,0.058
76212,0.054,0.054,0.054
76213,0.05,0.05,0.05
76214,0.072,0.072,0.072
76215,0.088,0.088,0.088
76216,0.11,0.11,0.11
76217,0.098,0.098,0.098
76218,0.112,0.112,0.112
76219,0.104,0.104,0.104
76220,0.134,0.134,0.134
76221,0.14,0.14,0.14
76222,0.122,0.122,0.122
76223,0.118,0.118,0.118
76224,0.12,0.12,0.12
76225,0.106,0.106,0.106
76226,0.072,0.072,0.072
76227,0.054,0.054,0.054
76228,0.054,0.054,0.054
76229,0.12,0.12,0.12
76230,0.168,0.168,0.168
76231,0.15,0.15,0.15
76232,0.128,0.128,0.128
76233,0.124,0.124,0.124
76234,0.146,0.146,0.146
76235,0.146,0.146,0.146
76236,0.144,0.144,0.144
76237,0.136,0.136,0.136
76238,0.132,0.132,0.132
76239,0.118,0.118,0.118
76240,0.13,0.13,0.13
76241,0.106,0.106,0.106
76242,0.116,0.116,0.116
76243,0.126,0.126,0.126
76244,0.12,0.12,0.12
76245,0.14,0.14,0.14
76246,0.126,0.126,0.126
76247,0.122,0.122,0.122
76248,0.118,0.118,0.118
76249,0.106,0.106,0.106
76250,0.118,0.118,0.118
76251,0.12,0.12,0.12
76252,0.108,0.108,0.108
76253,0.124,0.124,0.124
76254,0.126,0.126,0.126
76255,0.106,0.106,0.106
76256,0.098,0.098,0.098
76257,0.106,0.106,0.106
76258,0.116,0.116,0.116
76259,0.116,0.116,0.116
76260,0.13,0.13,0.13
76261,0.148,0.148,0.148
76262,0.154,0.154,0.154
76263,0.134,0.134,0.134
76264,0.154,0.154,0.154
76265,0.132,0.132,0.132
76266,0.126,0.126,0.126
76267,0.122,0.122,0.122
76268,0.134,0.134,0.134
76269,0.142,0.142,0.142
76270,0.136,0.136,0.136
76271,0.122,0.122,0.122
76272,0.16,0.16,0.16
76273,0.188,0.188,0.188
76274,0.154,0.154,0.154
76275,0.188,0.188,0.188
76276,0.17,0.17,0.17
76277,0.174,0.174,0.174
76278,0.17,0.17,0.17
76279,0.162,0.162,0.162
76280,0.158,0.158,0.158
76281,0.156,0.156,0.156
76282,0.164,0.164,0.164
76283,0.16,0.16,0.16
76284,0.164,0.164,0.164
76285,0.112,0.112,0.112
76286,0.154,0.154,0.154
76287,0.154,0.154,0.154
76288,0.154,0.154,0.154
76289,0.158,0.158,0.158
76290,0.156,0.156,0.156
76291,0.156,0.156,0.156
76292,0.16,0.16,0.16
76293,0.138,0.138,0.138
76294,0.15,0.15,0.15
76295,0.154,0.154,0.154
76296,0.162,0.162,0.162
76297,0.172,0.172,0.172
76298,0.17,0.17,0.17
76299,0.19,0.19,0.19
76300,0.23,0.23,0.23
76301,0.274,0.274,0.274
76302,0.246,0.246,0.246
76303,0.24,0.24,0.24
76304,0.276,0.276,0.276
76305,0.308,0.308,0.308
76306,0.248,0.248,0.248
76307,0.264,0.264,0.264
76308,0.262,0.262,0.262
76309,0.304,0.304,0.304
76310,0.302,0.302,0.302
76311,0.29,0.29,0.29
76312,0.246,0.246,0.246
76313,0.248,0.248,0.248
76314,0.244,0.244,0.244
76315,0.222,0.222,0.222
76316,0.228,0.228,0.228
76317,0.234,0.234,0.234
76318,0.238,0.238,0.238
76319,0.246,0.246,0.246
76320,0.242,0.242,0.242
76321,0.248,0.248,0.248
76322,0.238,0.238,0.238
76323,0.25,0.25,0.25
76324,0.248,0.248,0.248
76325,0.248,0.248,0.248
76326,0.278,0.278,0.278
76327,0.268,0.268,0.268
76328,0.274,0.274,0.274
76329,0.272,0.272,0.272
76330,0.276,0.296,0.296
76331,0.28,0.282,0.282
76332,0.288,0.268,0.268
76333,0.302,0.24,0.24
76334,0.298,0.224,0.224
76335,0.31,0.218,0.218
76336,0.312,0.184,0.184
76337,0.358,0.182,0.182
76338,0.342,0.17,0.17
76339,0.338,0.166,0.166
76340,0.338,0.152,0.152
76341,0.344,0.148,0.148
76342,0.342,0.12,0.12
76343,0.33,0.116,0.116
76344,0.332,0.102,0.102
76345,0.342,0.066,0.066
76346,0.336,0.042,0.042
76347,0.382,0.036,0.036
76348,0.368,0.02,0.02
76349,0.35,0.018,0.018
76350,0.376,0.016,0.016
76351,0.406,0.016,0.016
76352,0.39,0.01,0.01
76353,0.39,0.01,0.01
76354,0.372,0.004,0.004
76355,0.368,0.004,0.004
76356,0.38,0.004,0.004
76357,0.368,0.004,0.004
76358,0.372,0,0
76359,0.358,0,0
76360,0.366,0,0
76361,0.372,0,0
76362,0.382,0,0
76363,0.388,0,0
76364,0.39,0,0
76365,0.382,0,0
76366,0.386,0,0
76367,0.416,0,0
76368,0.406,0,0
76369,0.406,0,0
76370,0.404,0,0
76371,0.404,0,0
76372,0.402,0,0
76373,0.404,0,0
76374,0.426,0,0
76375,0.422,0,0
76376,0.418,0,0
76377,0.418,0,0
76378,0.412,0,0
76379,0.414,0,0
76380,0.398,0,0
76381,0.388,0,0
76382,0.39,0,0
76383,0.378,0,0
76384,0.374,0,0
76385,0.384,0,0
76386,0.446,0,0
76387,0.432,0,0
76388,0.442,0,0
76389,0.44,0,0
76390,0.432,0,0
76391,0.436,0,0
76392,0.432,0,0
76393,0.43,0,0
76394,0.43,0,0
76395,0.41,0,0
76396,0.422,0,0
76397,0.43,0,0
76398,0.426,0,0
76399,0.42,0,0
76400,0.434,0,0
76401,0.422,0,0
76402,0.428,0,0
76403,0.44,0,0
76404,0.428,0,0
76405,0.428,0,0
76406,0.418,0,0
76407,0.41,0,0
76408,0.416,0,0
76409,0.402,0,0
76410,0.398,0,0
76411,0.394,0,0
76412,0.396,0,0
76413,0.384,0,0
76414,0.378,0,0
76415,0.37,0,0
76416,0.36,0,0
76417,0.35,0,0
76418,0.35,0,0
76419,0.346,0,0
76420,0.342,0,0
76421,0.336,0,0
76422,0.332,0,0
76423,0.326,0,0
76424,0.314,0,0
76425,0.318,0,0
76426,0.312,0,0
76427,0.294,0,0
76428,0.292,0,0
76429,0.294,0,0
76430,0.288,0,0
76431,0.284,0,0
76432,0.292,0,0
76433,0.306,0,0
76434,0.296,0,0
76435,0.282,0,0
76436,0.268,0,0
76437,0.24,0,0
76438,0.224,0,0
76439,0.218,0,0
76440,0.184,0,0
76441,0.182,0,0
76442,0.17,0,0
76443,0.166,0,0
76444,0.152,0,0
76445,0.148,0,0
76446,0.12,0,0
76447,0.116,0,0
76448,0.102,0,0
76449,0.066,0,0
76450,0.042,0,0
76451,0.036,0,0
76452,0.02,0,0
76453,0.018,0,0
76454,0.016,0,0
76455,0.016,0,0
76456,0.01,0,0
76457,0.01,0,0
76458,0.004,0,0
76459,0.004,0,0
76460,0.004,0,0
76461,0.004,0,0
76462,0,0,0
76463,0,0,0
76464,0,0,0
76465,0,0,0
76466,0,0,0
76467,0,0,0
76468,0,0,0
76469,0,0,0
76470,0,0,0
76471,0,0,0
76472,0,0,0
76473,0,0,0
76474,0,0,0
76475,0,0,0
76476,0,0,0
76477,0,0,0
76478,0,0,0
76479,0,0,0
76480,0,0,0
76481,0,0,0
76482,0,0,0
76483,0,0,0
76484,0,0,0
76485,0,0,0
76486,0,0,0
76487,0,0,0
76488,0,0,0
76489,0,0,0
76490,0,0,0
76491,0,0,0
76492,0,0,0
76493,0,0,0
76494,0,0,0
76495,0,0,0
76496,0,0,0
76497,0,0,0
76498,0,0,0
76499,0,0,0
76500,0,0,0
76501,0,0,0
76502,0,0,0
76503,0,0,0
76504,0,0,0
76505,0,0,0
76506,0,0,0
76507,0,0,0
76508,0,0,0
76509,0,0,0
76510,0,0,0
76511,0,0,0
76512,0.008,0.008,0.008
76513,0,0,0
76514,0,0,0
76515,0,0,0
76516,0,0,0
76517,0,0,0
76518,0,0,0
76519,0,0,0
76520,0,0,0
76521,0,0,0
76522,0,0,0
76523,0,0,0
76524,0,0,0
76525,0,0,0
76526,0,0,0
76527,0,0,0
76528,0,0,0
76529,0,0,0
76530,0,0,0
76531,0,0,0
76532,0,0,0
76533,0,0,0
76534,0,0,0
76535,0,0,0
76536,0,0,0
76537,0,0,0
76538,0,0,0
76539,0,0,0
76540,0,0,0
76541,0,0,0
76542,0.004,0.004,0.004
76543,0,0,0
76544,0,0,0
76545,0,0,0
76546,0,0,0
76547,0,0,0
76548,0,0,0
76549,0,0,0
76550,0,0,0
76551,0,0,0
76552,0,0,0
76553,0,0,0
76554,0.004,0.004,0.004
76555,0.01,0.01,0.01
76556,0.014,0.014,0.014
76557,0.018,0.018,0.018
76558,0.02,0.02,0.02
76559,0.018,0.018,0.018
76560,0.018,0.018,0.018
76561,0.052,0.052,0.052
76562,0.052,0.052,0.052
76563,0.052,0.052,0.052
76564,0.046,0.046,0.046
76565,0.044,0.044,0.044
76566,0.044,0.044,0.044
76567,0.05,0.05,0.05
76568,0.046,0.046,0.046
76569,0.044,0.044,0.044
76570,0.038,0.038,0.038
76571,0.038,0.038,0.038
76572,0.038,0.038,0.038
76573,0.048,0.048,0.048
76574,0.058,0.058,0.058
76575,0.068,0.068,0.068
76576,0.058,0.058,0.058
76577,0.054,0.054,0.054
76578,0.05,0.05,0.05
76579,0.072,0.072,0.072
76580,0.088,0.088,0.088
76581,0.11,0.11,0.11
76582,0.098,0.098,0.098
76583,0.112,0.112,0.112
76584,0.104,0.104,0.104
76585,0.134,0.134,0.134
76586,0.14,0.14,0.14
76587,0.122,0.122,0.122
76588,0.118,0.118,0.118
76589,0.12,0.12,0.12
76590,0.106,0.106,0.106
76591,0.072,0.072,0.072
76592,0.054,0.054,0.054
76593,0.054,0.054,0.054
76594,0.12,0.12,0.12
76595,0.168,0.168,0.168
76596,0.15,0.15,0.15
76597,0.128,0.128,0.128
76598,0.124,0.124,0.124
76599,0.146,0.146,0.146
76600,0.146,0.146,0.146
76601,0.144,0.144,0.144
76602,0.136,0.136,0.136
76603,0.132,0.132,0.132
76604,0.118,0.118,0.118
76605,0.13,0.13,0.13
76606,0.106,0.106,0.106
76607,0.116,0.116,0.116
76608,0.126,0.126,0.126
76609,0.12,0.12,0.12
76610,0.14,0.14,0.14
76611,0.126,0.126,0.126
76612,0.122,0.122,0.122
76613,0.118,0.118,0.118
76614,0.106,0.106,0.106
76615,0.118,0.118,0.118
76616,0.12,0.12,0.12
76617,0.108,0.108,0.108
76618,0.124,0.124,0.124
76619,0.126,0.126,0.126
76620,0.106,0.106,0.106
76621,0.098,0.098,0.098
76622,0.106,0.106,0.106
76623,0.116,0.116,0.116
76624,0.116,0.116,0.116
76625,0.13,0.13,0.13
76626,0.148,0.148,0.148
76627,0.154,0.154,0.154
76628,0.134,0.134,0.134
76629,0.154,0.154,0.154
76630,0.132,0.132,0.132
76631,0.126,0.126,0.126
76632,0.122,0.122,0.122
76633,0.134,0.134,0.134
76634,0.142,0.142,0.142
76635,0.136,0.136,0.136
76636,0.122,0.122,0.122
76637,0.16,0.16,0.16
76638,0.188,0.188,0.188
76639,0.154,0.154,0.154
76640,0.188,0.188,0.188
76641,0.17,0.17,0.17
76642,0.174,0.174,0.174
76643,0.17,0.17,0.17
76644,0.162,0.162,0.162
76645,0.158,0.158,0.158
76646,0.156,0.156,0.156
76647,0.164,0.164,0.164
76648,0.16,0.16,0.16
76649,0.164,0.164,0.164
76650,0.112,0.112,0.112
76651,0.154,0.154,0.154
76652,0.154,0.154,0.154
76653,0.154,0.154,0.154
76654,0.158,0.158,0.158
76655,0.156,0.156,0.156
76656,0.156,0.156,0.156
76657,0.16,0.16,0.16
76658,0.138,0.138,0.138
76659,0.15,0.15,0.15
76660,0.154,0.154,0.154
76661,0.162,0.162,0.162
76662,0.172,0.172,0.172
76663,0.17,0.17,0.17
76664,0.19,0.19,0.19
76665,0.23,0.23,0.23
76666,0.274,0.274,0.274
76667,0.246,0.246,0.246
76668,0.24,0.24,0.24
76669,0.276,0.276,0.276
76670,0.308,0.308,0.308
76671,0.248,0.248,0.248
76672,0.264,0.264,0.264
76673,0.262,0.262,0.262
76674,0.304,0.304,0.304
76675,0.302,0.302,0.302
76676,0.29,0.29,0.29
76677,0.246,0.246,0.246
76678,0.248,0.248,0.248
76679,0.244,0.244,0.244
76680,0.222,0.222,0.222
76681,0.228,0.228,0.228
76682,0.234,0.234,0.234
76683,0.238,0.238,0.238
76684,0.246,0.246,0.246
76685,0.242,0.242,0.242
76686,0.248,0.248,0.248
76687,0.238,0.238,0.238
76688,0.25,0.25,0.25
76689,0.248,0.248,0.248
